# title = Transverse Mass of W
# xlabel = $M_{\text{T},\text{W}}\,$[GeV]
# ylabel = $\frac{\text{d}\sigma}{\text{d}M_{\text{T},\text{W}}}\,\left[\frac{\text{fb}}{\text{GeV}}\right]$
# xmin=  0.000E+00
# xmax=  8.000E+02
# ymin=  1.000E-06
# ymax=  1.000E-02
# kmin=  0.000E+00
# kmax=  1.000E+02
# logscale = true
# Renormalization and factorization scale scaled by: 1.0000000000
# Renormalization scaled by: 1.0000000000
# Number of generated events: 1250200555
#
#=====================================================================================
# No.       Left      Right                   Value                   Error Hits
#-------------------------------------------------------------------------------------
   1       0.00      20.00  5.076480238718278E-04  3.238267097205016E-07 230773226
   2      20.00      40.00  6.767069314678514E-04  3.919703384159975E-07 277784703
   3      40.00      60.00  1.213939684794233E-03  5.860845477786994E-07 411985813
   4      60.00      80.00  3.836251129000753E-03  1.208825048278776E-06 980292586
   5      80.00     100.00  8.980850321354928E-04  6.291806920881689E-07 205649061
   6     100.00     120.00  3.590555270929350E-05  1.300732270022667E-07 7964226
   7     120.00     140.00  1.390667540583660E-05  7.637957345466982E-08 3111719
   8     140.00     160.00  7.326170244959337E-06  6.041191047510559E-08 1679600
   9     160.00     180.00  4.350817634361928E-06  4.300583141031614E-08 1061172
  10     180.00     200.00  2.842740689317603E-06  3.817421956181456E-08 734838
  11     200.00     220.00  1.986927590846397E-06  3.010886522258818E-08 541623
  12     220.00     240.00  1.406348120702930E-06  2.285925548802888E-08 418066
  13     240.00     260.00  9.762205260347163E-07  1.636695681005339E-08 335725
  14     260.00     280.00  7.376752764829703E-07  1.544343102353788E-08 275650
  15     280.00     300.00  5.986752832969536E-07  1.359878571203223E-08 231049
  16     300.00     320.00  4.427314159615641E-07  1.024218362022355E-08 197065
  17     320.00     340.00  3.474130999564674E-07  8.590009407198835E-09 171616
  18     340.00     360.00  2.926434182417035E-07  8.522134288795311E-09 150553
  19     360.00     380.00  2.426220101551855E-07  8.118627298171782E-09 133884
  20     380.00     400.00  1.896648645211958E-07  7.241678328722822E-09 119271
  21     400.00     420.00  1.587799057561472E-07  6.215069883073526E-09 107263
  22     420.00     440.00  1.285525198235392E-07  5.412120174617613E-09 98089
  23     440.00     460.00  1.044305568158567E-07  4.007827814382375E-09 89020
  24     460.00     480.00  8.696701467564189E-08  3.548994353608089E-09 81645
  25     480.00     500.00  8.035558142602573E-08  5.149709853915305E-09 75064
  26     500.00     520.00  6.359948735827285E-08  4.397992756743750E-09 69215
  27     520.00     540.00  5.780107355579541E-08  3.026538624602557E-09 64618
  28     540.00     560.00  4.767082007639436E-08  2.856210712258906E-09 59905
  29     560.00     580.00  3.995539415896086E-08  2.131421947157003E-09 55893
  30     580.00     600.00  3.125218264149391E-08  1.473943009683609E-09 52556
  31     600.00     620.00  2.941882502605952E-08  1.632763958719087E-09 48914
  32     620.00     640.00  2.495916330932642E-08  1.431472555629758E-09 46241
  33     640.00     660.00  2.099355031616067E-08  1.397330798713240E-09 43223
  34     660.00     680.00  1.724350285775472E-08  9.437291262387720E-10 40680
  35     680.00     700.00  1.634608519273300E-08  1.156692567256984E-09 38736
  36     700.00     720.00  1.459153649346289E-08  9.916828218703277E-10 36085
  37     720.00     740.00  1.187229779761632E-08  7.054797116085714E-10 34704
  38     740.00     760.00  1.125310791628715E-08  7.683362210973846E-10 32923
  39     760.00     780.00  9.246920110129608E-09  8.433025149947593E-10 31238
  40     780.00     800.00  8.249511257581259E-09  5.437111000582845E-10 29564
  41     800.00     820.00  8.451349321005135E-09  5.874918706394866E-10 28576
  42     820.00     840.00  7.424862944831659E-09  7.571488863930823E-10 27164
  43     840.00     860.00  6.605456830699730E-09  6.033053901176491E-10 25470
  44     860.00     880.00  5.556253011555360E-09  5.787172243522649E-10 24551
  45     880.00     900.00  5.030295302643633E-09  4.637263532850475E-10 23378
  46     900.00     920.00  4.834113848783048E-09  5.270462335554493E-10 22445
  47     920.00     940.00  4.490589584074745E-09  6.628089109305775E-10 21853
  48     940.00     960.00  3.745576005749731E-09  4.078041579130103E-10 20622
  49     960.00     980.00  4.088931709390392E-09  8.626370710344257E-10 19692
  50     980.00    1000.00  3.142114823438390E-09  3.438162389474231E-10 18546
  51    1000.00    1020.00  2.530665874930545E-09  2.693979100731973E-10 18324
  52    1020.00    1040.00  2.181386125787349E-09  2.108296975697437E-10 17465
  53    1040.00    1060.00  2.082170589560679E-09  2.158659367393319E-10 16997
  54    1060.00    1080.00  1.598086843122646E-09  1.598903544594606E-10 16065
  55    1080.00    1100.00  1.932457097490688E-09  2.689940468596188E-10 15608
  56    1100.00    1120.00  1.798965431693709E-09  2.696395180474693E-10 15015
  57    1120.00    1140.00  1.783813165405267E-09  5.258538847533472E-10 14303
  58    1140.00    1160.00  1.729097252715369E-09  2.123883756495606E-10 13946
  59    1160.00    1180.00  1.263317236861798E-09  1.469679193935398E-10 13380
  60    1180.00    1200.00  1.234030727063541E-09  1.662397450619212E-10 12788
  61    1200.00    1220.00  8.651481494663830E-10  8.293957318392497E-11 12327
  62    1220.00    1240.00  8.336802009743389E-10  1.115132611627698E-10 11808
  63    1240.00    1260.00  8.588497767568679E-10  1.427044018707464E-10 11472
  64    1260.00    1280.00  7.621563207396935E-10  1.265645490448145E-10 11219
  65    1280.00    1300.00  6.045954531505765E-10  6.875353455626239E-11 10751
  66    1300.00    1320.00  6.327701747661850E-10  9.391040889478458E-11 10279
  67    1320.00    1340.00  5.119220561333838E-10  5.980729548376833E-11 10048
  68    1340.00    1360.00  4.538615235852827E-10  6.822856658689195E-11 9849
  69    1360.00    1380.00  5.419541334926456E-10  1.179369719658668E-10 9306
  70    1380.00    1400.00  2.849159872174651E-10  3.468350574400325E-11 8959
  71    1400.00    1420.00  4.079009446635364E-10  6.060140448914768E-11 8876
  72    1420.00    1440.00  4.311423726681816E-10  9.328420327090226E-11 8534
  73    1440.00    1460.00  4.352526910639110E-10  7.887757819773108E-11 8201
  74    1460.00    1480.00  3.791011417421501E-10  6.877101407976733E-11 7874
  75    1480.00    1500.00  3.804267746197829E-10  7.960632580856229E-11 7824
  76    1500.00    1520.00  2.743046379696856E-10  6.269836365747690E-11 7543
  77    1520.00    1540.00  2.262405660840234E-10  4.843750153608663E-11 7251
  78    1540.00    1560.00  3.254701511627906E-10  8.781492057027349E-11 7017
  79    1560.00    1580.00  1.568009145090496E-10  2.351635024812475E-11 6836
  80    1580.00    1600.00  1.790348819549179E-10  2.574070315234550E-11 6562
  81    1600.00    1620.00  1.428684936780108E-10  2.062872439696907E-11 6361
  82    1620.00    1640.00  2.384343419970675E-10  5.314142206808172E-11 6254
  83    1640.00    1660.00  1.614588578519881E-10  5.452263705393252E-11 6054
  84    1660.00    1680.00  1.584284105075944E-10  2.858714441032068E-11 5848
  85    1680.00    1700.00  1.132065697905978E-10  1.771217888728827E-11 5594
  86    1700.00    1720.00  2.083424032940438E-10  7.483125412515240E-11 5313
  87    1720.00    1740.00  1.126545503190554E-10  2.260632491057768E-11 5436
  88    1740.00    1760.00  1.016929413171696E-10  1.611213034153073E-11 5232
  89    1760.00    1780.00  1.018369801500557E-10  1.817022353150450E-11 5062
  90    1780.00    1800.00  1.386427362760944E-10  4.125224855863764E-11 4875
  91    1800.00    1820.00  5.860435287167710E-11  8.942179155558405E-12 4810
  92    1820.00    1840.00  1.019265603741713E-10  1.955701413152304E-11 4597
  93    1840.00    1860.00  6.286743983585180E-11  1.099650357752845E-11 4435
  94    1860.00    1880.00  6.826937186404267E-11  1.831128835992044E-11 4369
  95    1880.00    1900.00  3.690788216845039E-11  6.930041010259999E-12 4229
  96    1900.00    1920.00  5.292188163067198E-11  1.130515545052266E-11 4114
  97    1920.00    1940.00  6.932206604454020E-11  1.445478791054690E-11 3908
  98    1940.00    1960.00  4.610305806712431E-11  7.971187797762729E-12 3930
  99    1960.00    1980.00  3.911507930620779E-11  1.104763813222893E-11 3876
 100    1980.00    2000.00  2.831725874549624E-11  6.844843709677474E-12 3604
 101    2000.00    2020.00  7.481949739426708E-11  2.806644131006416E-11 3630
 102    2020.00    2040.00  2.820319189759986E-11  5.899584269851342E-12 3503
 103    2040.00    2060.00  5.926761701696540E-11  2.334817470255062E-11 3343
 104    2060.00    2080.00  1.754272875970054E-11  2.976358841101700E-12 3300
 105    2080.00    2100.00  4.806545672968131E-11  1.229043587185459E-11 3183
 106    2100.00    2120.00  2.680675933919563E-11  8.772488725206233E-12 3173
 107    2120.00    2140.00  1.701075614293339E-11  3.359006277180333E-12 3044
 108    2140.00    2160.00  3.347568666979793E-11  1.771919182218871E-11 3043
 109    2160.00    2180.00  4.036647994404531E-11  1.385784692924057E-11 2891
 110    2180.00    2200.00  3.289008350540816E-11  1.075236857586136E-11 2870
 111    2200.00    2220.00  4.521712838414301E-11  1.508744149051366E-11 2789
 112    2220.00    2240.00  1.644348593314277E-11  3.885630814011940E-12 2713
 113    2240.00    2260.00  3.932134285478412E-11  1.488116925009345E-11 2580
 114    2260.00    2280.00  9.832722473784147E-12  2.272802611366543E-12 2695
 115    2280.00    2300.00  2.403878534743659E-11  7.969382579690811E-12 2500
 116    2300.00    2320.00  9.335587890323224E-12  2.968844955871736E-12 2464
 117    2320.00    2340.00  1.213101325483790E-11  3.658979885940342E-12 2408
 118    2340.00    2360.00  9.705018443860234E-12  2.366562712630252E-12 2282
 119    2360.00    2380.00  1.253099927994058E-11  7.224932972815060E-12 2176
 120    2380.00    2400.00  1.271570122716029E-11  4.747850115837251E-12 2109
 121    2400.00    2420.00  1.133841073103658E-11  2.802655495745790E-12 2225
 122    2420.00    2440.00  5.004713920619979E-12  1.336913323602386E-12 2112
 123    2440.00    2460.00  1.080511729587827E-11  3.900609773640963E-12 2070
 124    2460.00    2480.00  5.533437987307649E-12  1.471498670938128E-12 2008
 125    2480.00    2500.00  8.155587378409109E-12  2.549348737816533E-12 1935
 126    2500.00    2520.00  6.202228017082466E-12  1.620345899693603E-12 1856
 127    2520.00    2540.00  4.879915800466394E-12  1.496997480756692E-12 1854
 128    2540.00    2560.00  5.939399207693566E-12  1.947769847868564E-12 1814
 129    2560.00    2580.00  5.769327464305149E-12  1.501971369234267E-12 1829
 130    2580.00    2600.00  4.038059184010700E-12  8.935445407476715E-13 1722
 131    2600.00    2620.00  5.141089044229891E-12  3.305451162202278E-12 1738
 132    2620.00    2640.00  5.647168675995611E-12  2.079461420824683E-12 1664
 133    2640.00    2660.00  8.961240728961515E-12  5.615861213577861E-12 1627
 134    2660.00    2680.00  8.279067444905662E-12  2.914410387075797E-12 1574
 135    2680.00    2700.00  3.986199696662342E-12  1.458510736471235E-12 1478
 136    2700.00    2720.00  4.748219757092289E-12  2.477309001357933E-12 1481
 137    2720.00    2740.00  2.097385418672358E-12  6.021087505726228E-13 1515
 138    2740.00    2760.00  2.553912997568335E-12  5.256153914253098E-13 1445
 139    2760.00    2780.00  2.780697979241921E-12  7.763072859100736E-13 1375
 140    2780.00    2800.00  1.046974755968739E-11  6.912432131189239E-12 1410
 141    2800.00    2820.00  3.239777233459241E-12  1.281230373019666E-12 1306
 142    2820.00    2840.00  7.226935877393256E-12  5.053583383381485E-12 1304
 143    2840.00    2860.00  2.001271634406700E-12  5.752933738039412E-13 1256
 144    2860.00    2880.00  1.755364441150048E-12  6.710650558528419E-13 1342
 145    2880.00    2900.00  2.671658179910876E-12  1.048177807423339E-12 1247
 146    2900.00    2920.00  2.278771362773540E-12  1.438566552581610E-12 1180
 147    2920.00    2940.00  4.169823410192902E-12  1.574345467370445E-12 1188
 148    2940.00    2960.00  4.005741158882743E-12  3.234001242711998E-12 1152
 149    2960.00    2980.00  3.241887079944034E-13  7.022149655120104E-14 1075
 150    2980.00    3000.00  8.447615885547396E-13  2.827661135323234E-13 1076
 151    3000.00    3020.00  3.766656327473771E-12  3.034473630720875E-12 1029
 152    3020.00    3040.00  9.432761420478122E-12  4.657186360613321E-12 1067
 153    3040.00    3060.00  9.905395898888472E-13  3.941182428934589E-13 1027
 154    3060.00    3080.00  2.808124225972947E-12  2.416450445663390E-12 1034
 155    3080.00    3100.00  2.008042151062954E-12  1.279932322912682E-12 972
 156    3100.00    3120.00  2.966736489146364E-12  1.268594321684028E-12 939
 157    3120.00    3140.00  2.030302483594373E-12  1.026373112349201E-12 985
 158    3140.00    3160.00  2.841911953350832E-13  6.541074944328570E-14 910
 159    3160.00    3180.00  1.670753845999318E-12  7.404776377276556E-13 894
 160    3180.00    3200.00  1.478875828013002E-12  1.012103394207298E-12 855
 161    3200.00    3220.00  1.958973199799226E-12  1.258572016028304E-12 865
 162    3220.00    3240.00  8.704763706561693E-13  4.771542464533709E-13 844
 163    3240.00    3260.00  3.589512482832198E-13  1.328079328401852E-13 864
 164    3260.00    3280.00  9.007483324498164E-13  4.378965362536647E-13 820
 165    3280.00    3300.00  2.414095057374161E-13  6.047669617383473E-14 797
 166    3300.00    3320.00  1.499605157637202E-12  1.108983142510366E-12 808
 167    3320.00    3340.00  1.329390671131490E-12  5.994795905580625E-13 755
 168    3340.00    3360.00  9.116236826934667E-13  3.503182211239863E-13 755
 169    3360.00    3380.00  4.213754156896085E-13  2.851927311115053E-13 685
 170    3380.00    3400.00  3.529363137046137E-13  1.229509392645730E-13 720
 171    3400.00    3420.00  5.666348302388045E-13  2.653981678602465E-13 649
 172    3420.00    3440.00  3.519956186964302E-13  1.433255298215548E-13 653
 173    3440.00    3460.00  6.893043294118493E-13  4.435358287677969E-13 696
 174    3460.00    3480.00  1.980046069588376E-12  1.796401435194530E-12 681
 175    3480.00    3500.00  3.079688001994762E-13  9.964957720407307E-14 680
 176    3500.00    3520.00  2.486139309335492E-13  8.144377403409359E-14 617
 177    3520.00    3540.00  2.758196295071736E-13  1.151368764425848E-13 605
 178    3540.00    3560.00  1.917561163140466E-13  7.585868330499967E-14 539
 179    3560.00    3580.00  1.177671229995103E-12  9.174626946405782E-13 552
 180    3580.00    3600.00  3.778853537122558E-13  1.340935054757677E-13 604
 181    3600.00    3620.00  1.034156655835149E-12  5.748122164283696E-13 543
 182    3620.00    3640.00  2.848486327578266E-13  1.393521105131264E-13 507
 183    3640.00    3660.00  1.707579713738682E-13  5.037367253746602E-14 533
 184    3660.00    3680.00  2.623115954729219E-13  9.948613970317368E-14 511
 185    3680.00    3700.00  1.129462858916797E-12  9.661590678202386E-13 510
 186    3700.00    3720.00  2.761270859981205E-13  1.250715770195144E-13 502
 187    3720.00    3740.00  1.350819597125072E-13  7.993769743360996E-14 493
 188    3740.00    3760.00  1.252632161843104E-13  4.801071899950609E-14 493
 189    3760.00    3780.00  6.829938408566970E-14  2.032283909604825E-14 488
 190    3780.00    3800.00  2.815625393439928E-13  1.667762791158456E-13 449
 191    3800.00    3820.00  1.185998506560201E-13  4.945908226951360E-14 477
 192    3820.00    3840.00  2.379516611531761E-14  9.492977457108884E-15 435
 193    3840.00    3860.00  1.774441669410548E-13  1.221502253821392E-13 436
 194    3860.00    3880.00  1.472166110618983E-13  6.942781926847009E-14 416
 195    3880.00    3900.00  2.870589364603975E-13  2.206144766462762E-13 421
 196    3900.00    3920.00  4.005715481988721E-14  1.546854430426149E-14 408
 197    3920.00    3940.00  3.793692244761343E-13  1.885965063587216E-13 413
 198    3940.00    3960.00  1.760322644122718E-13  1.117141143287304E-13 384
 199    3960.00    3980.00  4.616354106227528E-14  3.078343429478235E-14 373
 200    3980.00    4000.00  2.444441462160745E-13  2.089974789172804E-13 384
 201    4000.00    4020.00  2.413957259415451E-14  7.688748797629763E-15 365
 202    4020.00    4040.00  1.447507831349368E-13  1.049508108521045E-13 372
 203    4040.00    4060.00  3.109327637870223E-14  1.808438314318827E-14 361
 204    4060.00    4080.00  9.008717717087143E-14  3.496719704540035E-14 338
 205    4080.00    4100.00  1.220490558056480E-13  8.418876404881052E-14 324
 206    4100.00    4120.00  3.982406865826042E-14  1.389091900762302E-14 370
 207    4120.00    4140.00  5.789827999766568E-13  4.029412507160694E-13 332
 208    4140.00    4160.00  2.281454394471622E-13  1.956166740310751E-13 333
 209    4160.00    4180.00  3.597810741507080E-14  1.661000981232040E-14 315
 210    4180.00    4200.00  3.498996051260260E-14  1.710026032459562E-14 313
 211    4200.00    4220.00  2.261369104462902E-14  7.026710361878349E-15 286
 212    4220.00    4240.00  1.208394799594250E-13  6.206850726781508E-14 307
 213    4240.00    4260.00  1.983362216929131E-14  6.893451183611159E-15 288
 214    4260.00    4280.00  8.643423518872869E-14  6.413345000709057E-14 295
 215    4280.00    4300.00  1.572908288912024E-13  1.070313200503336E-13 300
 216    4300.00    4320.00  2.271775103812173E-13  1.944485103103479E-13 296
 217    4320.00    4340.00  8.037930549642614E-15  3.654798651389906E-15 272
 218    4340.00    4360.00  2.044733575609803E-14  8.412756242842687E-15 230
 219    4360.00    4380.00  2.049222903730155E-14  7.079779788843752E-15 243
 220    4380.00    4400.00  1.157344356249475E-14  4.458018286800855E-15 269
 221    4400.00    4420.00  1.413442912710223E-14  8.270205006196277E-15 219
 222    4420.00    4440.00  3.975081676160924E-14  2.491340205502507E-14 213
 223    4440.00    4460.00  1.012771344303955E-14  4.425782025523975E-15 240
 224    4460.00    4480.00  9.203581555783010E-14  6.961553416055616E-14 238
 225    4480.00    4500.00  7.660726908713578E-15  2.956824167198709E-15 226
 226    4500.00    4520.00  1.565831501494022E-14  9.818977504529391E-15 224
 227    4520.00    4540.00  2.209758836280665E-14  1.522419205283456E-14 209
 228    4540.00    4560.00  2.459439281025264E-14  1.214967717148730E-14 207
 229    4560.00    4580.00  2.532922360292870E-14  1.319152288595945E-14 236
 230    4580.00    4600.00  4.453592051712265E-14  2.393325129536195E-14 221
 231    4600.00    4620.00  1.833086980639276E-14  1.217296683939782E-14 194
 232    4620.00    4640.00  6.471745956479050E-15  2.706721666615042E-15 207
 233    4640.00    4660.00  6.024889897681090E-15  2.092795247758467E-15 201
 234    4660.00    4680.00  1.073371274326908E-14  5.917167622462954E-15 174
 235    4680.00    4700.00  1.376930619707789E-14  8.031407205122870E-15 179
 236    4700.00    4720.00  4.117654990247925E-15  1.405129636403723E-15 192
 237    4720.00    4740.00  4.654871338531737E-15  1.857391822566172E-15 180
 238    4740.00    4760.00  1.324070992271229E-14  7.031595461279981E-15 170
 239    4760.00    4780.00  3.652366244431326E-15  1.744366562006961E-15 173
 240    4780.00    4800.00  1.400509916002705E-15  5.727685463421481E-16 183
 241    4800.00    4820.00  1.878215896206628E-14  1.491541179566428E-14 183
 242    4820.00    4840.00  3.053135174563277E-15  1.159231473471227E-15 179
 243    4840.00    4860.00  2.206625666961628E-14  1.957367359581101E-14 177
 244    4860.00    4880.00  1.100363390264998E-14  4.640030449490198E-15 160
 245    4880.00    4900.00  6.332412568677010E-15  5.499007208537421E-15 156
 246    4900.00    4920.00  8.000864597017239E-15  6.218151438542373E-15 171
 247    4920.00    4940.00  3.973109297300571E-15  3.019468921485873E-15 147
 248    4940.00    4960.00  5.153844393938948E-15  2.645083821128250E-15 156
 249    4960.00    4980.00  8.326559956161601E-16  4.644272437816230E-16 131
 250    4980.00    5000.00  6.232387729946993E-15  4.085010422383888E-15 157
 251    5000.00    5020.00  1.233843932794706E-15  5.632418904297060E-16 135
 252    5020.00    5040.00  3.203680370867310E-15  1.568542955655791E-15 146
 253    5040.00    5060.00  1.389767314973842E-15  6.936561469487682E-16 133
 254    5060.00    5080.00  2.460027761351148E-15  1.548351462705473E-15 125
 255    5080.00    5100.00  5.465550634118799E-14  5.226496707608561E-14 114
 256    5100.00    5120.00  4.929486621782136E-16  1.603184316723056E-16 119
 257    5120.00    5140.00  3.793574724194983E-15  1.975127888276575E-15 139
 258    5140.00    5160.00  4.931439936392199E-14  3.542033927283256E-14 117
 259    5160.00    5180.00  6.397326132345076E-14  6.182542487826108E-14 120
 260    5180.00    5200.00  5.705625766422092E-14  5.284319927095572E-14 128
 261    5200.00    5220.00  6.884957408816298E-16  3.283160452729884E-16 99
 262    5220.00    5240.00  7.917273990850119E-16  4.164176429589993E-16 113
 263    5240.00    5260.00  3.661889682326349E-15  2.669035413136097E-15 117
 264    5260.00    5280.00  2.517443611112556E-15  1.784318509266753E-15 114
 265    5280.00    5300.00  6.159039261563796E-15  5.975115892172307E-15 110
 266    5300.00    5320.00  7.393682454551111E-15  5.859357997587312E-15 101
 267    5320.00    5340.00  1.460626002746920E-15  8.375814919459317E-16 99
 268    5340.00    5360.00  1.526275306256972E-16  8.622009726946071E-17 85
 269    5360.00    5380.00  2.753664335203119E-15  2.502214640014458E-15 110
 270    5380.00    5400.00  2.196069636840004E-15  1.594597195117131E-15 92
 271    5400.00    5420.00  2.869083246901004E-15  1.490943694488253E-15 109
 272    5420.00    5440.00  1.895263535912995E-15  1.264073693481111E-15 90
 273    5440.00    5460.00  1.826261597293828E-16  8.352373973164557E-17 82
 274    5460.00    5480.00  2.592067446699979E-16  1.161357846797137E-16 86
 275    5480.00    5500.00  3.585041654802288E-15  2.779634793621782E-15 82
 276    5500.00    5520.00  1.281187386089494E-16  8.512082714367416E-17 63
 277    5520.00    5540.00  1.828594699647990E-16  7.533755782775412E-17 74
 278    5540.00    5560.00  6.202180344585715E-16  4.144223380967125E-16 79
 279    5560.00    5580.00  2.342312532374476E-16  8.871621241794642E-17 89
 280    5580.00    5600.00  1.497704686905684E-14  1.456037510647926E-14 65
 281    5600.00    5620.00  1.831550107842615E-16  1.433950888275545E-16 65
 282    5620.00    5640.00  1.418629428335952E-16  9.164790029290994E-17 73
 283    5640.00    5660.00  5.632767036704208E-16  3.622683215282455E-16 70
 284    5660.00    5680.00  2.911856109834137E-16  1.174068967099876E-16 63
 285    5680.00    5700.00  2.891785639924939E-15  2.005951926769659E-15 73
 286    5700.00    5720.00  1.205944491458526E-16  5.189630864883848E-17 64
 287    5720.00    5740.00  1.007838068240456E-16  4.860153429847597E-17 52
 288    5740.00    5760.00  8.976819533747628E-16  5.965468435007691E-16 72
 289    5760.00    5780.00  2.591922199439815E-15  2.430404297965232E-15 75
 290    5780.00    5800.00  7.105926571040122E-17  2.833357192031140E-17 57
 291    5800.00    5820.00  1.531178016124532E-16  7.120038244256360E-17 70
 292    5820.00    5840.00  1.181741779815601E-15  1.072140108666831E-15 46
 293    5840.00    5860.00  2.243643581748261E-15  1.692124504277914E-15 62
 294    5860.00    5880.00  4.682312991409926E-16  2.680910515831145E-16 70
 295    5880.00    5900.00  5.472082288736914E-15  5.349754319073606E-15 49
 296    5900.00    5920.00  2.106549663195798E-16  1.139533142109679E-16 63
 297    5920.00    5940.00  4.030214143467230E-16  1.866190086010586E-16 56
 298    5940.00    5960.00  1.045844023162635E-15  7.661179542618691E-16 54
 299    5960.00    5980.00  8.122841377060466E-17  5.170135056012305E-17 60
 300    5980.00    6000.00  1.152930075549870E-15  9.277839350222951E-16 45
 301    6000.00    6020.00  1.868183897226798E-16  1.158439596995627E-16 47
 302    6020.00    6040.00  3.320531526257987E-16  2.323737271797673E-16 52
 303    6040.00    6060.00  7.722185712902786E-16  7.302010875240252E-16 52
 304    6060.00    6080.00  2.843448894311561E-16  2.249690928868383E-16 51
 305    6080.00    6100.00  4.964765320595043E-18  2.570464311112547E-18 31
 306    6100.00    6120.00  4.347880147034362E-18  1.808783973277399E-18 30
 307    6120.00    6140.00  5.188535241683411E-16  3.402220421111800E-16 50
 308    6140.00    6160.00  3.587413838238277E-16  3.057636031984996E-16 41
 309    6160.00    6180.00  2.272760980432732E-17  1.355201016117518E-17 46
 310    6180.00    6200.00  4.640678455909421E-16  3.912647910733200E-16 38
 311    6200.00    6220.00  1.348059138241839E-16  8.659980262723289E-17 44
 312    6220.00    6240.00  4.891251009038684E-17  3.493103605941943E-17 56
 313    6240.00    6260.00  2.556506273372090E-15  2.550430977547803E-15 50
 314    6260.00    6280.00  4.904986930068957E-16  4.267291693652115E-16 38
 315    6280.00    6300.00  1.737115117174451E-17  9.107395034678422E-18 42
 316    6300.00    6320.00  8.529891077483454E-17  7.953445111752070E-17 35
 317    6320.00    6340.00  1.029856346251145E-15  8.614629347646198E-16 41
 318    6340.00    6360.00  2.167920896702525E-15  2.117717931538756E-15 27
 319    6360.00    6380.00  1.633338040887268E-17  1.029434920812661E-17 32
 320    6380.00    6400.00  2.184897603130963E-16  1.969801106205845E-16 38
 321    6400.00    6420.00  1.580987726334070E-16  1.010405073561170E-16 40
 322    6420.00    6440.00  2.481870790271131E-17  1.915580489960934E-17 21
 323    6440.00    6460.00  1.062915081071764E-16  6.728098569301625E-17 39
 324    6460.00    6480.00  4.683404319382385E-17  2.850952822222486E-17 40
 325    6480.00    6500.00  4.385413856043342E-18  3.375778420064657E-18 24
 326    6500.00    6520.00  2.958602689447413E-17  1.872012587787779E-17 32
 327    6520.00    6540.00  3.612698836644501E-17  2.775844212297961E-17 35
 328    6540.00    6560.00  1.102524971925140E-17  6.815000553859068E-18 37
 329    6560.00    6580.00  7.192582397527215E-18  2.830701903205126E-18 36
 330    6580.00    6600.00  8.050487306591429E-17  5.675700048502082E-17 24
 331    6600.00    6620.00  1.469403473178622E-16  1.395634524041331E-16 26
 332    6620.00    6640.00  6.948053690448046E-17  6.552538974059044E-17 31
 333    6640.00    6660.00  1.820730483627851E-16  1.796794593078547E-16 32
 334    6660.00    6680.00  1.409144752341070E-18  1.058244603712398E-18 21
 335    6680.00    6700.00  3.522526318384026E-17  2.062010102367163E-17 30
 336    6700.00    6720.00  9.440998879410037E-17  7.555097485983466E-17 16
 337    6720.00    6740.00  4.327143984715046E-17  4.187117252023096E-17 26
 338    6740.00    6760.00  2.865954957745386E-17  1.590194079990937E-17 28
 339    6760.00    6780.00  1.285345400016368E-16  1.196696488021476E-16 22
 340    6780.00    6800.00  1.205197977663203E-17  9.119787098089837E-18 22
 341    6800.00    6820.00  2.049702726661190E-17  1.090463077216517E-17 25
 342    6820.00    6840.00  2.060771157737898E-17  1.439301090335846E-17 23
 343    6840.00    6860.00  1.537446096047026E-17  1.010810002136561E-17 12
 344    6860.00    6880.00  7.377166909157270E-17  7.065599292164525E-17 24
 345    6880.00    6900.00  7.606740037823893E-18  5.721970430339151E-18 27
 346    6900.00    6920.00  1.243012004976710E-17  1.178296088372647E-17 18
 347    6920.00    6940.00  3.458315927607585E-17  2.340291537069338E-17 26
 348    6940.00    6960.00  5.172340535615136E-19  2.959600457296956E-19 19
 349    6960.00    6980.00  1.410663051815632E-18  1.142262624033195E-18 12
 350    6980.00    7000.00  1.142686463479620E-15  1.107662738513842E-15 21
 351    7000.00    7020.00  2.072861149357957E-17  1.980430246428957E-17 21
 352    7020.00    7040.00  1.533798676938293E-18  1.146690882217360E-18 13
 353    7040.00    7060.00  1.316237316067260E-16  1.278408690255070E-16 20
 354    7060.00    7080.00  2.238707032413267E-18  1.612827104774673E-18 13
 355    7080.00    7100.00  2.869546803641479E-18  1.748670673221213E-18 21
 356    7100.00    7120.00  2.848208408790562E-18  2.111088075226471E-18 16
 357    7120.00    7140.00  1.187291597506300E-18  7.970023982776034E-19 18
 358    7140.00    7160.00  1.833811439031093E-17  1.503605353038416E-17 19
 359    7160.00    7180.00  1.519477277952720E-18  8.824764333708874E-19 13
 360    7180.00    7200.00  9.785393161386296E-19  6.519853042759622E-19 17
 361    7200.00    7220.00  1.307643324687206E-17  1.072091255390379E-17 18
 362    7220.00    7240.00  6.519552592808758E-19  4.309248197717744E-19 17
 363    7240.00    7260.00  3.038437649469859E-19  1.651655276698985E-19 16
 364    7260.00    7280.00  9.226471407083720E-19  7.327226728889991E-19 11
 365    7280.00    7300.00  3.354303124965984E-17  3.136387873086867E-17 16
 366    7300.00    7320.00  1.904367305270132E-19  1.668375415988168E-19 10
 367    7320.00    7340.00  8.412319023015100E-19  7.344309504246154E-19 10
 368    7340.00    7360.00  3.038439776552175E-17  2.139679063920565E-17 14
 369    7360.00    7380.00  3.718101292080565E-18  2.334585135240532E-18 13
 370    7380.00    7400.00  1.546620992568994E-19  1.070603077370290E-19 11
 371    7400.00    7420.00  9.287978436026676E-19  5.282351308028772E-19 15
 372    7420.00    7440.00  2.260480335825961E-18  1.821024281113311E-18 12
 373    7440.00    7460.00  1.529050172695340E-19  1.417411843691788E-19 12
 374    7460.00    7480.00  1.351637197068008E-18  9.900446639595054E-19 10
 375    7480.00    7500.00  1.420614405302416E-17  1.420274812419089E-17 7
 376    7500.00    7520.00  1.215076708636088E-19  1.027364204782121E-19 9
 377    7520.00    7540.00  1.806725490602035E-17  1.767705643328918E-17 14
 378    7540.00    7560.00  7.394120370235281E-22  4.102111918221431E-22 8
 379    7560.00    7580.00  2.316064424681038E-19  2.092532582239641E-19 7
 380    7580.00    7600.00  1.891198595537178E-18  1.412501388069728E-18 11
 381    7600.00    7620.00  3.320112861821353E-19  2.405251025550439E-19 10
 382    7620.00    7640.00  4.464354608435710E-18  3.322419758788419E-18 9
 383    7640.00    7660.00  2.142014667962227E-18  1.765188242264613E-18 11
 384    7660.00    7680.00  2.315998497857367E-19  1.629536098858031E-19 13
 385    7680.00    7700.00  3.875538276838924E-19  3.298951406587530E-19 11
 386    7700.00    7720.00  1.677848443752836E-18  1.173757095792968E-18 10
 387    7720.00    7740.00  1.093669944820392E-18  8.988542352527117E-19 10
 388    7740.00    7760.00  1.890322791250660E-19  1.511779080714706E-19 11
 389    7760.00    7780.00  7.978569705895279E-20  5.288735430714111E-20 6
 390    7780.00    7800.00  3.386079424591244E-20  3.363866408677842E-20 8
 391    7800.00    7820.00  3.502202797326960E-19  3.184877828503258E-19 10
 392    7820.00    7840.00  2.010246303748481E-20  1.350601038675091E-20 9
 393    7840.00    7860.00  5.628636649064162E-21  4.039144546493180E-21 8
 394    7860.00    7880.00  3.935488716308172E-19  3.434267233803978E-19 6
 395    7880.00    7900.00  1.147100188130675E-19  1.146986821722508E-19 6
 396    7900.00    7920.00  7.653762221381797E-19  7.624566369159776E-19 5
 397    7920.00    7940.00  2.579969633653229E-20  2.390427489531772E-20 6
 398    7940.00    7960.00  2.011334737230205E-19  2.007006907853919E-19 4
 399    7960.00    7980.00  1.096933327008772E-19  1.084086274056813E-19 6
 400    7980.00    8000.00  4.695300086750307E-20  4.356752688688425E-20 6
 401    8000.00    8020.00  2.363115944651035E-20  1.674976753322887E-20 5
 402    8020.00    8040.00  9.852780505841502E-19  7.188340424504172E-19 7
 403    8040.00    8060.00  3.574581295651961E-18  3.526472864655643E-18 5
 404    8060.00    8080.00  1.875833203648505E-18  1.685134086570274E-18 11
 405    8080.00    8100.00  4.312939006515182E-19  4.236212247343458E-19 5
 406    8100.00    8120.00  3.904436226871638E-19  2.300102886304634E-19 6
 407    8120.00    8140.00  0.000000000000000E+00  0.000000000000000E+00 0
 408    8140.00    8160.00  2.122507532810276E-20  2.122045258984846E-20 3
 409    8160.00    8180.00  5.923823348305235E-19  5.922856190654875E-19 2
 410    8180.00    8200.00  1.225147592615620E-20  9.636020023030461E-21 2
 411    8200.00    8220.00  7.585916980104714E-19  7.556231726027133E-19 5
 412    8220.00    8240.00  2.854535981175499E-21  2.391503877518937E-21 5
 413    8240.00    8260.00  1.044877621046316E-19  1.044758412079594E-19 3
 414    8260.00    8280.00  8.804666257717549E-20  8.771793165042145E-20 4
 415    8280.00    8300.00  9.292823358072372E-22  8.568238296088342E-22 2
 416    8300.00    8320.00  2.432716338792616E-21  1.936775996267071E-21 5
 417    8320.00    8340.00  3.611009667703884E-21  3.316009996496363E-21 4
 418    8340.00    8360.00  1.736932902148088E-19  1.205840220288376E-19 4
 419    8360.00    8380.00  8.797897254855127E-21  7.903930319103729E-21 7
 420    8380.00    8400.00  4.709475716331083E-21  4.639528619213924E-21 5
 421    8400.00    8420.00  4.458165084189906E-17  4.405112956738242E-17 6
 422    8420.00    8440.00  3.183265505119535E-19  3.182347011078322E-19 5
 423    8440.00    8460.00  9.090377582179804E-21  9.090377567780947E-21 1
 424    8460.00    8480.00  3.084398265620846E-19  3.084288472740722E-19 2
 425    8480.00    8500.00  2.017500706415219E-19  2.017500705127241E-19 2
 426    8500.00    8520.00  4.356462734134317E-21  4.326575843280153E-21 2
 427    8520.00    8540.00  1.800698780357892E-19  1.249830061363386E-19 6
 428    8540.00    8560.00  0.000000000000000E+00  0.000000000000000E+00 0
 429    8560.00    8580.00  1.072069317948721E-20  7.843511068260016E-21 4
 430    8580.00    8600.00  7.574101837905387E-20  7.528458169715736E-20 3
 431    8600.00    8620.00  1.434261073744622E-18  9.940582114202605E-19 8
 432    8620.00    8640.00  5.160163680234425E-20  5.143310084034066E-20 4
 433    8640.00    8660.00  6.009417430878768E-23  6.009417427162438E-23 1
 434    8660.00    8680.00  1.196625576917804E-24  1.196625576177169E-24 1
 435    8680.00    8700.00  3.953520280994026E-21  3.759897147272364E-21 6
 436    8700.00    8720.00  3.797714263233640E-19  3.720880100068615E-19 5
 437    8720.00    8740.00  7.976917126942176E-21  7.976863888844506E-21 2
 438    8740.00    8760.00  9.042449055330172E-22  6.784560824259472E-22 2
 439    8760.00    8780.00  4.329890304661663E-28  4.329890301015479E-28 1
 440    8780.00    8800.00  1.762153946779053E-21  1.749445128036184E-21 2
 441    8800.00    8820.00  2.981082549727484E-22  2.981082547745765E-22 1
 442    8820.00    8840.00  1.397087527138823E-23  1.394291471077158E-23 2
 443    8840.00    8860.00  3.723636425900471E-23  3.723636423770023E-23 1
 444    8860.00    8880.00  6.268312047767483E-20  6.257695166171588E-20 4
 445    8880.00    8900.00  0.000000000000000E+00  0.000000000000000E+00 0
 446    8900.00    8920.00  3.167943340533726E-23  2.735676822005163E-23 3
 447    8920.00    8940.00  5.508001657921486E-20  4.277663392182345E-20 5
 448    8940.00    8960.00  0.000000000000000E+00  0.000000000000000E+00 0
 449    8960.00    8980.00  0.000000000000000E+00  0.000000000000000E+00 0
 450    8980.00    9000.00  1.373742461748767E-20  1.035996409999421E-20 3
 451    9000.00    9020.00  0.000000000000000E+00  0.000000000000000E+00 0
 452    9020.00    9040.00  0.000000000000000E+00  0.000000000000000E+00 0
 453    9040.00    9060.00  9.573340277638980E-18  9.573340262475125E-18 1
 454    9060.00    9080.00  1.973475918887747E-28  1.973475917715095E-28 1
 455    9080.00    9100.00  7.340394954636812E-22  6.423586596818805E-22 4
 456    9100.00    9120.00  1.305625650789954E-20  1.305625649858571E-20 1
 457    9120.00    9140.00  6.954248453201010E-22  6.954248442834719E-22 1
 458    9140.00    9160.00  1.052000195345722E-20  1.050465356398324E-20 4
 459    9160.00    9180.00  0.000000000000000E+00  0.000000000000000E+00 0
 460    9180.00    9200.00  1.521946154677634E-18  1.477753483813524E-18 3
 461    9200.00    9220.00  0.000000000000000E+00  0.000000000000000E+00 0
 462    9220.00    9240.00  0.000000000000000E+00  0.000000000000000E+00 0
 463    9240.00    9260.00  1.111789206753468E-20  1.110780219422113E-20 4
 464    9260.00    9280.00  0.000000000000000E+00  0.000000000000000E+00 0
 465    9280.00    9300.00  2.011820935475904E-28  2.011820933781757E-28 1
 466    9300.00    9320.00  1.029206876971911E-19  8.723899589967813E-20 2
 467    9320.00    9340.00  0.000000000000000E+00  0.000000000000000E+00 0
 468    9340.00    9360.00  1.970231229190918E-21  1.970035675119422E-21 2
 469    9360.00    9380.00  0.000000000000000E+00  0.000000000000000E+00 0
 470    9380.00    9400.00  0.000000000000000E+00  0.000000000000000E+00 0
 471    9400.00    9420.00  0.000000000000000E+00  0.000000000000000E+00 0
 472    9420.00    9440.00  3.872081437795705E-22  3.872027705753935E-22 3
 473    9440.00    9460.00  8.586460933122067E-25  8.586460917434180E-25 1
 474    9460.00    9480.00  5.967866931554981E-23  5.967866928140514E-23 1
 475    9480.00    9500.00  8.426819998306744E-22  5.970248395256555E-22 4
 476    9500.00    9520.00  1.704001079222114E-28  1.704001077756821E-28 1
 477    9520.00    9540.00  3.417479114593254E-21  3.417473714282359E-21 3
 478    9540.00    9560.00  0.000000000000000E+00  0.000000000000000E+00 0
 479    9560.00    9580.00  0.000000000000000E+00  0.000000000000000E+00 0
 480    9580.00    9600.00  0.000000000000000E+00  0.000000000000000E+00 0
 481    9600.00    9620.00  2.477731964789607E-25  2.477731963058033E-25 1
 482    9620.00    9640.00  0.000000000000000E+00  0.000000000000000E+00 0
 483    9640.00    9660.00  0.000000000000000E+00  0.000000000000000E+00 0
 484    9660.00    9680.00  2.598772450919414E-22  2.598772449222018E-22 1
 485    9680.00    9700.00  1.980178382617604E-20  1.974220940194921E-20 3
 486    9700.00    9720.00  0.000000000000000E+00  0.000000000000000E+00 0
 487    9720.00    9740.00  0.000000000000000E+00  0.000000000000000E+00 0
 488    9740.00    9760.00  9.463653095257288E-20  9.461854746684104E-20 2
 489    9760.00    9780.00  5.156613115032034E-21  5.156613107701134E-21 1
 490    9780.00    9800.00  0.000000000000000E+00  0.000000000000000E+00 0
 491    9800.00    9820.00  0.000000000000000E+00  0.000000000000000E+00 0
 492    9820.00    9840.00  4.956934333896808E-23  4.956934331058415E-23 1
 493    9840.00    9860.00  0.000000000000000E+00  0.000000000000000E+00 0
 494    9860.00    9880.00  0.000000000000000E+00  0.000000000000000E+00 0
 495    9880.00    9900.00  0.000000000000000E+00  0.000000000000000E+00 0
 496    9900.00    9920.00  7.003826612919790E-29  7.003826608782826E-29 1
 497    9920.00    9940.00  0.000000000000000E+00  0.000000000000000E+00 0
 498    9940.00    9960.00  1.773389899365396E-23  1.773389898350765E-23 1
 499    9960.00    9980.00  0.000000000000000E+00  0.000000000000000E+00 0
 500    9980.00   10000.00  0.000000000000000E+00  0.000000000000000E+00 0
 501   10000.00   10020.00  0.000000000000000E+00  0.000000000000000E+00 0
 502   10020.00   10040.00  3.922141441060542E-21  3.880075763272667E-21 3
 503   10040.00   10060.00  7.141154006028126E-23  7.141154001701736E-23 1
 504   10060.00   10080.00  0.000000000000000E+00  0.000000000000000E+00 0
 505   10080.00   10100.00  0.000000000000000E+00  0.000000000000000E+00 0
 506   10100.00   10120.00  0.000000000000000E+00  0.000000000000000E+00 0
 507   10120.00   10140.00  0.000000000000000E+00  0.000000000000000E+00 0
 508   10140.00   10160.00  0.000000000000000E+00  0.000000000000000E+00 0
 509   10160.00   10180.00  0.000000000000000E+00  0.000000000000000E+00 0
 510   10180.00   10200.00  0.000000000000000E+00  0.000000000000000E+00 0
 511   10200.00   10220.00  0.000000000000000E+00  0.000000000000000E+00 0
 512   10220.00   10240.00  3.762194101127211E-21  3.762194098457042E-21 1
 513   10240.00   10260.00  0.000000000000000E+00  0.000000000000000E+00 0
 514   10260.00   10280.00  0.000000000000000E+00  0.000000000000000E+00 0
 515   10280.00   10300.00  0.000000000000000E+00  0.000000000000000E+00 0
 516   10300.00   10320.00  0.000000000000000E+00  0.000000000000000E+00 0
 517   10320.00   10340.00  0.000000000000000E+00  0.000000000000000E+00 0
 518   10340.00   10360.00  0.000000000000000E+00  0.000000000000000E+00 0
 519   10360.00   10380.00  0.000000000000000E+00  0.000000000000000E+00 0
 520   10380.00   10400.00  0.000000000000000E+00  0.000000000000000E+00 0
 521   10400.00   10420.00  1.408164160799030E-27  1.408164159868900E-27 1
 522   10420.00   10440.00  0.000000000000000E+00  0.000000000000000E+00 0
 523   10440.00   10460.00  1.025797169275791E-19  1.025797167650962E-19 1
 524   10460.00   10480.00  4.119723741946787E-28  4.119723739513381E-28 1
 525   10480.00   10500.00  0.000000000000000E+00  0.000000000000000E+00 0
 526   10500.00   10520.00  0.000000000000000E+00  0.000000000000000E+00 0
 527   10520.00   10540.00  0.000000000000000E+00  0.000000000000000E+00 0
 528   10540.00   10560.00  0.000000000000000E+00  0.000000000000000E+00 0
 529   10560.00   10580.00  0.000000000000000E+00  0.000000000000000E+00 0
 530   10580.00   10600.00  0.000000000000000E+00  0.000000000000000E+00 0
 531   10600.00   10620.00  0.000000000000000E+00  0.000000000000000E+00 0
 532   10620.00   10640.00  0.000000000000000E+00  0.000000000000000E+00 0
 533   10640.00   10660.00  0.000000000000000E+00  0.000000000000000E+00 0
 534   10660.00   10680.00  0.000000000000000E+00  0.000000000000000E+00 0
 535   10680.00   10700.00  0.000000000000000E+00  0.000000000000000E+00 0
 536   10700.00   10720.00  0.000000000000000E+00  0.000000000000000E+00 0
 537   10720.00   10740.00  0.000000000000000E+00  0.000000000000000E+00 0
 538   10740.00   10760.00  0.000000000000000E+00  0.000000000000000E+00 0
 539   10760.00   10780.00  0.000000000000000E+00  0.000000000000000E+00 0
 540   10780.00   10800.00  0.000000000000000E+00  0.000000000000000E+00 0
 541   10800.00   10820.00  0.000000000000000E+00  0.000000000000000E+00 0
 542   10820.00   10840.00  0.000000000000000E+00  0.000000000000000E+00 0
 543   10840.00   10860.00  0.000000000000000E+00  0.000000000000000E+00 0
 544   10860.00   10880.00  0.000000000000000E+00  0.000000000000000E+00 0
 545   10880.00   10900.00  0.000000000000000E+00  0.000000000000000E+00 0
 546   10900.00   10920.00  0.000000000000000E+00  0.000000000000000E+00 0
 547   10920.00   10940.00  0.000000000000000E+00  0.000000000000000E+00 0
 548   10940.00   10960.00  0.000000000000000E+00  0.000000000000000E+00 0
 549   10960.00   10980.00  0.000000000000000E+00  0.000000000000000E+00 0
 550   10980.00   11000.00  0.000000000000000E+00  0.000000000000000E+00 0
 551   11000.00   11020.00  0.000000000000000E+00  0.000000000000000E+00 0
 552   11020.00   11040.00  2.636183423399854E-24  2.636183421802751E-24 1
 553   11040.00   11060.00  0.000000000000000E+00  0.000000000000000E+00 0
 554   11060.00   11080.00  0.000000000000000E+00  0.000000000000000E+00 0
 555   11080.00   11100.00  0.000000000000000E+00  0.000000000000000E+00 0
 556   11100.00   11120.00  0.000000000000000E+00  0.000000000000000E+00 0
 557   11120.00   11140.00  0.000000000000000E+00  0.000000000000000E+00 0
 558   11140.00   11160.00  0.000000000000000E+00  0.000000000000000E+00 0
 559   11160.00   11180.00  0.000000000000000E+00  0.000000000000000E+00 0
 560   11180.00   11200.00  0.000000000000000E+00  0.000000000000000E+00 0
 561   11200.00   11220.00  0.000000000000000E+00  0.000000000000000E+00 0
 562   11220.00   11240.00  0.000000000000000E+00  0.000000000000000E+00 0
 563   11240.00   11260.00  0.000000000000000E+00  0.000000000000000E+00 0
 564   11260.00   11280.00  0.000000000000000E+00  0.000000000000000E+00 0
 565   11280.00   11300.00  0.000000000000000E+00  0.000000000000000E+00 0
 566   11300.00   11320.00  0.000000000000000E+00  0.000000000000000E+00 0
 567   11320.00   11340.00  0.000000000000000E+00  0.000000000000000E+00 0
 568   11340.00   11360.00  0.000000000000000E+00  0.000000000000000E+00 0
 569   11360.00   11380.00  0.000000000000000E+00  0.000000000000000E+00 0
 570   11380.00   11400.00  0.000000000000000E+00  0.000000000000000E+00 0
 571   11400.00   11420.00  0.000000000000000E+00  0.000000000000000E+00 0
 572   11420.00   11440.00  0.000000000000000E+00  0.000000000000000E+00 0
 573   11440.00   11460.00  0.000000000000000E+00  0.000000000000000E+00 0
 574   11460.00   11480.00  0.000000000000000E+00  0.000000000000000E+00 0
 575   11480.00   11500.00  0.000000000000000E+00  0.000000000000000E+00 0
 576   11500.00   11520.00  0.000000000000000E+00  0.000000000000000E+00 0
 577   11520.00   11540.00  0.000000000000000E+00  0.000000000000000E+00 0
 578   11540.00   11560.00  0.000000000000000E+00  0.000000000000000E+00 0
 579   11560.00   11580.00  0.000000000000000E+00  0.000000000000000E+00 0
 580   11580.00   11600.00  0.000000000000000E+00  0.000000000000000E+00 0
 581   11600.00   11620.00  0.000000000000000E+00  0.000000000000000E+00 0
 582   11620.00   11640.00  0.000000000000000E+00  0.000000000000000E+00 0
 583   11640.00   11660.00  0.000000000000000E+00  0.000000000000000E+00 0
 584   11660.00   11680.00  0.000000000000000E+00  0.000000000000000E+00 0
 585   11680.00   11700.00  0.000000000000000E+00  0.000000000000000E+00 0
 586   11700.00   11720.00  0.000000000000000E+00  0.000000000000000E+00 0
 587   11720.00   11740.00  0.000000000000000E+00  0.000000000000000E+00 0
 588   11740.00   11760.00  0.000000000000000E+00  0.000000000000000E+00 0
 589   11760.00   11780.00  0.000000000000000E+00  0.000000000000000E+00 0
 590   11780.00   11800.00  0.000000000000000E+00  0.000000000000000E+00 0
 591   11800.00   11820.00  0.000000000000000E+00  0.000000000000000E+00 0
 592   11820.00   11840.00  0.000000000000000E+00  0.000000000000000E+00 0
 593   11840.00   11860.00  0.000000000000000E+00  0.000000000000000E+00 0
 594   11860.00   11880.00  0.000000000000000E+00  0.000000000000000E+00 0
 595   11880.00   11900.00  0.000000000000000E+00  0.000000000000000E+00 0
 596   11900.00   11920.00  0.000000000000000E+00  0.000000000000000E+00 0
 597   11920.00   11940.00  0.000000000000000E+00  0.000000000000000E+00 0
 598   11940.00   11960.00  0.000000000000000E+00  0.000000000000000E+00 0
 599   11960.00   11980.00  0.000000000000000E+00  0.000000000000000E+00 0
 600   11980.00   12000.00  0.000000000000000E+00  0.000000000000000E+00 0
 601   12000.00   12020.00  0.000000000000000E+00  0.000000000000000E+00 0
 602   12020.00   12040.00  0.000000000000000E+00  0.000000000000000E+00 0
 603   12040.00   12060.00  0.000000000000000E+00  0.000000000000000E+00 0
 604   12060.00   12080.00  0.000000000000000E+00  0.000000000000000E+00 0
 605   12080.00   12100.00  0.000000000000000E+00  0.000000000000000E+00 0
 606   12100.00   12120.00  0.000000000000000E+00  0.000000000000000E+00 0
 607   12120.00   12140.00  0.000000000000000E+00  0.000000000000000E+00 0
 608   12140.00   12160.00  0.000000000000000E+00  0.000000000000000E+00 0
 609   12160.00   12180.00  0.000000000000000E+00  0.000000000000000E+00 0
 610   12180.00   12200.00  0.000000000000000E+00  0.000000000000000E+00 0
 611   12200.00   12220.00  0.000000000000000E+00  0.000000000000000E+00 0
 612   12220.00   12240.00  0.000000000000000E+00  0.000000000000000E+00 0
 613   12240.00   12260.00  0.000000000000000E+00  0.000000000000000E+00 0
 614   12260.00   12280.00  0.000000000000000E+00  0.000000000000000E+00 0
 615   12280.00   12300.00  0.000000000000000E+00  0.000000000000000E+00 0
 616   12300.00   12320.00  0.000000000000000E+00  0.000000000000000E+00 0
 617   12320.00   12340.00  0.000000000000000E+00  0.000000000000000E+00 0
 618   12340.00   12360.00  0.000000000000000E+00  0.000000000000000E+00 0
 619   12360.00   12380.00  0.000000000000000E+00  0.000000000000000E+00 0
 620   12380.00   12400.00  0.000000000000000E+00  0.000000000000000E+00 0
 621   12400.00   12420.00  0.000000000000000E+00  0.000000000000000E+00 0
 622   12420.00   12440.00  0.000000000000000E+00  0.000000000000000E+00 0
 623   12440.00   12460.00  0.000000000000000E+00  0.000000000000000E+00 0
 624   12460.00   12480.00  0.000000000000000E+00  0.000000000000000E+00 0
 625   12480.00   12500.00  0.000000000000000E+00  0.000000000000000E+00 0
 626   12500.00   12520.00  0.000000000000000E+00  0.000000000000000E+00 0
 627   12520.00   12540.00  0.000000000000000E+00  0.000000000000000E+00 0
 628   12540.00   12560.00  0.000000000000000E+00  0.000000000000000E+00 0
 629   12560.00   12580.00  0.000000000000000E+00  0.000000000000000E+00 0
 630   12580.00   12600.00  0.000000000000000E+00  0.000000000000000E+00 0
 631   12600.00   12620.00  0.000000000000000E+00  0.000000000000000E+00 0
 632   12620.00   12640.00  0.000000000000000E+00  0.000000000000000E+00 0
 633   12640.00   12660.00  0.000000000000000E+00  0.000000000000000E+00 0
 634   12660.00   12680.00  0.000000000000000E+00  0.000000000000000E+00 0
 635   12680.00   12700.00  0.000000000000000E+00  0.000000000000000E+00 0
 636   12700.00   12720.00  0.000000000000000E+00  0.000000000000000E+00 0
 637   12720.00   12740.00  0.000000000000000E+00  0.000000000000000E+00 0
 638   12740.00   12760.00  0.000000000000000E+00  0.000000000000000E+00 0
 639   12760.00   12780.00  0.000000000000000E+00  0.000000000000000E+00 0
 640   12780.00   12800.00  0.000000000000000E+00  0.000000000000000E+00 0
 641   12800.00   12820.00  0.000000000000000E+00  0.000000000000000E+00 0
 642   12820.00   12840.00  0.000000000000000E+00  0.000000000000000E+00 0
 643   12840.00   12860.00  0.000000000000000E+00  0.000000000000000E+00 0
 644   12860.00   12880.00  0.000000000000000E+00  0.000000000000000E+00 0
 645   12880.00   12900.00  0.000000000000000E+00  0.000000000000000E+00 0
 646   12900.00   12920.00  0.000000000000000E+00  0.000000000000000E+00 0
 647   12920.00   12940.00  0.000000000000000E+00  0.000000000000000E+00 0
 648   12940.00   12960.00  0.000000000000000E+00  0.000000000000000E+00 0
 649   12960.00   12980.00  0.000000000000000E+00  0.000000000000000E+00 0
 650   12980.00   13000.00  0.000000000000000E+00  0.000000000000000E+00 0
# Underflow:                 0.0000000000000000E+00  0.0000000000000000E+00 0
# Overflow:                  0.0000000000000000E+00  0.0000000000000000E+00 0
#-------------------------------------------------------------------------------------
# Sum:                       2.6136883563593819E-06  4.3541377577994543E-09 13479000
#=====================================================================================
