# title = Transverse Mass of W
# xlabel = $M_{\text{T},\text{W}}\,$[GeV]
# ylabel = $\frac{\text{d}\sigma}{\text{d}M_{\text{T},\text{W}}}\,\left[\frac{\text{fb}}{\text{GeV}}\right]$
# xmin=  0.000E+00
# xmax=  8.000E+02
# ymin=  1.000E-06
# ymax=  1.000E-02
# kmin= -5.000E+01
# kmax=  1.000E+01
# logscale = true
# Renormalization and factorization scale scaled by: 2.0000000000
# Renormalization scaled by: 2.0000000000
# Number of generated events: 1634909473
#
#=====================================================================================
# No.       Left      Right                   Value                   Error Hits
#-------------------------------------------------------------------------------------
   1       0.00      20.00  3.236661762250380E-03  2.347153457159103E-06 341593135
   2      20.00      40.00  4.116327231435707E-03  2.723341619214877E-06 395643046
   3      40.00      60.00  6.716132992235718E-03  3.662331386428207E-06 548239649
   4      60.00      80.00  1.866948471788429E-02  6.575479530379061E-06 1224207657
   5      80.00     100.00  4.282062779459380E-03  3.219852044127623E-06 252030103
   6     100.00     120.00  2.009566182868262E-04  7.623237194229954E-07 9624256
   7     120.00     140.00  8.401535867515147E-05  5.250756990882087E-07 3726869
   8     140.00     160.00  4.738261633000372E-05  4.476705781183698E-07 2001329
   9     160.00     180.00  2.990565787878282E-05  3.306485027891778E-07 1256646
  10     180.00     200.00  2.032794789531494E-05  2.463599201087812E-07 868820
  11     200.00     220.00  1.499896173485150E-05  2.814856573742099E-07 637905
  12     220.00     240.00  1.074513990339312E-05  1.719596434437360E-07 491018
  13     240.00     260.00  8.444591196199992E-06  1.580160727412983E-07 391433
  14     260.00     280.00  6.692221504854390E-06  1.300892349474017E-07 320275
  15     280.00     300.00  5.240549161754397E-06  1.134775236559141E-07 268938
  16     300.00     320.00  4.404752650042168E-06  1.110425262976626E-07 229293
  17     320.00     340.00  3.525913001239519E-06  8.657591607393103E-08 198247
  18     340.00     360.00  2.908356078915271E-06  7.625506423690230E-08 174102
  19     360.00     380.00  2.514004330411755E-06  7.766738409246668E-08 153613
  20     380.00     400.00  2.099788623279577E-06  6.766265367645933E-08 137623
  21     400.00     420.00  1.886684841642376E-06  9.221297361478918E-08 123873
  22     420.00     440.00  1.651813907232863E-06  8.809467855121889E-08 111800
  23     440.00     460.00  1.360115752976521E-06  5.785244833278368E-08 101674
  24     460.00     480.00  1.176309861428533E-06  4.666565166582307E-08 92845
  25     480.00     500.00  1.095231142383564E-06  5.891800405774946E-08 85627
  26     500.00     520.00  8.528451372130472E-07  3.348178649649263E-08 79240
  27     520.00     540.00  7.731746109674103E-07  3.526552529296066E-08 73416
  28     540.00     560.00  7.593498755908041E-07  4.385948130493353E-08 68491
  29     560.00     580.00  6.257747773792795E-07  3.437166576079321E-08 63992
  30     580.00     600.00  6.122856514253213E-07  6.563848849910187E-08 59418
  31     600.00     620.00  4.959501749080316E-07  2.391905436404871E-08 55718
  32     620.00     640.00  4.499641237329540E-07  4.166442312872280E-08 51706
  33     640.00     660.00  3.947276015649078E-07  2.076866585263039E-08 49128
  34     660.00     680.00  3.757433871550386E-07  2.284802565466951E-08 46485
  35     680.00     700.00  3.719709014391318E-07  2.516551237343537E-08 44161
  36     700.00     720.00  3.128533869223868E-07  2.124754334504765E-08 41335
  37     720.00     740.00  3.016566792968342E-07  2.613633842857145E-08 39028
  38     740.00     760.00  2.730422840124279E-07  1.839339938332808E-08 37338
  39     760.00     780.00  2.402450293719320E-07  1.947360636756670E-08 35333
  40     780.00     800.00  2.552807970795980E-07  4.992633125012494E-08 33457
  41     800.00     820.00  2.226684408787948E-07  2.666869233972997E-08 31845
  42     820.00     840.00  2.004313992081005E-07  1.921537891100332E-08 30564
  43     840.00     860.00  1.923913628836201E-07  3.036757219152692E-08 29035
  44     860.00     880.00  1.556400916483285E-07  1.806067939012040E-08 27964
  45     880.00     900.00  1.768905929900619E-07  2.912920157153423E-08 26308
  46     900.00     920.00  1.762228263230078E-07  4.635845728971482E-08 25300
  47     920.00     940.00  1.087993135848000E-07  8.161738802785903E-09 24113
  48     940.00     960.00  1.430891483325743E-07  2.292447582140725E-08 23337
  49     960.00     980.00  1.166499195721928E-07  1.299765915535464E-08 22059
  50     980.00    1000.00  1.115160684292129E-07  1.592068457398988E-08 21192
  51    1000.00    1020.00  1.034881567140987E-07  1.239564874691515E-08 20684
  52    1020.00    1040.00  8.483041759685964E-08  1.015270921459878E-08 19565
  53    1040.00    1060.00  7.434421855347374E-08  8.458633801578676E-09 18988
  54    1060.00    1080.00  7.674551267898752E-08  1.318443446111107E-08 17839
  55    1080.00    1100.00  5.295299541241674E-08  5.453507275680967E-09 17480
  56    1100.00    1120.00  5.313566742750027E-08  5.763244230749778E-09 16914
  57    1120.00    1140.00  5.900445662478359E-08  6.585431697148846E-09 16083
  58    1140.00    1160.00  4.581026124416345E-08  5.621090123111645E-09 15574
  59    1160.00    1180.00  5.007615075771860E-08  5.569554914780528E-09 15184
  60    1180.00    1200.00  4.214502761290850E-08  5.739314142475385E-09 14382
  61    1200.00    1220.00  4.651465392511813E-08  6.088923571894101E-09 13854
  62    1220.00    1240.00  3.580173992443137E-08  4.586158105279470E-09 13472
  63    1240.00    1260.00  4.266270629813382E-08  6.309000857191176E-09 12811
  64    1260.00    1280.00  3.782491099829020E-08  8.741389128811887E-09 12467
  65    1280.00    1300.00  3.620478633916579E-08  5.798601499246900E-09 12017
  66    1300.00    1320.00  3.361633894325052E-08  6.616329881777260E-09 11790
  67    1320.00    1340.00  3.233673168832293E-08  4.305080566207678E-09 11225
  68    1340.00    1360.00  4.163527467284212E-08  9.234444129074237E-09 10948
  69    1360.00    1380.00  1.853561898114220E-08  3.017859328471203E-09 10372
  70    1380.00    1400.00  2.176545944154612E-08  3.311174688026507E-09 10378
  71    1400.00    1420.00  2.525236480516493E-08  4.065858639152353E-09 9743
  72    1420.00    1440.00  2.638904552009019E-08  6.438831706501488E-09 9573
  73    1440.00    1460.00  1.888595788814665E-08  3.294840769163487E-09 9308
  74    1460.00    1480.00  2.402575032486994E-08  6.112457698673287E-09 8776
  75    1480.00    1500.00  2.447384392777584E-08  9.229028965024926E-09 8614
  76    1500.00    1520.00  1.367182190482188E-08  2.036917753379319E-09 8354
  77    1520.00    1540.00  1.411979926295575E-08  2.179144240424306E-09 8003
  78    1540.00    1560.00  1.219873707279859E-08  2.263379508490461E-09 7870
  79    1560.00    1580.00  2.089514675669384E-08  6.198587628118572E-09 7706
  80    1580.00    1600.00  1.620326388465628E-08  3.048818947388094E-09 7426
  81    1600.00    1620.00  1.403848788129530E-08  3.657912272348213E-09 7268
  82    1620.00    1640.00  9.965196051458108E-09  1.709270498355872E-09 6909
  83    1640.00    1660.00  1.077692277909190E-08  3.036809621746942E-09 6735
  84    1660.00    1680.00  9.372135237742006E-09  1.769915299186362E-09 6513
  85    1680.00    1700.00  1.096665861422202E-08  2.206780777366060E-09 6274
  86    1700.00    1720.00  9.692286204695331E-09  2.518634527967054E-09 6084
  87    1720.00    1740.00  1.271463899046739E-08  3.976067593497175E-09 6020
  88    1740.00    1760.00  6.676518318489716E-09  1.389357601983734E-09 5786
  89    1760.00    1780.00  8.536294488843604E-09  2.200196777761718E-09 5625
  90    1780.00    1800.00  7.553799243128262E-09  1.716831259952225E-09 5361
  91    1800.00    1820.00  5.871768582311841E-09  1.024990627326502E-09 5304
  92    1820.00    1840.00  1.256738005648828E-08  5.701283923822873E-09 5092
  93    1840.00    1860.00  1.003887419836053E-08  3.019705206047075E-09 4997
  94    1860.00    1880.00  6.754709420641780E-09  1.582234980899247E-09 4917
  95    1880.00    1900.00  1.153216408753882E-08  4.947912020780600E-09 4767
  96    1900.00    1920.00  1.125451451115817E-08  7.404832211556319E-09 4624
  97    1920.00    1940.00  3.641432344786113E-09  8.012284140109658E-10 4410
  98    1940.00    1960.00  4.325396154537075E-09  9.266251599509198E-10 4366
  99    1960.00    1980.00  3.940258472696253E-09  8.713092051424609E-10 4235
 100    1980.00    2000.00  6.213214300624520E-09  1.804643636036865E-09 4084
 101    2000.00    2020.00  4.947944528964712E-09  2.110458076223302E-09 4051
 102    2020.00    2040.00  5.039481356782339E-09  1.644399831939191E-09 3919
 103    2040.00    2060.00  4.977034529718258E-09  1.398522950362722E-09 3889
 104    2060.00    2080.00  1.935209870987501E-09  3.456713846310404E-10 3722
 105    2080.00    2100.00  1.861760367183292E-09  3.551592999812154E-10 3600
 106    2100.00    2120.00  3.033682154363215E-09  7.862969736071524E-10 3447
 107    2120.00    2140.00  2.016068817410659E-09  4.876035753718650E-10 3429
 108    2140.00    2160.00  4.099976579706205E-09  1.264145133444373E-09 3353
 109    2160.00    2180.00  2.041143725996139E-09  5.759622252731126E-10 3243
 110    2180.00    2200.00  4.210033147174918E-09  1.058617399972082E-09 3117
 111    2200.00    2220.00  6.025242785848441E-09  3.071154019727133E-09 2988
 112    2220.00    2240.00  2.918742930010382E-09  9.787693281958784E-10 2982
 113    2240.00    2260.00  1.153734214380378E-09  2.677632472830792E-10 2863
 114    2260.00    2280.00  3.700301801195762E-09  1.506708246503396E-09 2783
 115    2280.00    2300.00  2.971118398097010E-09  8.153131277265177E-10 2734
 116    2300.00    2320.00  2.276657629161909E-09  8.202132008243364E-10 2730
 117    2320.00    2340.00  1.158779686641916E-09  2.644707213165458E-10 2605
 118    2340.00    2360.00  9.371186250036251E-10  2.045503978095687E-10 2558
 119    2360.00    2380.00  6.791767211189276E-10  1.250164391344117E-10 2437
 120    2380.00    2400.00  1.199586710794035E-09  3.132099818028375E-10 2466
 121    2400.00    2420.00  1.199691587264584E-09  4.900221400979001E-10 2327
 122    2420.00    2440.00  1.041984945699331E-09  3.338898764471761E-10 2373
 123    2440.00    2460.00  2.642000476639122E-09  1.064311978045943E-09 2229
 124    2460.00    2480.00  3.681005711930653E-09  2.619139553924558E-09 2251
 125    2480.00    2500.00  1.021818360832215E-09  3.440865667424487E-10 2170
 126    2500.00    2520.00  1.757661882306865E-09  6.679258980821207E-10 2112
 127    2520.00    2540.00  1.905187660701979E-09  7.656961056922836E-10 2016
 128    2540.00    2560.00  4.091972029083735E-10  1.032325172784022E-10 2038
 129    2560.00    2580.00  1.191555910660960E-09  7.088313682786345E-10 1972
 130    2580.00    2600.00  1.258980825493030E-09  4.195529672773359E-10 1963
 131    2600.00    2620.00  6.392330509536007E-10  4.386230069075986E-10 1808
 132    2620.00    2640.00  3.898520516171107E-10  1.646334961539922E-10 1725
 133    2640.00    2660.00  3.901263446556441E-10  1.143642409691096E-10 1770
 134    2660.00    2680.00  1.434397116031288E-09  9.290864186589967E-10 1670
 135    2680.00    2700.00  7.393918592693516E-10  2.909229657378686E-10 1736
 136    2700.00    2720.00  4.453364676500519E-10  1.362827267557736E-10 1690
 137    2720.00    2740.00  3.357517160628327E-10  8.377809493132980E-11 1548
 138    2740.00    2760.00  4.464551506463713E-10  1.722455288988330E-10 1624
 139    2760.00    2780.00  5.573774374932250E-10  1.750165542777858E-10 1527
 140    2780.00    2800.00  3.299240457090272E-10  1.002947196943765E-10 1446
 141    2800.00    2820.00  1.237186193788836E-09  8.543566541281875E-10 1511
 142    2820.00    2840.00  4.517361381718171E-10  1.288728542825418E-10 1458
 143    2840.00    2860.00  2.478704237323122E-10  6.135857831125928E-11 1405
 144    2860.00    2880.00  7.787205939413015E-10  3.766128882025399E-10 1305
 145    2880.00    2900.00  3.783224902715313E-10  1.405809422806845E-10 1288
 146    2900.00    2920.00  3.691747047555974E-10  2.234508139964807E-10 1223
 147    2920.00    2940.00  3.848387197824517E-10  1.993445114088017E-10 1216
 148    2940.00    2960.00  2.901546744074743E-10  1.628573698696376E-10 1245
 149    2960.00    2980.00  3.214277826634314E-10  1.249958522125908E-10 1230
 150    2980.00    3000.00  8.267521711310370E-10  5.860915117354325E-10 1175
 151    3000.00    3020.00  5.959589924350379E-10  2.651224473294955E-10 1180
 152    3020.00    3040.00  1.945659500743159E-10  6.608034794897359E-11 1132
 153    3040.00    3060.00  3.022146967107447E-10  1.529372050791981E-10 1071
 154    3060.00    3080.00  3.445510324359969E-10  1.631558135427410E-10 1031
 155    3080.00    3100.00  2.117527344104408E-10  7.451163007688903E-11 1105
 156    3100.00    3120.00  2.111754950100722E-10  8.100228609082684E-11 1061
 157    3120.00    3140.00  6.905269064570034E-10  4.281968493740136E-10 954
 158    3140.00    3160.00  1.819852823988357E-10  9.138745839470395E-11 992
 159    3160.00    3180.00  1.345805557868649E-10  5.212316157774016E-11 910
 160    3180.00    3200.00  1.379707370092687E-10  5.913730171079559E-11 947
 161    3200.00    3220.00  3.919012597238291E-10  2.071202879523357E-10 909
 162    3220.00    3240.00  1.306938794108141E-10  4.332320293043083E-11 868
 163    3240.00    3260.00  2.102897012363135E-10  9.544996183409747E-11 868
 164    3260.00    3280.00  1.579695437050388E-10  5.975578064916304E-11 830
 165    3280.00    3300.00  9.497640075481408E-11  3.766903387548903E-11 864
 166    3300.00    3320.00  1.175394305983036E-10  4.480695177060423E-11 851
 167    3320.00    3340.00  1.116049392293680E-10  3.869395353017194E-11 805
 168    3340.00    3360.00  2.215817876292073E-10  1.239700492836981E-10 719
 169    3360.00    3380.00  9.133719438779879E-11  2.592790133388694E-11 756
 170    3380.00    3400.00  3.310908545666103E-10  1.633367374799972E-10 759
 171    3400.00    3420.00  6.811133694825917E-11  2.941742082939713E-11 701
 172    3420.00    3440.00  1.054012933704708E-10  3.331647655920294E-11 714
 173    3440.00    3460.00  8.612556589541611E-11  5.625310345329229E-11 673
 174    3460.00    3480.00  1.406043515788509E-10  5.011675743558345E-11 685
 175    3480.00    3500.00  2.323867848419140E-10  9.975862385538421E-11 654
 176    3500.00    3520.00  3.738901994368383E-10  1.628225100007268E-10 702
 177    3520.00    3540.00  6.650535116411670E-11  2.429090929296694E-11 623
 178    3540.00    3560.00  6.506769386346327E-11  3.821356337370187E-11 638
 179    3560.00    3580.00  1.304287298759809E-10  9.119471174732126E-11 633
 180    3580.00    3600.00  1.539921974643478E-10  1.222855560161011E-10 597
 181    3600.00    3620.00  2.507543285084151E-10  1.571692736497764E-10 579
 182    3620.00    3640.00  5.581618254626455E-11  2.455337977257650E-11 581
 183    3640.00    3660.00  3.671761041689984E-11  1.014973776058620E-11 543
 184    3660.00    3680.00  8.027026019219940E-11  5.302460946964844E-11 545
 185    3680.00    3700.00  1.979479015125197E-11  7.365195127274657E-12 508
 186    3700.00    3720.00  5.217802465453224E-11  2.182024523472232E-11 524
 187    3720.00    3740.00  3.082578973596824E-11  1.148085928581974E-11 517
 188    3740.00    3760.00  2.181684107406052E-11  9.017445980663982E-12 502
 189    3760.00    3780.00  1.159663949242917E-10  6.095005845213011E-11 485
 190    3780.00    3800.00  8.403918341156631E-11  3.022816573604724E-11 480
 191    3800.00    3820.00  1.997253363508789E-11  6.605208771131942E-12 469
 192    3820.00    3840.00  3.259833161376069E-11  1.371566533900547E-11 436
 193    3840.00    3860.00  7.521234812278322E-11  4.780307721980410E-11 429
 194    3860.00    3880.00  3.945202838294330E-11  1.474106336504652E-11 439
 195    3880.00    3900.00  4.993720171013355E-11  2.869139189299182E-11 427
 196    3900.00    3920.00  2.767136451247436E-11  8.075649492379357E-12 433
 197    3920.00    3940.00  4.059075249844923E-11  1.571197978711721E-11 388
 198    3940.00    3960.00  1.154352326518651E-10  9.901756677086812E-11 382
 199    3960.00    3980.00  2.903361012862430E-11  1.577407598781704E-11 341
 200    3980.00    4000.00  6.957061244045853E-12  2.600497530127643E-12 409
 201    4000.00    4020.00  1.026676405983061E-10  8.823953441871516E-11 369
 202    4020.00    4040.00  8.059085320196305E-11  6.428025783163570E-11 368
 203    4040.00    4060.00  2.892213837767104E-11  1.137755628041115E-11 340
 204    4060.00    4080.00  5.479820673038337E-11  4.057019299524666E-11 349
 205    4080.00    4100.00  2.299387930161607E-11  1.782796310021818E-11 325
 206    4100.00    4120.00  3.621103434838151E-11  1.504943433382687E-11 347
 207    4120.00    4140.00  1.535743832012267E-11  6.812089225369466E-12 352
 208    4140.00    4160.00  4.221275338126781E-11  2.465291617024531E-11 329
 209    4160.00    4180.00  1.089236004342095E-11  5.998868189476931E-12 274
 210    4180.00    4200.00  1.693395519551290E-11  9.179635174110803E-12 309
 211    4200.00    4220.00  2.194904370864426E-11  1.000148793175232E-11 304
 212    4220.00    4240.00  1.435036398053471E-11  5.764653101408167E-12 301
 213    4240.00    4260.00  7.223891487094757E-12  5.311002663319203E-12 270
 214    4260.00    4280.00  7.228140208539601E-12  3.405739011612921E-12 279
 215    4280.00    4300.00  7.628667814202872E-12  4.000301827499974E-12 283
 216    4300.00    4320.00  3.337473096330620E-12  1.286864647085480E-12 268
 217    4320.00    4340.00  1.590324211514141E-11  8.080260917235348E-12 254
 218    4340.00    4360.00  1.662272152869162E-11  7.765251442321686E-12 264
 219    4360.00    4380.00  7.245713948001649E-12  2.467157303404167E-12 237
 220    4380.00    4400.00  3.391672703218542E-12  1.451811726550957E-12 240
 221    4400.00    4420.00  2.654160175994580E-11  1.435878551025789E-11 254
 222    4420.00    4440.00  2.094214151592709E-11  1.901793469101764E-11 217
 223    4440.00    4460.00  4.954030875263837E-11  4.515081831394138E-11 257
 224    4460.00    4480.00  4.490927720359170E-11  2.410095591787641E-11 235
 225    4480.00    4500.00  1.040000914637584E-11  7.586052485412679E-12 229
 226    4500.00    4520.00  6.925259486585695E-11  4.865741969404035E-11 214
 227    4520.00    4540.00  8.245655174944523E-12  4.038653581198791E-12 195
 228    4540.00    4560.00  5.266888988582877E-12  3.612589600993755E-12 192
 229    4560.00    4580.00  1.219854881297478E-11  6.386901631212365E-12 208
 230    4580.00    4600.00  8.750134920915570E-12  6.878151613819555E-12 184
 231    4600.00    4620.00  9.474632155443421E-12  4.963213255050484E-12 189
 232    4620.00    4640.00  1.042333775741033E-12  5.486386078541211E-13 197
 233    4640.00    4660.00  1.347877839199382E-12  6.055283312767276E-13 196
 234    4660.00    4680.00  5.039885372797512E-12  3.752991563640879E-12 174
 235    4680.00    4700.00  5.774470913093626E-12  4.226303911388985E-12 178
 236    4700.00    4720.00  3.449641785827046E-12  1.477298030208880E-12 170
 237    4720.00    4740.00  4.775569893121049E-11  3.624737504338079E-11 183
 238    4740.00    4760.00  1.102118331407591E-12  7.514570822986934E-13 159
 239    4760.00    4780.00  7.571461908296930E-12  4.271485036034372E-12 163
 240    4780.00    4800.00  4.397539882372278E-11  4.320189948502406E-11 160
 241    4800.00    4820.00  9.523764041663009E-13  3.804235806395282E-13 151
 242    4820.00    4840.00  1.537420694150036E-11  6.922208937708123E-12 166
 243    4840.00    4860.00  4.377778387197857E-12  3.878585049999582E-12 159
 244    4860.00    4880.00  8.809639367660313E-12  4.304214753906275E-12 154
 245    4880.00    4900.00  3.104312040882644E-12  1.865527131202146E-12 131
 246    4900.00    4920.00  1.525582825455625E-12  6.483438271667084E-13 125
 247    4920.00    4940.00  1.382381299760549E-12  6.102551606415675E-13 132
 248    4940.00    4960.00  3.492433543240159E-12  2.334912785967447E-12 134
 249    4960.00    4980.00  2.088019445047980E-12  1.698469657723798E-12 105
 250    4980.00    5000.00  2.342989080182378E-11  2.151251909508930E-11 131
 251    5000.00    5020.00  4.120253711789681E-12  2.074058540967431E-12 105
 252    5020.00    5040.00  6.589387223169274E-13  3.315997206543192E-13 129
 253    5040.00    5060.00  2.823092241580853E-13  1.200382496554498E-13 133
 254    5060.00    5080.00  9.104412492434634E-13  4.519244416952193E-13 111
 255    5080.00    5100.00  5.274882968321664E-12  2.946473064478734E-12 113
 256    5100.00    5120.00  9.305275370013085E-12  5.982053664259849E-12 103
 257    5120.00    5140.00  2.539514256917345E-12  1.556794613083504E-12 112
 258    5140.00    5160.00  1.052829680296629E-12  6.870295694190463E-13 113
 259    5160.00    5180.00  2.333462355532804E-12  1.061064312606948E-12 80
 260    5180.00    5200.00  3.540232115468358E-13  1.467636342677039E-13 83
 261    5200.00    5220.00  3.211536461304138E-12  2.928287248922881E-12 97
 262    5220.00    5240.00  1.176073356634587E-12  7.209569161427405E-13 100
 263    5240.00    5260.00  2.992694169376382E-12  1.812818557688449E-12 103
 264    5260.00    5280.00  6.619206008861149E-12  4.579765830473839E-12 92
 265    5280.00    5300.00  3.379737334825081E-12  2.061985799663118E-12 97
 266    5300.00    5320.00  1.840083552731138E-12  1.260064142971609E-12 81
 267    5320.00    5340.00  4.451992817596311E-12  2.859966540437204E-12 89
 268    5340.00    5360.00  3.298656478113304E-11  3.202876873466485E-11 91
 269    5360.00    5380.00  4.444405764887535E-12  2.992863142848687E-12 86
 270    5380.00    5400.00  1.637524790978050E-13  9.330479069760984E-14 75
 271    5400.00    5420.00  1.077407479560423E-12  5.916899142107549E-13 79
 272    5420.00    5440.00  1.055860519682202E-11  7.909465900329932E-12 92
 273    5440.00    5460.00  3.932380520637194E-13  2.602140220618628E-13 80
 274    5460.00    5480.00  9.259888932681123E-12  5.156131480424437E-12 81
 275    5480.00    5500.00  7.866789541315195E-13  4.506488042190767E-13 87
 276    5500.00    5520.00  3.736008005006117E-12  2.307062629581909E-12 86
 277    5520.00    5540.00  8.526552719442105E-13  5.347883109788024E-13 81
 278    5540.00    5560.00  3.693866602786898E-13  2.927999030998133E-13 88
 279    5560.00    5580.00  1.336452227073761E-12  8.252287258274224E-13 67
 280    5580.00    5600.00  3.414274715605591E-12  2.505469259770051E-12 73
 281    5600.00    5620.00  6.063487577512684E-13  5.070214342570538E-13 59
 282    5620.00    5640.00  6.215958814696392E-14  2.868589472393498E-14 48
 283    5640.00    5660.00  5.990408836403683E-13  5.138675893498557E-13 71
 284    5660.00    5680.00  1.581685722370489E-12  9.864929270887985E-13 60
 285    5680.00    5700.00  1.439501958533350E-12  9.136578244188660E-13 55
 286    5700.00    5720.00  4.004955672487163E-13  2.821465907518288E-13 63
 287    5720.00    5740.00  1.418241940367233E-11  1.313600992339798E-11 44
 288    5740.00    5760.00  1.182420579155890E-10  1.157314398729309E-10 61
 289    5760.00    5780.00  1.564316646411134E-12  1.004680825143964E-12 64
 290    5780.00    5800.00  6.203442386594421E-13  4.546753406816775E-13 54
 291    5800.00    5820.00  1.061935384018114E-12  5.716317020683050E-13 49
 292    5820.00    5840.00  1.805587406363121E-13  1.568553020362897E-13 43
 293    5840.00    5860.00  7.707732275307473E-13  7.187244869150493E-13 47
 294    5860.00    5880.00  5.100554734447339E-13  2.482518684001969E-13 48
 295    5880.00    5900.00  3.875991046430558E-13  2.444430896461751E-13 42
 296    5900.00    5920.00  3.776708835537041E-14  1.907029475454490E-14 47
 297    5920.00    5940.00  7.023272936273545E-14  3.391348588423174E-14 56
 298    5940.00    5960.00  8.724947626479559E-13  7.834897988624820E-13 50
 299    5960.00    5980.00  6.622157009845770E-13  3.796886424206065E-13 44
 300    5980.00    6000.00  3.356911782635189E-13  1.934052349805260E-13 43
 301    6000.00    6020.00  2.478138880344170E-12  1.928394229531137E-12 38
 302    6020.00    6040.00  4.426326741753281E-13  3.857346024197168E-13 30
 303    6040.00    6060.00  2.088372591617247E-13  1.302934557958194E-13 42
 304    6060.00    6080.00  2.036321038656056E-12  1.358149249591775E-12 47
 305    6080.00    6100.00  1.636977875661066E-12  1.585144965954993E-12 32
 306    6100.00    6120.00  2.948585306784897E-14  1.592068859250658E-14 42
 307    6120.00    6140.00  7.004813208945169E-13  6.410100288030032E-13 36
 308    6140.00    6160.00  2.067345373683028E-12  2.005643846038592E-12 37
 309    6160.00    6180.00  8.590834641799639E-15  6.138309670092094E-15 30
 310    6180.00    6200.00  2.702231986638664E-15  1.955814157984228E-15 40
 311    6200.00    6220.00  4.728116343779123E-13  4.302517494361755E-13 33
 312    6220.00    6240.00  8.401435345178142E-14  4.995491992061618E-14 32
 313    6240.00    6260.00  4.939009805705172E-15  3.397975731383485E-15 33
 314    6260.00    6280.00  2.050700768886483E-13  1.444146578824247E-13 34
 315    6280.00    6300.00  1.356301265226660E-12  1.328907109793946E-12 31
 316    6300.00    6320.00  6.944905326615873E-14  6.062598815321747E-14 32
 317    6320.00    6340.00  4.026020962048028E-15  2.230945236710000E-15 30
 318    6340.00    6360.00  3.845158756025202E-12  3.818690172245251E-12 31
 319    6360.00    6380.00  1.160118262280913E-13  7.732838590864234E-14 21
 320    6380.00    6400.00  2.105423296409102E-14  1.826580860944568E-14 24
 321    6400.00    6420.00  1.642511841500128E-12  1.559917166812264E-12 23
 322    6420.00    6440.00  9.051469672434792E-13  5.741093930318277E-13 25
 323    6440.00    6460.00  4.774159066089488E-14  3.135482076481684E-14 22
 324    6460.00    6480.00  8.726875167723214E-15  5.864321230995861E-15 24
 325    6480.00    6500.00  9.410226867596113E-15  8.955100326014424E-15 19
 326    6500.00    6520.00  1.130358640428987E-14  7.356001038948876E-15 24
 327    6520.00    6540.00  4.838469458213537E-16  3.732855020830650E-16 20
 328    6540.00    6560.00  2.710322697442401E-15  1.500471802180105E-15 19
 329    6560.00    6580.00  4.374512878492189E-13  4.368845974366466E-13 15
 330    6580.00    6600.00  8.459863096608029E-15  6.735664083860088E-15 21
 331    6600.00    6620.00  2.535292760733186E-15  2.092276611443576E-15 14
 332    6620.00    6640.00  6.643773255553868E-15  5.763802574287859E-15 21
 333    6640.00    6660.00  1.530824335151184E-14  9.397074739353214E-15 23
 334    6660.00    6680.00  1.550265414200579E-15  8.040539099606771E-16 18
 335    6680.00    6700.00  1.431781628495472E-14  7.932262706366640E-15 18
 336    6700.00    6720.00  3.130084966858064E-13  3.039999667748409E-13 16
 337    6720.00    6740.00  1.621125828049972E-14  1.212204226988561E-14 24
 338    6740.00    6760.00  9.812289603451438E-15  7.353685241725754E-15 18
 339    6760.00    6780.00  1.966132548666309E-13  1.960853898717996E-13 13
 340    6780.00    6800.00  3.225798038533079E-14  3.221954355546583E-14 11
 341    6800.00    6820.00  6.147999739386892E-15  3.801781383638569E-15 20
 342    6820.00    6840.00  2.816293720988870E-14  2.770204726962326E-14 12
 343    6840.00    6860.00  7.111142985667887E-16  5.208999032277878E-16 10
 344    6860.00    6880.00  8.030826839344080E-16  6.518930924796968E-16 10
 345    6880.00    6900.00  4.423136570835629E-15  4.383018911014829E-15 11
 346    6900.00    6920.00  6.153710999426495E-15  5.946912843096254E-15 13
 347    6920.00    6940.00  6.518318113853803E-16  4.047639127635887E-16 18
 348    6940.00    6960.00  1.572434471208372E-14  9.894180017771778E-15 16
 349    6960.00    6980.00  5.714610269393411E-12  5.691361108592450E-12 12
 350    6980.00    7000.00  2.135231070256909E-14  2.111871242997943E-14 10
 351    7000.00    7020.00  9.375500888477489E-16  9.293278946812612E-16 7
 352    7020.00    7040.00  6.858075676507866E-15  6.750075365694658E-15 17
 353    7040.00    7060.00  3.058862979544381E-14  2.846490534400809E-14 10
 354    7060.00    7080.00  2.147674161960130E-12  2.147672838521443E-12 12
 355    7080.00    7100.00  5.181559184329943E-17  2.946919269038065E-17 9
 356    7100.00    7120.00  5.344202014485762E-15  4.472407916057767E-15 6
 357    7120.00    7140.00  1.219613503869641E-15  7.751860431581190E-16 13
 358    7140.00    7160.00  3.357200542638357E-15  2.626478721715007E-15 12
 359    7160.00    7180.00  6.219618102620659E-17  5.386058713868952E-17 8
 360    7180.00    7200.00  3.783638381029117E-16  1.984804271834574E-16 8
 361    7200.00    7220.00  4.804543998637872E-15  4.627127416980007E-15 6
 362    7220.00    7240.00  2.104196495658711E-14  1.940581068672190E-14 8
 363    7240.00    7260.00  3.719369802752381E-15  2.902070180486775E-15 9
 364    7260.00    7280.00  1.918305330958522E-17  1.737734744238131E-17 10
 365    7280.00    7300.00  3.239172589561230E-16  2.352974082825637E-16 8
 366    7300.00    7320.00  2.346714087866670E-18  2.225094515193138E-18 5
 367    7320.00    7340.00  1.169240729647591E-12  1.168846044999216E-12 13
 368    7340.00    7360.00  7.775320144902079E-15  7.750690026960889E-15 11
 369    7360.00    7380.00  4.281847715435211E-15  4.127136037344636E-15 12
 370    7380.00    7400.00  4.654249014640531E-18  3.838144414152089E-18 10
 371    7400.00    7420.00  3.150107968897007E-15  2.847276050349941E-15 8
 372    7420.00    7440.00  4.013412315002419E-15  2.857047893192450E-15 5
 373    7440.00    7460.00  7.321847618657099E-14  7.277560856938925E-14 11
 374    7460.00    7480.00  6.850996693112304E-17  3.898057328633128E-17 10
 375    7480.00    7500.00  2.640864807799476E-18  2.639981205430128E-18 3
 376    7500.00    7520.00  7.090338870746402E-20  7.066596690136879E-20 3
 377    7520.00    7540.00  1.456115601776529E-17  1.059247889737078E-17 7
 378    7540.00    7560.00  1.193849374326531E-14  1.193843843967528E-14 7
 379    7560.00    7580.00  5.913981314723198E-16  5.911087756626886E-16 9
 380    7580.00    7600.00  1.115229708464178E-19  1.114670408864792E-19 3
 381    7600.00    7620.00  3.141695397321959E-14  3.141694617636746E-14 5
 382    7620.00    7640.00  4.062446363134468E-16  4.052084759162530E-16 5
 383    7640.00    7660.00  1.257640523060391E-17  1.011683195621841E-17 3
 384    7660.00    7680.00  7.105134119147648E-20  7.061325407979113E-20 2
 385    7680.00    7700.00  5.886052582481786E-17  5.043052425498817E-17 3
 386    7700.00    7720.00  1.158213274073691E-18  1.158213241137146E-18 2
 387    7720.00    7740.00  5.492623295967090E-17  5.492623294268635E-17 1
 388    7740.00    7760.00  1.839319157047567E-14  1.828611311563692E-14 6
 389    7760.00    7780.00  8.415180876627132E-17  8.192208698264956E-17 4
 390    7780.00    7800.00  4.290806350585594E-16  4.290806349254634E-16 1
 391    7800.00    7820.00  6.332863642294865E-17  4.866734441675048E-17 5
 392    7820.00    7840.00  3.292965100186833E-13  3.268532883595910E-13 3
 393    7840.00    7860.00  1.119985845013328E-13  1.118975428916831E-13 6
 394    7860.00    7880.00  1.264046777346268E-15  1.204820806806476E-15 4
 395    7880.00    7900.00  5.485942322763347E-15  4.132933257129775E-15 6
 396    7900.00    7920.00  3.415573970324992E-17  3.415288489150318E-17 2
 397    7920.00    7940.00  7.931204255148720E-14  7.923465602366322E-14 3
 398    7940.00    7960.00  5.504007207051861E-19  5.265765023921429E-19 3
 399    7960.00    7980.00  4.580041361537544E-20  3.239478510583107E-20 3
 400    7980.00    8000.00  4.764229213829360E-19  4.764229212356143E-19 1
 401    8000.00    8020.00  5.793281899631337E-19  5.793279928877099E-19 2
 402    8020.00    8040.00  2.801291198726605E-17  2.727469629526360E-17 5
 403    8040.00    8060.00  1.472946731870739E-19  1.054041035923087E-19 2
 404    8060.00    8080.00  2.348532576437219E-15  2.255225219642687E-15 2
 405    8080.00    8100.00  9.443541251741032E-22  8.383709855182774E-22 2
 406    8100.00    8120.00  1.231776320743994E-15  1.213840360074487E-15 3
 407    8120.00    8140.00  6.560234279875302E-16  5.558354004540709E-16 5
 408    8140.00    8160.00  3.489384373309527E-16  3.489217565561957E-16 3
 409    8160.00    8180.00  3.730395718270195E-19  3.488886318658442E-19 2
 410    8180.00    8200.00  3.325956929832801E-22  3.169754890432400E-22 3
 411    8200.00    8220.00  6.881941699621858E-14  6.881928246173740E-14 3
 412    8220.00    8240.00  1.653650447376653E-15  1.653649309009460E-15 3
 413    8240.00    8260.00  8.243677578447641E-14  7.721344984672492E-14 5
 414    8260.00    8280.00  3.024518059291529E-21  3.024518058366549E-21 1
 415    8280.00    8300.00  8.645507176232210E-22  8.075827392494869E-22 2
 416    8300.00    8320.00  1.285293693058571E-16  1.285293692618393E-16 1
 417    8320.00    8340.00  9.178395519486971E-16  9.178395455125953E-16 2
 418    8340.00    8360.00  4.904626068454020E-27  4.904626067018234E-27 1
 419    8360.00    8380.00  2.578215378294494E-21  2.578210455632616E-21 2
 420    8380.00    8400.00  3.348386406113589E-20  3.348386405078185E-20 1
 421    8400.00    8420.00  1.077789448264216E-18  1.077779755161440E-18 2
 422    8420.00    8440.00  3.163321101992161E-20  2.908494321085397E-20 2
 423    8440.00    8460.00  6.237961409796430E-21  6.237961407912476E-21 1
 424    8460.00    8480.00  8.022915820157749E-19  6.349584527707501E-19 2
 425    8480.00    8500.00  0.000000000000000E+00  0.000000000000000E+00 0
 426    8500.00    8520.00  2.593727434217352E-20  1.823378979266102E-20 3
 427    8520.00    8540.00  0.000000000000000E+00  0.000000000000000E+00 0
 428    8540.00    8560.00  4.878595393740179E-18  4.878595392231596E-18 1
 429    8560.00    8580.00  6.590428361512135E-26  6.590428359490799E-26 1
 430    8580.00    8600.00  8.966659590277199E-23  8.579486190153181E-23 2
 431    8600.00    8620.00  0.000000000000000E+00  0.000000000000000E+00 0
 432    8620.00    8640.00  3.585780517349979E-19  3.584151713710707E-19 2
 433    8640.00    8660.00  6.529416946504966E-16  6.529416944268815E-16 1
 434    8660.00    8680.00  6.288944489511824E-18  6.288944487839081E-18 1
 435    8680.00    8700.00  4.405752149330951E-20  4.405752147968584E-20 1
 436    8700.00    8720.00  5.404361482678067E-29  5.404361481137465E-29 1
 437    8720.00    8740.00  7.004795423899430E-21  7.004795421844988E-21 1
 438    8740.00    8760.00  0.000000000000000E+00  0.000000000000000E+00 0
 439    8760.00    8780.00  0.000000000000000E+00  0.000000000000000E+00 0
 440    8780.00    8800.00  3.939368722890797E-28  3.939368721767815E-28 1
 441    8800.00    8820.00  0.000000000000000E+00  0.000000000000000E+00 0
 442    8820.00    8840.00  2.943087583554607E-17  2.943087582644532E-17 1
 443    8840.00    8860.00  0.000000000000000E+00  0.000000000000000E+00 0
 444    8860.00    8880.00  6.454111467164796E-17  6.454111455956598E-17 2
 445    8880.00    8900.00  1.481384352055613E-17  1.048610672205909E-17 4
 446    8900.00    8920.00  0.000000000000000E+00  0.000000000000000E+00 0
 447    8920.00    8940.00  2.110150687987669E-19  1.834728046271416E-19 3
 448    8940.00    8960.00  2.609937779036867E-20  2.609859679780792E-20 2
 449    8960.00    8980.00  9.930963314933969E-16  9.930962581699078E-16 2
 450    8980.00    9000.00  0.000000000000000E+00  0.000000000000000E+00 0
 451    9000.00    9020.00  8.900760341115889E-20  8.900760338441532E-20 1
 452    9020.00    9040.00  0.000000000000000E+00  0.000000000000000E+00 0
 453    9040.00    9060.00  0.000000000000000E+00  0.000000000000000E+00 0
 454    9060.00    9080.00  0.000000000000000E+00  0.000000000000000E+00 0
 455    9080.00    9100.00  0.000000000000000E+00  0.000000000000000E+00 0
 456    9100.00    9120.00  0.000000000000000E+00  0.000000000000000E+00 0
 457    9120.00    9140.00  0.000000000000000E+00  0.000000000000000E+00 0
 458    9140.00    9160.00  1.268608537877305E-19  1.268608537517940E-19 1
 459    9160.00    9180.00  0.000000000000000E+00  0.000000000000000E+00 0
 460    9180.00    9200.00  0.000000000000000E+00  0.000000000000000E+00 0
 461    9200.00    9220.00  0.000000000000000E+00  0.000000000000000E+00 0
 462    9220.00    9240.00  0.000000000000000E+00  0.000000000000000E+00 0
 463    9240.00    9260.00  0.000000000000000E+00  0.000000000000000E+00 0
 464    9260.00    9280.00  0.000000000000000E+00  0.000000000000000E+00 0
 465    9280.00    9300.00  0.000000000000000E+00  0.000000000000000E+00 0
 466    9300.00    9320.00  0.000000000000000E+00  0.000000000000000E+00 0
 467    9320.00    9340.00  0.000000000000000E+00  0.000000000000000E+00 0
 468    9340.00    9360.00  1.311845929356208E-22  1.311845928949288E-22 1
 469    9360.00    9380.00  0.000000000000000E+00  0.000000000000000E+00 0
 470    9380.00    9400.00  0.000000000000000E+00  0.000000000000000E+00 0
 471    9400.00    9420.00  0.000000000000000E+00  0.000000000000000E+00 0
 472    9420.00    9440.00  1.371555708618139E-19  1.371555708148418E-19 1
 473    9440.00    9460.00  0.000000000000000E+00  0.000000000000000E+00 0
 474    9460.00    9480.00  0.000000000000000E+00  0.000000000000000E+00 0
 475    9480.00    9500.00  0.000000000000000E+00  0.000000000000000E+00 0
 476    9500.00    9520.00  0.000000000000000E+00  0.000000000000000E+00 0
 477    9520.00    9540.00  0.000000000000000E+00  0.000000000000000E+00 0
 478    9540.00    9560.00  0.000000000000000E+00  0.000000000000000E+00 0
 479    9560.00    9580.00  0.000000000000000E+00  0.000000000000000E+00 0
 480    9580.00    9600.00  0.000000000000000E+00  0.000000000000000E+00 0
 481    9600.00    9620.00  0.000000000000000E+00  0.000000000000000E+00 0
 482    9620.00    9640.00  0.000000000000000E+00  0.000000000000000E+00 0
 483    9640.00    9660.00  0.000000000000000E+00  0.000000000000000E+00 0
 484    9660.00    9680.00  0.000000000000000E+00  0.000000000000000E+00 0
 485    9680.00    9700.00  0.000000000000000E+00  0.000000000000000E+00 0
 486    9700.00    9720.00  0.000000000000000E+00  0.000000000000000E+00 0
 487    9720.00    9740.00  0.000000000000000E+00  0.000000000000000E+00 0
 488    9740.00    9760.00  0.000000000000000E+00  0.000000000000000E+00 0
 489    9760.00    9780.00  0.000000000000000E+00  0.000000000000000E+00 0
 490    9780.00    9800.00  1.666443089515684E-23  1.666443089035542E-23 1
 491    9800.00    9820.00  0.000000000000000E+00  0.000000000000000E+00 0
 492    9820.00    9840.00  0.000000000000000E+00  0.000000000000000E+00 0
 493    9840.00    9860.00  0.000000000000000E+00  0.000000000000000E+00 0
 494    9860.00    9880.00  0.000000000000000E+00  0.000000000000000E+00 0
 495    9880.00    9900.00  0.000000000000000E+00  0.000000000000000E+00 0
 496    9900.00    9920.00  0.000000000000000E+00  0.000000000000000E+00 0
 497    9920.00    9940.00  0.000000000000000E+00  0.000000000000000E+00 0
 498    9940.00    9960.00  1.272639868454472E-17  1.272639868060940E-17 1
 499    9960.00    9980.00  0.000000000000000E+00  0.000000000000000E+00 0
 500    9980.00   10000.00  0.000000000000000E+00  0.000000000000000E+00 0
 501   10000.00   10020.00  0.000000000000000E+00  0.000000000000000E+00 0
 502   10020.00   10040.00  0.000000000000000E+00  0.000000000000000E+00 0
 503   10040.00   10060.00  0.000000000000000E+00  0.000000000000000E+00 0
 504   10060.00   10080.00  0.000000000000000E+00  0.000000000000000E+00 0
 505   10080.00   10100.00  0.000000000000000E+00  0.000000000000000E+00 0
 506   10100.00   10120.00  0.000000000000000E+00  0.000000000000000E+00 0
 507   10120.00   10140.00  0.000000000000000E+00  0.000000000000000E+00 0
 508   10140.00   10160.00  0.000000000000000E+00  0.000000000000000E+00 0
 509   10160.00   10180.00  0.000000000000000E+00  0.000000000000000E+00 0
 510   10180.00   10200.00  0.000000000000000E+00  0.000000000000000E+00 0
 511   10200.00   10220.00  0.000000000000000E+00  0.000000000000000E+00 0
 512   10220.00   10240.00  0.000000000000000E+00  0.000000000000000E+00 0
 513   10240.00   10260.00  0.000000000000000E+00  0.000000000000000E+00 0
 514   10260.00   10280.00  0.000000000000000E+00  0.000000000000000E+00 0
 515   10280.00   10300.00  0.000000000000000E+00  0.000000000000000E+00 0
 516   10300.00   10320.00  0.000000000000000E+00  0.000000000000000E+00 0
 517   10320.00   10340.00  0.000000000000000E+00  0.000000000000000E+00 0
 518   10340.00   10360.00  0.000000000000000E+00  0.000000000000000E+00 0
 519   10360.00   10380.00  0.000000000000000E+00  0.000000000000000E+00 0
 520   10380.00   10400.00  0.000000000000000E+00  0.000000000000000E+00 0
 521   10400.00   10420.00  0.000000000000000E+00  0.000000000000000E+00 0
 522   10420.00   10440.00  0.000000000000000E+00  0.000000000000000E+00 0
 523   10440.00   10460.00  0.000000000000000E+00  0.000000000000000E+00 0
 524   10460.00   10480.00  0.000000000000000E+00  0.000000000000000E+00 0
 525   10480.00   10500.00  0.000000000000000E+00  0.000000000000000E+00 0
 526   10500.00   10520.00  0.000000000000000E+00  0.000000000000000E+00 0
 527   10520.00   10540.00  0.000000000000000E+00  0.000000000000000E+00 0
 528   10540.00   10560.00  0.000000000000000E+00  0.000000000000000E+00 0
 529   10560.00   10580.00  0.000000000000000E+00  0.000000000000000E+00 0
 530   10580.00   10600.00  0.000000000000000E+00  0.000000000000000E+00 0
 531   10600.00   10620.00  0.000000000000000E+00  0.000000000000000E+00 0
 532   10620.00   10640.00  0.000000000000000E+00  0.000000000000000E+00 0
 533   10640.00   10660.00  0.000000000000000E+00  0.000000000000000E+00 0
 534   10660.00   10680.00  0.000000000000000E+00  0.000000000000000E+00 0
 535   10680.00   10700.00  0.000000000000000E+00  0.000000000000000E+00 0
 536   10700.00   10720.00  0.000000000000000E+00  0.000000000000000E+00 0
 537   10720.00   10740.00  0.000000000000000E+00  0.000000000000000E+00 0
 538   10740.00   10760.00  0.000000000000000E+00  0.000000000000000E+00 0
 539   10760.00   10780.00  0.000000000000000E+00  0.000000000000000E+00 0
 540   10780.00   10800.00  0.000000000000000E+00  0.000000000000000E+00 0
 541   10800.00   10820.00  0.000000000000000E+00  0.000000000000000E+00 0
 542   10820.00   10840.00  0.000000000000000E+00  0.000000000000000E+00 0
 543   10840.00   10860.00  0.000000000000000E+00  0.000000000000000E+00 0
 544   10860.00   10880.00  0.000000000000000E+00  0.000000000000000E+00 0
 545   10880.00   10900.00  0.000000000000000E+00  0.000000000000000E+00 0
 546   10900.00   10920.00  0.000000000000000E+00  0.000000000000000E+00 0
 547   10920.00   10940.00  0.000000000000000E+00  0.000000000000000E+00 0
 548   10940.00   10960.00  0.000000000000000E+00  0.000000000000000E+00 0
 549   10960.00   10980.00  0.000000000000000E+00  0.000000000000000E+00 0
 550   10980.00   11000.00  0.000000000000000E+00  0.000000000000000E+00 0
 551   11000.00   11020.00  0.000000000000000E+00  0.000000000000000E+00 0
 552   11020.00   11040.00  0.000000000000000E+00  0.000000000000000E+00 0
 553   11040.00   11060.00  0.000000000000000E+00  0.000000000000000E+00 0
 554   11060.00   11080.00  0.000000000000000E+00  0.000000000000000E+00 0
 555   11080.00   11100.00  0.000000000000000E+00  0.000000000000000E+00 0
 556   11100.00   11120.00  0.000000000000000E+00  0.000000000000000E+00 0
 557   11120.00   11140.00  0.000000000000000E+00  0.000000000000000E+00 0
 558   11140.00   11160.00  0.000000000000000E+00  0.000000000000000E+00 0
 559   11160.00   11180.00  0.000000000000000E+00  0.000000000000000E+00 0
 560   11180.00   11200.00  0.000000000000000E+00  0.000000000000000E+00 0
 561   11200.00   11220.00  0.000000000000000E+00  0.000000000000000E+00 0
 562   11220.00   11240.00  0.000000000000000E+00  0.000000000000000E+00 0
 563   11240.00   11260.00  0.000000000000000E+00  0.000000000000000E+00 0
 564   11260.00   11280.00  0.000000000000000E+00  0.000000000000000E+00 0
 565   11280.00   11300.00  0.000000000000000E+00  0.000000000000000E+00 0
 566   11300.00   11320.00  0.000000000000000E+00  0.000000000000000E+00 0
 567   11320.00   11340.00  0.000000000000000E+00  0.000000000000000E+00 0
 568   11340.00   11360.00  0.000000000000000E+00  0.000000000000000E+00 0
 569   11360.00   11380.00  0.000000000000000E+00  0.000000000000000E+00 0
 570   11380.00   11400.00  0.000000000000000E+00  0.000000000000000E+00 0
 571   11400.00   11420.00  0.000000000000000E+00  0.000000000000000E+00 0
 572   11420.00   11440.00  0.000000000000000E+00  0.000000000000000E+00 0
 573   11440.00   11460.00  0.000000000000000E+00  0.000000000000000E+00 0
 574   11460.00   11480.00  0.000000000000000E+00  0.000000000000000E+00 0
 575   11480.00   11500.00  0.000000000000000E+00  0.000000000000000E+00 0
 576   11500.00   11520.00  0.000000000000000E+00  0.000000000000000E+00 0
 577   11520.00   11540.00  0.000000000000000E+00  0.000000000000000E+00 0
 578   11540.00   11560.00  0.000000000000000E+00  0.000000000000000E+00 0
 579   11560.00   11580.00  0.000000000000000E+00  0.000000000000000E+00 0
 580   11580.00   11600.00  0.000000000000000E+00  0.000000000000000E+00 0
 581   11600.00   11620.00  0.000000000000000E+00  0.000000000000000E+00 0
 582   11620.00   11640.00  0.000000000000000E+00  0.000000000000000E+00 0
 583   11640.00   11660.00  0.000000000000000E+00  0.000000000000000E+00 0
 584   11660.00   11680.00  0.000000000000000E+00  0.000000000000000E+00 0
 585   11680.00   11700.00  0.000000000000000E+00  0.000000000000000E+00 0
 586   11700.00   11720.00  0.000000000000000E+00  0.000000000000000E+00 0
 587   11720.00   11740.00  0.000000000000000E+00  0.000000000000000E+00 0
 588   11740.00   11760.00  0.000000000000000E+00  0.000000000000000E+00 0
 589   11760.00   11780.00  0.000000000000000E+00  0.000000000000000E+00 0
 590   11780.00   11800.00  0.000000000000000E+00  0.000000000000000E+00 0
 591   11800.00   11820.00  0.000000000000000E+00  0.000000000000000E+00 0
 592   11820.00   11840.00  0.000000000000000E+00  0.000000000000000E+00 0
 593   11840.00   11860.00  0.000000000000000E+00  0.000000000000000E+00 0
 594   11860.00   11880.00  0.000000000000000E+00  0.000000000000000E+00 0
 595   11880.00   11900.00  0.000000000000000E+00  0.000000000000000E+00 0
 596   11900.00   11920.00  0.000000000000000E+00  0.000000000000000E+00 0
 597   11920.00   11940.00  0.000000000000000E+00  0.000000000000000E+00 0
 598   11940.00   11960.00  0.000000000000000E+00  0.000000000000000E+00 0
 599   11960.00   11980.00  0.000000000000000E+00  0.000000000000000E+00 0
 600   11980.00   12000.00  0.000000000000000E+00  0.000000000000000E+00 0
 601   12000.00   12020.00  0.000000000000000E+00  0.000000000000000E+00 0
 602   12020.00   12040.00  0.000000000000000E+00  0.000000000000000E+00 0
 603   12040.00   12060.00  0.000000000000000E+00  0.000000000000000E+00 0
 604   12060.00   12080.00  0.000000000000000E+00  0.000000000000000E+00 0
 605   12080.00   12100.00  0.000000000000000E+00  0.000000000000000E+00 0
 606   12100.00   12120.00  0.000000000000000E+00  0.000000000000000E+00 0
 607   12120.00   12140.00  0.000000000000000E+00  0.000000000000000E+00 0
 608   12140.00   12160.00  0.000000000000000E+00  0.000000000000000E+00 0
 609   12160.00   12180.00  0.000000000000000E+00  0.000000000000000E+00 0
 610   12180.00   12200.00  0.000000000000000E+00  0.000000000000000E+00 0
 611   12200.00   12220.00  0.000000000000000E+00  0.000000000000000E+00 0
 612   12220.00   12240.00  0.000000000000000E+00  0.000000000000000E+00 0
 613   12240.00   12260.00  0.000000000000000E+00  0.000000000000000E+00 0
 614   12260.00   12280.00  0.000000000000000E+00  0.000000000000000E+00 0
 615   12280.00   12300.00  0.000000000000000E+00  0.000000000000000E+00 0
 616   12300.00   12320.00  0.000000000000000E+00  0.000000000000000E+00 0
 617   12320.00   12340.00  0.000000000000000E+00  0.000000000000000E+00 0
 618   12340.00   12360.00  0.000000000000000E+00  0.000000000000000E+00 0
 619   12360.00   12380.00  0.000000000000000E+00  0.000000000000000E+00 0
 620   12380.00   12400.00  0.000000000000000E+00  0.000000000000000E+00 0
 621   12400.00   12420.00  0.000000000000000E+00  0.000000000000000E+00 0
 622   12420.00   12440.00  0.000000000000000E+00  0.000000000000000E+00 0
 623   12440.00   12460.00  0.000000000000000E+00  0.000000000000000E+00 0
 624   12460.00   12480.00  0.000000000000000E+00  0.000000000000000E+00 0
 625   12480.00   12500.00  0.000000000000000E+00  0.000000000000000E+00 0
 626   12500.00   12520.00  0.000000000000000E+00  0.000000000000000E+00 0
 627   12520.00   12540.00  0.000000000000000E+00  0.000000000000000E+00 0
 628   12540.00   12560.00  0.000000000000000E+00  0.000000000000000E+00 0
 629   12560.00   12580.00  0.000000000000000E+00  0.000000000000000E+00 0
 630   12580.00   12600.00  0.000000000000000E+00  0.000000000000000E+00 0
 631   12600.00   12620.00  0.000000000000000E+00  0.000000000000000E+00 0
 632   12620.00   12640.00  0.000000000000000E+00  0.000000000000000E+00 0
 633   12640.00   12660.00  0.000000000000000E+00  0.000000000000000E+00 0
 634   12660.00   12680.00  0.000000000000000E+00  0.000000000000000E+00 0
 635   12680.00   12700.00  0.000000000000000E+00  0.000000000000000E+00 0
 636   12700.00   12720.00  0.000000000000000E+00  0.000000000000000E+00 0
 637   12720.00   12740.00  0.000000000000000E+00  0.000000000000000E+00 0
 638   12740.00   12760.00  0.000000000000000E+00  0.000000000000000E+00 0
 639   12760.00   12780.00  0.000000000000000E+00  0.000000000000000E+00 0
 640   12780.00   12800.00  0.000000000000000E+00  0.000000000000000E+00 0
 641   12800.00   12820.00  0.000000000000000E+00  0.000000000000000E+00 0
 642   12820.00   12840.00  0.000000000000000E+00  0.000000000000000E+00 0
 643   12840.00   12860.00  0.000000000000000E+00  0.000000000000000E+00 0
 644   12860.00   12880.00  0.000000000000000E+00  0.000000000000000E+00 0
 645   12880.00   12900.00  0.000000000000000E+00  0.000000000000000E+00 0
 646   12900.00   12920.00  0.000000000000000E+00  0.000000000000000E+00 0
 647   12920.00   12940.00  0.000000000000000E+00  0.000000000000000E+00 0
 648   12940.00   12960.00  0.000000000000000E+00  0.000000000000000E+00 0
 649   12960.00   12980.00  0.000000000000000E+00  0.000000000000000E+00 0
 650   12980.00   13000.00  0.000000000000000E+00  0.000000000000000E+00 0
# Underflow:                 0.0000000000000000E+00  0.0000000000000000E+00 0
# Overflow:                  0.0000000000000000E+00  0.0000000000000000E+00 0
#-------------------------------------------------------------------------------------
# Sum:                       6.4819152032521612E-03  3.2811046190525319E-06 52479000
#=====================================================================================
