# title = Missing Transverse Momentum
# xlabel = $p_{\text{T},\text{miss}}\,$[GeV]
# ylabel = $\frac{\text{d}\sigma}{\text{d}p_{\text{T},\text{miss}}}\,\left[\frac{\text{fb}}{\text{GeV}}\right]$
# xmin=  0.000E+00
# xmax=  8.000E+02
# ymin=  1.000E-06
# ymax=  1.000E-02
# kmin= -5.000E+01
# kmax=  1.000E+01
# logscale = true
# Renormalization and factorization scale scaled by: 2.0000000000
# Renormalization scaled by: 2.0000000000
# Number of generated events: 1634909473
#
#=====================================================================================
# No.       Left      Right                   Value                   Error Hits
#-------------------------------------------------------------------------------------
   1      10.00      30.00  7.640484425691630E-03  3.640380376245779E-06 423696278
   2      30.00      50.00  8.219675226769000E-03  4.503611305650846E-06 429851690
   3      50.00      70.00  6.018544865856207E-03  4.087108205880725E-06 310433600
   4      70.00      90.00  3.903744208202523E-03  3.195589604782692E-06 225459360
   5      90.00     110.00  2.552112961152225E-03  2.415123980851585E-06 171573292
   6     110.00     130.00  1.810281573257479E-03  1.955552092676462E-06 137774640
   7     130.00     150.00  1.331379774848527E-03  1.608146432902721E-06 113610451
   8     150.00     170.00  1.007284277280860E-03  1.359903472869966E-06 95266148
   9     170.00     190.00  7.696180676917705E-04  1.173383907192382E-06 80966032
  10     190.00     210.00  5.990503322417047E-04  9.922166426024490E-07 69544332
  11     210.00     230.00  4.677554014929577E-04  8.431998055320455E-07 60260970
  12     230.00     250.00  3.703680857293114E-04  7.468310106280260E-07 52584549
  13     250.00     270.00  2.937232519514675E-04  6.386904733834939E-07 46215238
  14     270.00     290.00  2.350091550080119E-04  5.573265748567118E-07 40824729
  15     290.00     310.00  1.884148742298502E-04  4.825039018078231E-07 36256977
  16     310.00     330.00  1.530462897257155E-04  4.348525689998624E-07 32357911
  17     330.00     350.00  1.233475638971007E-04  3.704813624880856E-07 28972305
  18     350.00     370.00  1.012214847743278E-04  3.264941502607618E-07 26056184
  19     370.00     390.00  8.291456430752287E-05  2.895484270902338E-07 23503778
  20     390.00     410.00  6.816622799076025E-05  2.460658713184626E-07 21269968
  21     410.00     430.00  5.634207622205170E-05  2.191875419411321E-07 19305217
  22     430.00     450.00  4.658440767541329E-05  1.961349095908064E-07 17560929
  23     450.00     470.00  3.858326354475174E-05  1.715830335507361E-07 16018828
  24     470.00     490.00  3.203477665320926E-05  1.527560567889592E-07 14649839
  25     490.00     510.00  2.670428717504812E-05  1.294662109943714E-07 13420016
  26     510.00     530.00  2.283544840282472E-05  1.331527286570769E-07 12315950
  27     530.00     550.00  1.905900253712864E-05  1.053248804260016E-07 11332781
  28     550.00     570.00  1.598337824130259E-05  9.316054737077676E-08 10434963
  29     570.00     590.00  1.332807826741271E-05  8.135855981955783E-08 9626522
  30     590.00     610.00  1.128376656859406E-05  7.159691474439448E-08 8898082
  31     610.00     630.00  9.713328729512143E-06  6.877729720465908E-08 8240158
  32     630.00     650.00  8.168551263262634E-06  5.849579940553442E-08 7637309
  33     650.00     670.00  7.133239060492442E-06  5.345047247285420E-08 7089763
  34     670.00     690.00  6.078376500916095E-06  4.735528041331172E-08 6586870
  35     690.00     710.00  5.190406082561182E-06  4.177898727566625E-08 6129719
  36     710.00     730.00  4.385793587642198E-06  3.795779543661230E-08 5704113
  37     730.00     750.00  3.873996051236148E-06  3.673547291541626E-08 5324259
  38     750.00     770.00  3.233313008659122E-06  2.950546751011357E-08 4963563
  39     770.00     790.00  2.856476394469774E-06  2.840463756829736E-08 4639126
  40     790.00     810.00  2.485667147329587E-06  2.750175592139914E-08 4340606
  41     810.00     830.00  2.122935579213339E-06  2.119197862621624E-08 4063512
  42     830.00     850.00  1.846098008940818E-06  2.111296134383386E-08 3809150
  43     850.00     870.00  1.604840573056995E-06  1.778647203607061E-08 3572005
  44     870.00     890.00  1.384888861443332E-06  1.622478716426176E-08 3349547
  45     890.00     910.00  1.235716152814220E-06  1.555746857986865E-08 3148583
  46     910.00     930.00  1.057803209910558E-06  1.375243864389605E-08 2957565
  47     930.00     950.00  9.197803027623682E-07  1.270352542568153E-08 2781658
  48     950.00     970.00  8.000023254011086E-07  1.069189015750606E-08 2617846
  49     970.00     990.00  7.173249196042808E-07  1.272152519142586E-08 2468247
  50     990.00    1010.00  6.074527295455369E-07  9.182080076865801E-09 2326284
  51    1010.00    1030.00  5.423231333389092E-07  8.393558223975701E-09 2192143
  52    1030.00    1050.00  4.820737584009092E-07  8.874779550035094E-09 2069039
  53    1050.00    1070.00  4.269919303233605E-07  7.640773564239794E-09 1952421
  54    1070.00    1090.00  3.723870930697636E-07  6.179317889165381E-09 1845702
  55    1090.00    1110.00  3.326792410147620E-07  6.267432854069743E-09 1745432
  56    1110.00    1130.00  2.894980702775116E-07  1.034008546694350E-08 1649283
  57    1130.00    1150.00  2.475496674658329E-07  4.479730974761608E-09 1559115
  58    1150.00    1170.00  2.213981079955076E-07  5.250837142307688E-09 1478646
  59    1170.00    1190.00  1.937135529551124E-07  3.684058590205302E-09 1398876
  60    1190.00    1210.00  1.727300000470693E-07  3.740269825942387E-09 1326574
  61    1210.00    1230.00  1.592191619174724E-07  4.176979806459929E-09 1256193
  62    1230.00    1250.00  1.383918035899192E-07  3.034980109669994E-09 1190581
  63    1250.00    1270.00  1.220522798672713E-07  2.954527970579360E-09 1128248
  64    1270.00    1290.00  1.064336292445697E-07  2.697276656215694E-09 1072266
  65    1290.00    1310.00  9.565240708101148E-08  2.258188360367671E-09 1018353
  66    1310.00    1330.00  8.178847650023475E-08  1.904544678624567E-09 968182
  67    1330.00    1350.00  7.597103659819667E-08  2.200834447760562E-09 919948
  68    1350.00    1370.00  6.722444854045013E-08  1.845766659259392E-09 873994
  69    1370.00    1390.00  5.854131001821009E-08  1.385315387853980E-09 830623
  70    1390.00    1410.00  5.163623621851109E-08  1.595068073826006E-09 790997
  71    1410.00    1430.00  4.617706734572181E-08  1.218304534206090E-09 751549
  72    1430.00    1450.00  4.136033015544500E-08  1.176128585550309E-09 714958
  73    1450.00    1470.00  3.561618513922597E-08  9.378120206748425E-10 681259
  74    1470.00    1490.00  3.457322383272339E-08  1.219433487051867E-09 648445
  75    1490.00    1510.00  2.933019270630703E-08  1.010702731467125E-09 618210
  76    1510.00    1530.00  2.834507814802427E-08  1.066281315665139E-09 588346
  77    1530.00    1550.00  2.355179914741455E-08  7.911362474352170E-10 562137
  78    1550.00    1570.00  2.191260279121807E-08  7.647017659956954E-10 535946
  79    1570.00    1590.00  1.909070735993882E-08  6.398275913655299E-10 509779
  80    1590.00    1610.00  1.642387597929630E-08  4.925594636219033E-10 486790
  81    1610.00    1630.00  1.486884125932080E-08  5.285207462395773E-10 464217
  82    1630.00    1650.00  1.388521569562086E-08  4.969929537097838E-10 442397
  83    1650.00    1670.00  1.189659723850284E-08  4.296982633967986E-10 422954
  84    1670.00    1690.00  1.178979920212725E-08  6.629888424843056E-10 403464
  85    1690.00    1710.00  9.237839865980239E-09  3.142476029698160E-10 384260
  86    1710.00    1730.00  8.318720901900001E-09  3.020815038408251E-10 368328
  87    1730.00    1750.00  7.961819702086109E-09  3.313005963866798E-10 351770
  88    1750.00    1770.00  7.848337916152497E-09  4.119391305087138E-10 336107
  89    1770.00    1790.00  6.329227170860020E-09  2.624639129500825E-10 322120
  90    1790.00    1810.00  5.672648444154158E-09  2.916548649997020E-10 306820
  91    1810.00    1830.00  5.552523352042360E-09  2.911028887581365E-10 293319
  92    1830.00    1850.00  4.533206875144468E-09  2.171857842213242E-10 279503
  93    1850.00    1870.00  4.272867125773765E-09  2.015983229015351E-10 268642
  94    1870.00    1890.00  3.415523514544708E-09  1.399323153808528E-10 256624
  95    1890.00    1910.00  3.481377922537305E-09  1.823090699809403E-10 245013
  96    1910.00    1930.00  3.141346846351544E-09  1.643375115419150E-10 234322
  97    1930.00    1950.00  2.718073337423059E-09  1.529405718168827E-10 224376
  98    1950.00    1970.00  2.526479848363459E-09  1.322243424474651E-10 214965
  99    1970.00    1990.00  2.130129751606094E-09  1.097531552269459E-10 204898
 100    1990.00    2010.00  2.132678710250319E-09  1.401046113778549E-10 197198
 101    2010.00    2030.00  1.581022329148927E-09  7.231600394758115E-11 188014
 102    2030.00    2050.00  1.645911482875600E-09  9.441866306206516E-11 180211
 103    2050.00    2070.00  1.454585839532495E-09  8.651486551008663E-11 172749
 104    2070.00    2090.00  1.264810355294149E-09  6.294700012101396E-11 164830
 105    2090.00    2110.00  1.142768021910410E-09  5.724801298535477E-11 158094
 106    2110.00    2130.00  1.041288333545909E-09  8.545302039093910E-11 151539
 107    2130.00    2150.00  9.969271196258137E-10  5.563328165786346E-11 145762
 108    2150.00    2170.00  9.118534519750529E-10  7.223618746917047E-11 139516
 109    2170.00    2190.00  7.733283139665044E-10  4.615857801926120E-11 133029
 110    2190.00    2210.00  8.239268655212309E-10  8.134817606825005E-11 127812
 111    2210.00    2230.00  6.049358015213871E-10  5.331468207134923E-11 123083
 112    2230.00    2250.00  5.897979369732072E-10  4.439059106843507E-11 117348
 113    2250.00    2270.00  5.458519833737981E-10  4.357882242396170E-11 111774
 114    2270.00    2290.00  4.453562989301006E-10  2.878108104887258E-11 107679
 115    2290.00    2310.00  4.102147401215259E-10  2.659053127927791E-11 103089
 116    2310.00    2330.00  3.510813600934332E-10  2.006650906353676E-11 99005
 117    2330.00    2350.00  3.610862081029732E-10  2.488195781728059E-11 95041
 118    2350.00    2370.00  2.907195046169880E-10  1.738335135162183E-11 90626
 119    2370.00    2390.00  2.744007508050508E-10  2.514840950173896E-11 86692
 120    2390.00    2410.00  2.725419327205125E-10  2.093974410094436E-11 83729
 121    2410.00    2430.00  2.262561781403895E-10  1.390564193782305E-11 80071
 122    2430.00    2450.00  1.947639349643178E-10  1.275261913187008E-11 77562
 123    2450.00    2470.00  2.157665678879090E-10  3.860410786053573E-11 74116
 124    2470.00    2490.00  1.795444347163541E-10  1.483706195862880E-11 70733
 125    2490.00    2510.00  1.648808436168080E-10  1.189211160488230E-11 67912
 126    2510.00    2530.00  1.312644128768752E-10  8.108618014420246E-12 64620
 127    2530.00    2550.00  1.412410402401210E-10  1.436181413196052E-11 62554
 128    2550.00    2570.00  1.109517432132246E-10  8.440573999312615E-12 59610
 129    2570.00    2590.00  8.790224317063591E-11  9.335164563111014E-12 57527
 130    2590.00    2610.00  1.030634412307368E-10  1.006027608962251E-11 55208
 131    2610.00    2630.00  9.674281429899794E-11  1.243137197777802E-11 52803
 132    2630.00    2650.00  1.234143837266615E-10  3.892848008554786E-11 50510
 133    2650.00    2670.00  7.604352971056904E-11  6.334224714846734E-12 49029
 134    2670.00    2690.00  6.542237765523934E-11  5.746671245045465E-12 46939
 135    2690.00    2710.00  6.309786094411629E-11  6.100511709607293E-12 44790
 136    2710.00    2730.00  5.837941174392181E-11  5.453213873849217E-12 42958
 137    2730.00    2750.00  5.263326060833104E-11  6.296797296238149E-12 41241
 138    2750.00    2770.00  4.118925340607011E-11  3.679154727086970E-12 39541
 139    2770.00    2790.00  3.915053058038693E-11  3.159326246325087E-12 37834
 140    2790.00    2810.00  4.279123006956317E-11  5.268063125990934E-12 36397
 141    2810.00    2830.00  3.400354639516248E-11  4.527888997634897E-12 35099
 142    2830.00    2850.00  2.835973241144308E-11  2.779813307855347E-12 33332
 143    2850.00    2870.00  2.532584759471904E-11  2.333610158408101E-12 32117
 144    2870.00    2890.00  3.475572817196014E-11  1.325363700032827E-11 30649
 145    2890.00    2910.00  2.067795186714427E-11  2.841274385703359E-12 29590
 146    2910.00    2930.00  2.167561730705217E-11  2.982330083204490E-12 28447
 147    2930.00    2950.00  1.359944665596174E-10  1.157660682600839E-10 26902
 148    2950.00    2970.00  1.492723981238593E-11  1.467111653706814E-12 26389
 149    2970.00    2990.00  2.226951837168473E-11  3.899890870202590E-12 24953
 150    2990.00    3010.00  1.946517904598099E-11  7.665310024689986E-12 23818
 151    3010.00    3030.00  1.204122729366310E-11  1.337930652535168E-12 23144
 152    3030.00    3050.00  8.773746468579503E-12  9.180368468992886E-13 22074
 153    3050.00    3070.00  9.278032165420347E-12  1.040023934149586E-12 21051
 154    3070.00    3090.00  7.751197242426842E-12  8.128558116349948E-13 20022
 155    3090.00    3110.00  7.437582027005047E-12  1.020836708057464E-12 19227
 156    3110.00    3130.00  6.954633901881820E-12  7.968313910314711E-13 18522
 157    3130.00    3150.00  6.096331989486441E-12  6.769081327461896E-13 17664
 158    3150.00    3170.00  5.959197424489078E-12  7.937920716109083E-13 17001
 159    3170.00    3190.00  5.148573350145117E-12  6.543208228007491E-13 16215
 160    3190.00    3210.00  4.776292400459544E-12  5.707872509257317E-13 15725
 161    3210.00    3230.00  8.282784436758625E-12  2.197778525949848E-12 14875
 162    3230.00    3250.00  4.617955257805021E-12  7.761229950948741E-13 14169
 163    3250.00    3270.00  4.188875679450092E-12  1.243906156545430E-12 13795
 164    3270.00    3290.00  3.010647878710987E-12  3.553030951930309E-13 13460
 165    3290.00    3310.00  3.779195083674470E-12  9.989633626336486E-13 12706
 166    3310.00    3330.00  2.541594092624382E-12  4.948976317675672E-13 12224
 167    3330.00    3350.00  8.777179437754573E-12  5.707222325268888E-12 11573
 168    3350.00    3370.00  2.981947850838047E-12  7.139934201795625E-13 10955
 169    3370.00    3390.00  2.267221465477074E-12  4.486481199143590E-13 10456
 170    3390.00    3410.00  2.579463654251113E-12  7.123468830270571E-13 10232
 171    3410.00    3430.00  2.149522507752135E-12  6.653619177636699E-13 9798
 172    3430.00    3450.00  2.952209926666747E-12  1.280928608251704E-12 9277
 173    3450.00    3470.00  1.454325165199026E-12  2.787823616633880E-13 8720
 174    3470.00    3490.00  1.043612085886459E-12  1.490602851598520E-13 8610
 175    3490.00    3510.00  7.534643186186523E-13  9.669891655031125E-14 8227
 176    3510.00    3530.00  7.021500268978343E-13  9.228429741388702E-14 7712
 177    3530.00    3550.00  1.003197583376405E-12  1.683769212892742E-13 7483
 178    3550.00    3570.00  9.037200537897283E-13  1.650071607171076E-13 7166
 179    3570.00    3590.00  4.740076756024342E-12  3.823442058761523E-12 6876
 180    3590.00    3610.00  6.960194650011297E-13  1.679515778625521E-13 6581
 181    3610.00    3630.00  7.613087233161956E-13  3.498783131761990E-13 6171
 182    3630.00    3650.00  1.403783235582753E-12  5.334599759725747E-13 5944
 183    3650.00    3670.00  5.967274052648967E-13  1.419446205804434E-13 5807
 184    3670.00    3690.00  3.323928728078434E-13  5.508387285001331E-14 5360
 185    3690.00    3710.00  4.125449552083915E-13  8.335764979475718E-14 5216
 186    3710.00    3730.00  2.662377429013472E-13  4.638677789094097E-14 4871
 187    3730.00    3750.00  2.363862366980331E-13  4.695056939123893E-14 4819
 188    3750.00    3770.00  3.767721537822919E-13  1.986274012540325E-13 4627
 189    3770.00    3790.00  2.649657014368798E-13  8.709256548823024E-14 4480
 190    3790.00    3810.00  3.313524075529196E-13  1.503299352593198E-13 4155
 191    3810.00    3830.00  1.020979477268596E-13  1.320627749212747E-14 3983
 192    3830.00    3850.00  1.431122325582076E-13  2.351510937350988E-14 3823
 193    3850.00    3870.00  1.875695050495240E-13  4.744453551913629E-14 3648
 194    3870.00    3890.00  2.347635968100269E-12  2.148145148695544E-12 3523
 195    3890.00    3910.00  1.102365752691294E-13  3.287255497848774E-14 3173
 196    3910.00    3930.00  4.115036826655024E-13  1.761253252191367E-13 3081
 197    3930.00    3950.00  9.136406755942685E-14  3.223021808451293E-14 2914
 198    3950.00    3970.00  8.951318062630623E-14  2.723127677393136E-14 2796
 199    3970.00    3990.00  8.005564477511831E-14  1.977731760659896E-14 2675
 200    3990.00    4010.00  4.246925715191141E-14  7.645080259984936E-15 2563
 201    4010.00    4030.00  5.094905628273499E-14  1.274001913298251E-14 2449
 202    4030.00    4050.00  3.928900573307537E-13  3.278631936507716E-13 2273
 203    4050.00    4070.00  4.409348068642375E-14  2.050678512806369E-14 2227
 204    4070.00    4090.00  3.749864288896541E-14  1.696342569491293E-14 2050
 205    4090.00    4110.00  1.444677668441971E-13  8.098115014889033E-14 1961
 206    4110.00    4130.00  4.410271444843878E-14  1.378480615589188E-14 1853
 207    4130.00    4150.00  2.237503995114513E-14  4.538219287277852E-15 1850
 208    4150.00    4170.00  2.327138174113226E-14  5.513336860715409E-15 1720
 209    4170.00    4190.00  3.811357808918083E-14  2.022827961337042E-14 1672
 210    4190.00    4210.00  7.084862173469660E-14  6.154500745630977E-14 1598
 211    4210.00    4230.00  1.641451829298364E-14  4.365799814108862E-15 1438
 212    4230.00    4250.00  1.232095222763468E-14  4.526145439056750E-15 1442
 213    4250.00    4270.00  1.975299124398120E-14  6.143976721534292E-15 1363
 214    4270.00    4290.00  9.378708169057374E-15  2.676567023609954E-15 1319
 215    4290.00    4310.00  1.293389885930723E-14  5.234805780252728E-15 1210
 216    4310.00    4330.00  9.008917538955301E-15  4.005254234810173E-15 1150
 217    4330.00    4350.00  9.205459349680743E-15  2.730454664910738E-15 1093
 218    4350.00    4370.00  5.447881118804303E-15  1.380506984953603E-15 1045
 219    4370.00    4390.00  5.264313593991339E-15  1.664875847740348E-15 954
 220    4390.00    4410.00  4.045667673809086E-15  1.140913732129517E-15 917
 221    4410.00    4430.00  2.241013377066099E-14  1.836621205103952E-14 828
 222    4430.00    4450.00  1.029975272602988E-14  5.825178141426207E-15 813
 223    4450.00    4470.00  2.956382923527123E-15  8.699165663675502E-16 751
 224    4470.00    4490.00  8.533217519926195E-15  4.340091297544190E-15 716
 225    4490.00    4510.00  2.626001992264481E-15  1.092727915530936E-15 686
 226    4510.00    4530.00  7.186856992146412E-15  5.442233165025735E-15 642
 227    4530.00    4550.00  6.439911835270840E-15  3.077102732254795E-15 608
 228    4550.00    4570.00  2.049011567512551E-15  6.343803237759667E-16 625
 229    4570.00    4590.00  5.515138793426035E-16  1.430417382177903E-16 548
 230    4590.00    4610.00  6.765908774035768E-16  1.892123299500284E-16 495
 231    4610.00    4630.00  1.536320722480069E-15  6.024004971349988E-16 501
 232    4630.00    4650.00  1.699462061390401E-15  5.466709370921576E-16 466
 233    4650.00    4670.00  3.083226762408965E-16  1.092236993401482E-16 395
 234    4670.00    4690.00  7.072499462499261E-16  2.781584482189574E-16 382
 235    4690.00    4710.00  7.472298223814773E-16  4.398703760075299E-16 391
 236    4710.00    4730.00  1.640375752771544E-15  7.677086128686131E-16 383
 237    4730.00    4750.00  5.586016664884372E-16  3.088459305208974E-16 366
 238    4750.00    4770.00  2.405603164841088E-15  2.229387528100933E-15 312
 239    4770.00    4790.00  1.990113434578881E-16  6.489944993148530E-17 312
 240    4790.00    4810.00  2.182550723889834E-16  8.913118981426285E-17 291
 241    4810.00    4830.00  1.293988272310042E-15  1.001675654749450E-15 273
 242    4830.00    4850.00  1.173075672168741E-16  5.270306322138327E-17 254
 243    4850.00    4870.00  6.178520863285990E-17  2.251311136236609E-17 248
 244    4870.00    4890.00  8.181483265993006E-17  3.383607331919761E-17 216
 245    4890.00    4910.00  1.890370705519890E-16  7.578872702029276E-17 221
 246    4910.00    4930.00  9.222101590031300E-17  3.943556318069507E-17 185
 247    4930.00    4950.00  2.181628384824408E-16  1.140260818933388E-16 164
 248    4950.00    4970.00  8.560714978249430E-17  5.719624366997155E-17 146
 249    4970.00    4990.00  8.259655462638521E-17  5.259399054922384E-17 171
 250    4990.00    5010.00  9.673034721886532E-18  3.735890687448624E-18 133
 251    5010.00    5030.00  1.524568988488080E-16  1.382459393953289E-16 127
 252    5030.00    5050.00  1.566721364475165E-17  6.932312232373142E-18 135
 253    5050.00    5070.00  6.005027828376814E-17  4.750607594067353E-17 123
 254    5070.00    5090.00  1.400902292758263E-17  9.506151540581323E-18 92
 255    5090.00    5110.00  2.933293747872464E-17  1.744050444527376E-17 97
 256    5110.00    5130.00  2.364978850780385E-17  1.254954031758353E-17 93
 257    5130.00    5150.00  9.378175817646868E-18  8.022959961765265E-18 71
 258    5150.00    5170.00  9.477479504120951E-18  3.889179363232632E-18 77
 259    5170.00    5190.00  1.239107153941712E-17  9.430938314006622E-18 93
 260    5190.00    5210.00  3.604967241067190E-18  1.817523681003504E-18 68
 261    5210.00    5230.00  1.525183143859001E-18  8.148112714701761E-19 48
 262    5230.00    5250.00  1.639421054419298E-18  1.137232237008402E-18 56
 263    5250.00    5270.00  4.100302302067012E-18  2.578189863708521E-18 54
 264    5270.00    5290.00  2.402956675920835E-18  1.057000880736274E-18 53
 265    5290.00    5310.00  4.343609675837745E-18  1.709687353202092E-18 51
 266    5310.00    5330.00  6.624125755895557E-19  5.946400073791176E-19 36
 267    5330.00    5350.00  1.215040281945594E-17  1.201263127626048E-17 33
 268    5350.00    5370.00  3.019581663687790E-19  1.581710339134383E-19 36
 269    5370.00    5390.00  8.499306371608777E-19  8.365483329606201E-19 26
 270    5390.00    5410.00  3.843564959992711E-20  2.565069539613303E-20 22
 271    5410.00    5430.00  2.360351793250166E-19  1.327847127155269E-19 22
 272    5430.00    5450.00  3.006078907776850E-17  2.943266872976663E-17 29
 273    5450.00    5470.00  5.466654300123479E-19  4.448696667080793E-19 17
 274    5470.00    5490.00  1.773588786599641E-19  1.320871426063458E-19 18
 275    5490.00    5510.00  1.007370185233366E-20  8.991117879605299E-21 18
 276    5510.00    5530.00  1.363513603241121E-20  6.962954995266631E-21 14
 277    5530.00    5550.00  7.713917718004784E-20  7.384367749046115E-20 12
 278    5550.00    5570.00  9.598354834483744E-20  9.593698503928533E-20 5
 279    5570.00    5590.00  1.016819592780552E-19  7.451440614178066E-20 14
 280    5590.00    5610.00  1.475929980003514E-19  1.471466883472308E-19 7
 281    5610.00    5630.00  3.611178205130964E-20  3.536033864305603E-20 9
 282    5630.00    5650.00  1.631207701896231E-21  1.591349039623679E-21 4
 283    5650.00    5670.00  1.316567065455112E-20  9.481592721811040E-21 4
 284    5670.00    5690.00  4.939861613519335E-21  4.804721975668294E-21 4
 285    5690.00    5710.00  6.898134206350652E-27  4.412092179341367E-27 3
 286    5710.00    5730.00  2.085951654404969E-23  2.072538022453003E-23 2
 287    5730.00    5750.00  1.326195138909593E-23  1.326195138509064E-23 1
 288    5750.00    5770.00  7.887810447350717E-23  7.887810444649354E-23 1
 289    5770.00    5790.00  1.102712433396941E-24  1.102712433124851E-24 1
 290    5790.00    5810.00  0.000000000000000E+00  0.000000000000000E+00 0
 291    5810.00    5830.00  1.192002369615657E-21  1.189541942027462E-21 3
 292    5830.00    5850.00  1.382368784159218E-21  1.380537060700107E-21 2
 293    5850.00    5870.00  8.600192690748275E-22  8.573727293271193E-22 3
 294    5870.00    5890.00  0.000000000000000E+00  0.000000000000000E+00 0
 295    5890.00    5910.00  1.856142322735580E-23  1.798919320347701E-23 2
 296    5910.00    5930.00  0.000000000000000E+00  0.000000000000000E+00 0
 297    5930.00    5950.00  0.000000000000000E+00  0.000000000000000E+00 0
 298    5950.00    5970.00  1.271233139990252E-25  1.271233139624671E-25 1
 299    5970.00    5990.00  0.000000000000000E+00  0.000000000000000E+00 0
 300    5990.00    6010.00  0.000000000000000E+00  0.000000000000000E+00 0
 301    6010.00    6030.00  0.000000000000000E+00  0.000000000000000E+00 0
 302    6030.00    6050.00  0.000000000000000E+00  0.000000000000000E+00 0
 303    6050.00    6070.00  0.000000000000000E+00  0.000000000000000E+00 0
 304    6070.00    6090.00  0.000000000000000E+00  0.000000000000000E+00 0
 305    6090.00    6110.00  0.000000000000000E+00  0.000000000000000E+00 0
 306    6110.00    6130.00  0.000000000000000E+00  0.000000000000000E+00 0
 307    6130.00    6150.00  0.000000000000000E+00  0.000000000000000E+00 0
 308    6150.00    6170.00  0.000000000000000E+00  0.000000000000000E+00 0
 309    6170.00    6190.00  0.000000000000000E+00  0.000000000000000E+00 0
 310    6190.00    6210.00  0.000000000000000E+00  0.000000000000000E+00 0
 311    6210.00    6230.00  0.000000000000000E+00  0.000000000000000E+00 0
 312    6230.00    6250.00  0.000000000000000E+00  0.000000000000000E+00 0
 313    6250.00    6270.00  0.000000000000000E+00  0.000000000000000E+00 0
 314    6270.00    6290.00  0.000000000000000E+00  0.000000000000000E+00 0
 315    6290.00    6310.00  0.000000000000000E+00  0.000000000000000E+00 0
 316    6310.00    6330.00  0.000000000000000E+00  0.000000000000000E+00 0
 317    6330.00    6350.00  0.000000000000000E+00  0.000000000000000E+00 0
 318    6350.00    6370.00  0.000000000000000E+00  0.000000000000000E+00 0
 319    6370.00    6390.00  0.000000000000000E+00  0.000000000000000E+00 0
 320    6390.00    6410.00  0.000000000000000E+00  0.000000000000000E+00 0
 321    6410.00    6430.00  0.000000000000000E+00  0.000000000000000E+00 0
 322    6430.00    6450.00  0.000000000000000E+00  0.000000000000000E+00 0
 323    6450.00    6470.00  0.000000000000000E+00  0.000000000000000E+00 0
 324    6470.00    6490.00  0.000000000000000E+00  0.000000000000000E+00 0
 325    6490.00    6510.00  0.000000000000000E+00  0.000000000000000E+00 0
 326    6510.00    6530.00  0.000000000000000E+00  0.000000000000000E+00 0
 327    6530.00    6550.00  0.000000000000000E+00  0.000000000000000E+00 0
 328    6550.00    6570.00  0.000000000000000E+00  0.000000000000000E+00 0
 329    6570.00    6590.00  0.000000000000000E+00  0.000000000000000E+00 0
 330    6590.00    6610.00  0.000000000000000E+00  0.000000000000000E+00 0
 331    6610.00    6630.00  0.000000000000000E+00  0.000000000000000E+00 0
 332    6630.00    6650.00  0.000000000000000E+00  0.000000000000000E+00 0
 333    6650.00    6670.00  0.000000000000000E+00  0.000000000000000E+00 0
 334    6670.00    6690.00  0.000000000000000E+00  0.000000000000000E+00 0
 335    6690.00    6710.00  0.000000000000000E+00  0.000000000000000E+00 0
 336    6710.00    6730.00  0.000000000000000E+00  0.000000000000000E+00 0
 337    6730.00    6750.00  0.000000000000000E+00  0.000000000000000E+00 0
 338    6750.00    6770.00  0.000000000000000E+00  0.000000000000000E+00 0
 339    6770.00    6790.00  0.000000000000000E+00  0.000000000000000E+00 0
 340    6790.00    6810.00  0.000000000000000E+00  0.000000000000000E+00 0
 341    6810.00    6830.00  0.000000000000000E+00  0.000000000000000E+00 0
 342    6830.00    6850.00  0.000000000000000E+00  0.000000000000000E+00 0
 343    6850.00    6870.00  0.000000000000000E+00  0.000000000000000E+00 0
 344    6870.00    6890.00  0.000000000000000E+00  0.000000000000000E+00 0
 345    6890.00    6910.00  0.000000000000000E+00  0.000000000000000E+00 0
 346    6910.00    6930.00  0.000000000000000E+00  0.000000000000000E+00 0
 347    6930.00    6950.00  0.000000000000000E+00  0.000000000000000E+00 0
 348    6950.00    6970.00  0.000000000000000E+00  0.000000000000000E+00 0
 349    6970.00    6990.00  0.000000000000000E+00  0.000000000000000E+00 0
 350    6990.00    7010.00  0.000000000000000E+00  0.000000000000000E+00 0
 351    7010.00    7030.00  0.000000000000000E+00  0.000000000000000E+00 0
 352    7030.00    7050.00  0.000000000000000E+00  0.000000000000000E+00 0
 353    7050.00    7070.00  0.000000000000000E+00  0.000000000000000E+00 0
 354    7070.00    7090.00  0.000000000000000E+00  0.000000000000000E+00 0
 355    7090.00    7110.00  0.000000000000000E+00  0.000000000000000E+00 0
 356    7110.00    7130.00  0.000000000000000E+00  0.000000000000000E+00 0
 357    7130.00    7150.00  0.000000000000000E+00  0.000000000000000E+00 0
 358    7150.00    7170.00  0.000000000000000E+00  0.000000000000000E+00 0
 359    7170.00    7190.00  0.000000000000000E+00  0.000000000000000E+00 0
 360    7190.00    7210.00  0.000000000000000E+00  0.000000000000000E+00 0
 361    7210.00    7230.00  0.000000000000000E+00  0.000000000000000E+00 0
 362    7230.00    7250.00  0.000000000000000E+00  0.000000000000000E+00 0
 363    7250.00    7270.00  0.000000000000000E+00  0.000000000000000E+00 0
 364    7270.00    7290.00  0.000000000000000E+00  0.000000000000000E+00 0
 365    7290.00    7310.00  0.000000000000000E+00  0.000000000000000E+00 0
 366    7310.00    7330.00  0.000000000000000E+00  0.000000000000000E+00 0
 367    7330.00    7350.00  0.000000000000000E+00  0.000000000000000E+00 0
 368    7350.00    7370.00  0.000000000000000E+00  0.000000000000000E+00 0
 369    7370.00    7390.00  0.000000000000000E+00  0.000000000000000E+00 0
 370    7390.00    7410.00  0.000000000000000E+00  0.000000000000000E+00 0
 371    7410.00    7430.00  0.000000000000000E+00  0.000000000000000E+00 0
 372    7430.00    7450.00  0.000000000000000E+00  0.000000000000000E+00 0
 373    7450.00    7470.00  0.000000000000000E+00  0.000000000000000E+00 0
 374    7470.00    7490.00  0.000000000000000E+00  0.000000000000000E+00 0
 375    7490.00    7510.00  0.000000000000000E+00  0.000000000000000E+00 0
 376    7510.00    7530.00  0.000000000000000E+00  0.000000000000000E+00 0
 377    7530.00    7550.00  0.000000000000000E+00  0.000000000000000E+00 0
 378    7550.00    7570.00  0.000000000000000E+00  0.000000000000000E+00 0
 379    7570.00    7590.00  0.000000000000000E+00  0.000000000000000E+00 0
 380    7590.00    7610.00  0.000000000000000E+00  0.000000000000000E+00 0
 381    7610.00    7630.00  0.000000000000000E+00  0.000000000000000E+00 0
 382    7630.00    7650.00  0.000000000000000E+00  0.000000000000000E+00 0
 383    7650.00    7670.00  0.000000000000000E+00  0.000000000000000E+00 0
 384    7670.00    7690.00  0.000000000000000E+00  0.000000000000000E+00 0
 385    7690.00    7710.00  0.000000000000000E+00  0.000000000000000E+00 0
 386    7710.00    7730.00  0.000000000000000E+00  0.000000000000000E+00 0
 387    7730.00    7750.00  0.000000000000000E+00  0.000000000000000E+00 0
 388    7750.00    7770.00  0.000000000000000E+00  0.000000000000000E+00 0
 389    7770.00    7790.00  0.000000000000000E+00  0.000000000000000E+00 0
 390    7790.00    7810.00  0.000000000000000E+00  0.000000000000000E+00 0
 391    7810.00    7830.00  0.000000000000000E+00  0.000000000000000E+00 0
 392    7830.00    7850.00  0.000000000000000E+00  0.000000000000000E+00 0
 393    7850.00    7870.00  0.000000000000000E+00  0.000000000000000E+00 0
 394    7870.00    7890.00  0.000000000000000E+00  0.000000000000000E+00 0
 395    7890.00    7910.00  0.000000000000000E+00  0.000000000000000E+00 0
 396    7910.00    7930.00  0.000000000000000E+00  0.000000000000000E+00 0
 397    7930.00    7950.00  0.000000000000000E+00  0.000000000000000E+00 0
 398    7950.00    7970.00  0.000000000000000E+00  0.000000000000000E+00 0
 399    7970.00    7990.00  0.000000000000000E+00  0.000000000000000E+00 0
 400    7990.00    8010.00  0.000000000000000E+00  0.000000000000000E+00 0
 401    8010.00    8030.00  0.000000000000000E+00  0.000000000000000E+00 0
 402    8030.00    8050.00  0.000000000000000E+00  0.000000000000000E+00 0
 403    8050.00    8070.00  0.000000000000000E+00  0.000000000000000E+00 0
 404    8070.00    8090.00  0.000000000000000E+00  0.000000000000000E+00 0
 405    8090.00    8110.00  0.000000000000000E+00  0.000000000000000E+00 0
 406    8110.00    8130.00  0.000000000000000E+00  0.000000000000000E+00 0
 407    8130.00    8150.00  0.000000000000000E+00  0.000000000000000E+00 0
 408    8150.00    8170.00  0.000000000000000E+00  0.000000000000000E+00 0
 409    8170.00    8190.00  0.000000000000000E+00  0.000000000000000E+00 0
 410    8190.00    8210.00  0.000000000000000E+00  0.000000000000000E+00 0
 411    8210.00    8230.00  0.000000000000000E+00  0.000000000000000E+00 0
 412    8230.00    8250.00  0.000000000000000E+00  0.000000000000000E+00 0
 413    8250.00    8270.00  0.000000000000000E+00  0.000000000000000E+00 0
 414    8270.00    8290.00  0.000000000000000E+00  0.000000000000000E+00 0
 415    8290.00    8310.00  0.000000000000000E+00  0.000000000000000E+00 0
 416    8310.00    8330.00  0.000000000000000E+00  0.000000000000000E+00 0
 417    8330.00    8350.00  0.000000000000000E+00  0.000000000000000E+00 0
 418    8350.00    8370.00  0.000000000000000E+00  0.000000000000000E+00 0
 419    8370.00    8390.00  0.000000000000000E+00  0.000000000000000E+00 0
 420    8390.00    8410.00  0.000000000000000E+00  0.000000000000000E+00 0
 421    8410.00    8430.00  0.000000000000000E+00  0.000000000000000E+00 0
 422    8430.00    8450.00  0.000000000000000E+00  0.000000000000000E+00 0
 423    8450.00    8470.00  0.000000000000000E+00  0.000000000000000E+00 0
 424    8470.00    8490.00  0.000000000000000E+00  0.000000000000000E+00 0
 425    8490.00    8510.00  0.000000000000000E+00  0.000000000000000E+00 0
 426    8510.00    8530.00  0.000000000000000E+00  0.000000000000000E+00 0
 427    8530.00    8550.00  0.000000000000000E+00  0.000000000000000E+00 0
 428    8550.00    8570.00  0.000000000000000E+00  0.000000000000000E+00 0
 429    8570.00    8590.00  0.000000000000000E+00  0.000000000000000E+00 0
 430    8590.00    8610.00  0.000000000000000E+00  0.000000000000000E+00 0
 431    8610.00    8630.00  0.000000000000000E+00  0.000000000000000E+00 0
 432    8630.00    8650.00  0.000000000000000E+00  0.000000000000000E+00 0
 433    8650.00    8670.00  0.000000000000000E+00  0.000000000000000E+00 0
 434    8670.00    8690.00  0.000000000000000E+00  0.000000000000000E+00 0
 435    8690.00    8710.00  0.000000000000000E+00  0.000000000000000E+00 0
 436    8710.00    8730.00  0.000000000000000E+00  0.000000000000000E+00 0
 437    8730.00    8750.00  0.000000000000000E+00  0.000000000000000E+00 0
 438    8750.00    8770.00  0.000000000000000E+00  0.000000000000000E+00 0
 439    8770.00    8790.00  0.000000000000000E+00  0.000000000000000E+00 0
 440    8790.00    8810.00  0.000000000000000E+00  0.000000000000000E+00 0
 441    8810.00    8830.00  0.000000000000000E+00  0.000000000000000E+00 0
 442    8830.00    8850.00  0.000000000000000E+00  0.000000000000000E+00 0
 443    8850.00    8870.00  0.000000000000000E+00  0.000000000000000E+00 0
 444    8870.00    8890.00  0.000000000000000E+00  0.000000000000000E+00 0
 445    8890.00    8910.00  0.000000000000000E+00  0.000000000000000E+00 0
 446    8910.00    8930.00  0.000000000000000E+00  0.000000000000000E+00 0
 447    8930.00    8950.00  0.000000000000000E+00  0.000000000000000E+00 0
 448    8950.00    8970.00  0.000000000000000E+00  0.000000000000000E+00 0
 449    8970.00    8990.00  0.000000000000000E+00  0.000000000000000E+00 0
 450    8990.00    9010.00  0.000000000000000E+00  0.000000000000000E+00 0
 451    9010.00    9030.00  0.000000000000000E+00  0.000000000000000E+00 0
 452    9030.00    9050.00  0.000000000000000E+00  0.000000000000000E+00 0
 453    9050.00    9070.00  0.000000000000000E+00  0.000000000000000E+00 0
 454    9070.00    9090.00  0.000000000000000E+00  0.000000000000000E+00 0
 455    9090.00    9110.00  0.000000000000000E+00  0.000000000000000E+00 0
 456    9110.00    9130.00  0.000000000000000E+00  0.000000000000000E+00 0
 457    9130.00    9150.00  0.000000000000000E+00  0.000000000000000E+00 0
 458    9150.00    9170.00  0.000000000000000E+00  0.000000000000000E+00 0
 459    9170.00    9190.00  0.000000000000000E+00  0.000000000000000E+00 0
 460    9190.00    9210.00  0.000000000000000E+00  0.000000000000000E+00 0
 461    9210.00    9230.00  0.000000000000000E+00  0.000000000000000E+00 0
 462    9230.00    9250.00  0.000000000000000E+00  0.000000000000000E+00 0
 463    9250.00    9270.00  0.000000000000000E+00  0.000000000000000E+00 0
 464    9270.00    9290.00  0.000000000000000E+00  0.000000000000000E+00 0
 465    9290.00    9310.00  0.000000000000000E+00  0.000000000000000E+00 0
 466    9310.00    9330.00  0.000000000000000E+00  0.000000000000000E+00 0
 467    9330.00    9350.00  0.000000000000000E+00  0.000000000000000E+00 0
 468    9350.00    9370.00  0.000000000000000E+00  0.000000000000000E+00 0
 469    9370.00    9390.00  0.000000000000000E+00  0.000000000000000E+00 0
 470    9390.00    9410.00  0.000000000000000E+00  0.000000000000000E+00 0
 471    9410.00    9430.00  0.000000000000000E+00  0.000000000000000E+00 0
 472    9430.00    9450.00  0.000000000000000E+00  0.000000000000000E+00 0
 473    9450.00    9470.00  0.000000000000000E+00  0.000000000000000E+00 0
 474    9470.00    9490.00  0.000000000000000E+00  0.000000000000000E+00 0
 475    9490.00    9510.00  0.000000000000000E+00  0.000000000000000E+00 0
 476    9510.00    9530.00  0.000000000000000E+00  0.000000000000000E+00 0
 477    9530.00    9550.00  0.000000000000000E+00  0.000000000000000E+00 0
 478    9550.00    9570.00  0.000000000000000E+00  0.000000000000000E+00 0
 479    9570.00    9590.00  0.000000000000000E+00  0.000000000000000E+00 0
 480    9590.00    9610.00  0.000000000000000E+00  0.000000000000000E+00 0
 481    9610.00    9630.00  0.000000000000000E+00  0.000000000000000E+00 0
 482    9630.00    9650.00  0.000000000000000E+00  0.000000000000000E+00 0
 483    9650.00    9670.00  0.000000000000000E+00  0.000000000000000E+00 0
 484    9670.00    9690.00  0.000000000000000E+00  0.000000000000000E+00 0
 485    9690.00    9710.00  0.000000000000000E+00  0.000000000000000E+00 0
 486    9710.00    9730.00  0.000000000000000E+00  0.000000000000000E+00 0
 487    9730.00    9750.00  0.000000000000000E+00  0.000000000000000E+00 0
 488    9750.00    9770.00  0.000000000000000E+00  0.000000000000000E+00 0
 489    9770.00    9790.00  0.000000000000000E+00  0.000000000000000E+00 0
 490    9790.00    9810.00  0.000000000000000E+00  0.000000000000000E+00 0
 491    9810.00    9830.00  0.000000000000000E+00  0.000000000000000E+00 0
 492    9830.00    9850.00  0.000000000000000E+00  0.000000000000000E+00 0
 493    9850.00    9870.00  0.000000000000000E+00  0.000000000000000E+00 0
 494    9870.00    9890.00  0.000000000000000E+00  0.000000000000000E+00 0
 495    9890.00    9910.00  0.000000000000000E+00  0.000000000000000E+00 0
 496    9910.00    9930.00  0.000000000000000E+00  0.000000000000000E+00 0
 497    9930.00    9950.00  0.000000000000000E+00  0.000000000000000E+00 0
 498    9950.00    9970.00  0.000000000000000E+00  0.000000000000000E+00 0
 499    9970.00    9990.00  0.000000000000000E+00  0.000000000000000E+00 0
 500    9990.00   10010.00  0.000000000000000E+00  0.000000000000000E+00 0
 501   10010.00   10030.00  0.000000000000000E+00  0.000000000000000E+00 0
 502   10030.00   10050.00  0.000000000000000E+00  0.000000000000000E+00 0
 503   10050.00   10070.00  0.000000000000000E+00  0.000000000000000E+00 0
 504   10070.00   10090.00  0.000000000000000E+00  0.000000000000000E+00 0
 505   10090.00   10110.00  0.000000000000000E+00  0.000000000000000E+00 0
 506   10110.00   10130.00  0.000000000000000E+00  0.000000000000000E+00 0
 507   10130.00   10150.00  0.000000000000000E+00  0.000000000000000E+00 0
 508   10150.00   10170.00  0.000000000000000E+00  0.000000000000000E+00 0
 509   10170.00   10190.00  0.000000000000000E+00  0.000000000000000E+00 0
 510   10190.00   10210.00  0.000000000000000E+00  0.000000000000000E+00 0
 511   10210.00   10230.00  0.000000000000000E+00  0.000000000000000E+00 0
 512   10230.00   10250.00  0.000000000000000E+00  0.000000000000000E+00 0
 513   10250.00   10270.00  0.000000000000000E+00  0.000000000000000E+00 0
 514   10270.00   10290.00  0.000000000000000E+00  0.000000000000000E+00 0
 515   10290.00   10310.00  0.000000000000000E+00  0.000000000000000E+00 0
 516   10310.00   10330.00  0.000000000000000E+00  0.000000000000000E+00 0
 517   10330.00   10350.00  0.000000000000000E+00  0.000000000000000E+00 0
 518   10350.00   10370.00  0.000000000000000E+00  0.000000000000000E+00 0
 519   10370.00   10390.00  0.000000000000000E+00  0.000000000000000E+00 0
 520   10390.00   10410.00  0.000000000000000E+00  0.000000000000000E+00 0
 521   10410.00   10430.00  0.000000000000000E+00  0.000000000000000E+00 0
 522   10430.00   10450.00  0.000000000000000E+00  0.000000000000000E+00 0
 523   10450.00   10470.00  0.000000000000000E+00  0.000000000000000E+00 0
 524   10470.00   10490.00  0.000000000000000E+00  0.000000000000000E+00 0
 525   10490.00   10510.00  0.000000000000000E+00  0.000000000000000E+00 0
 526   10510.00   10530.00  0.000000000000000E+00  0.000000000000000E+00 0
 527   10530.00   10550.00  0.000000000000000E+00  0.000000000000000E+00 0
 528   10550.00   10570.00  0.000000000000000E+00  0.000000000000000E+00 0
 529   10570.00   10590.00  0.000000000000000E+00  0.000000000000000E+00 0
 530   10590.00   10610.00  0.000000000000000E+00  0.000000000000000E+00 0
 531   10610.00   10630.00  0.000000000000000E+00  0.000000000000000E+00 0
 532   10630.00   10650.00  0.000000000000000E+00  0.000000000000000E+00 0
 533   10650.00   10670.00  0.000000000000000E+00  0.000000000000000E+00 0
 534   10670.00   10690.00  0.000000000000000E+00  0.000000000000000E+00 0
 535   10690.00   10710.00  0.000000000000000E+00  0.000000000000000E+00 0
 536   10710.00   10730.00  0.000000000000000E+00  0.000000000000000E+00 0
 537   10730.00   10750.00  0.000000000000000E+00  0.000000000000000E+00 0
 538   10750.00   10770.00  0.000000000000000E+00  0.000000000000000E+00 0
 539   10770.00   10790.00  0.000000000000000E+00  0.000000000000000E+00 0
 540   10790.00   10810.00  0.000000000000000E+00  0.000000000000000E+00 0
 541   10810.00   10830.00  0.000000000000000E+00  0.000000000000000E+00 0
 542   10830.00   10850.00  0.000000000000000E+00  0.000000000000000E+00 0
 543   10850.00   10870.00  0.000000000000000E+00  0.000000000000000E+00 0
 544   10870.00   10890.00  0.000000000000000E+00  0.000000000000000E+00 0
 545   10890.00   10910.00  0.000000000000000E+00  0.000000000000000E+00 0
 546   10910.00   10930.00  0.000000000000000E+00  0.000000000000000E+00 0
 547   10930.00   10950.00  0.000000000000000E+00  0.000000000000000E+00 0
 548   10950.00   10970.00  0.000000000000000E+00  0.000000000000000E+00 0
 549   10970.00   10990.00  0.000000000000000E+00  0.000000000000000E+00 0
 550   10990.00   11010.00  0.000000000000000E+00  0.000000000000000E+00 0
 551   11010.00   11030.00  0.000000000000000E+00  0.000000000000000E+00 0
 552   11030.00   11050.00  0.000000000000000E+00  0.000000000000000E+00 0
 553   11050.00   11070.00  0.000000000000000E+00  0.000000000000000E+00 0
 554   11070.00   11090.00  0.000000000000000E+00  0.000000000000000E+00 0
 555   11090.00   11110.00  0.000000000000000E+00  0.000000000000000E+00 0
 556   11110.00   11130.00  0.000000000000000E+00  0.000000000000000E+00 0
 557   11130.00   11150.00  0.000000000000000E+00  0.000000000000000E+00 0
 558   11150.00   11170.00  0.000000000000000E+00  0.000000000000000E+00 0
 559   11170.00   11190.00  0.000000000000000E+00  0.000000000000000E+00 0
 560   11190.00   11210.00  0.000000000000000E+00  0.000000000000000E+00 0
 561   11210.00   11230.00  0.000000000000000E+00  0.000000000000000E+00 0
 562   11230.00   11250.00  0.000000000000000E+00  0.000000000000000E+00 0
 563   11250.00   11270.00  0.000000000000000E+00  0.000000000000000E+00 0
 564   11270.00   11290.00  0.000000000000000E+00  0.000000000000000E+00 0
 565   11290.00   11310.00  0.000000000000000E+00  0.000000000000000E+00 0
 566   11310.00   11330.00  0.000000000000000E+00  0.000000000000000E+00 0
 567   11330.00   11350.00  0.000000000000000E+00  0.000000000000000E+00 0
 568   11350.00   11370.00  0.000000000000000E+00  0.000000000000000E+00 0
 569   11370.00   11390.00  0.000000000000000E+00  0.000000000000000E+00 0
 570   11390.00   11410.00  0.000000000000000E+00  0.000000000000000E+00 0
 571   11410.00   11430.00  0.000000000000000E+00  0.000000000000000E+00 0
 572   11430.00   11450.00  0.000000000000000E+00  0.000000000000000E+00 0
 573   11450.00   11470.00  0.000000000000000E+00  0.000000000000000E+00 0
 574   11470.00   11490.00  0.000000000000000E+00  0.000000000000000E+00 0
 575   11490.00   11510.00  0.000000000000000E+00  0.000000000000000E+00 0
 576   11510.00   11530.00  0.000000000000000E+00  0.000000000000000E+00 0
 577   11530.00   11550.00  0.000000000000000E+00  0.000000000000000E+00 0
 578   11550.00   11570.00  0.000000000000000E+00  0.000000000000000E+00 0
 579   11570.00   11590.00  0.000000000000000E+00  0.000000000000000E+00 0
 580   11590.00   11610.00  0.000000000000000E+00  0.000000000000000E+00 0
 581   11610.00   11630.00  0.000000000000000E+00  0.000000000000000E+00 0
 582   11630.00   11650.00  0.000000000000000E+00  0.000000000000000E+00 0
 583   11650.00   11670.00  0.000000000000000E+00  0.000000000000000E+00 0
 584   11670.00   11690.00  0.000000000000000E+00  0.000000000000000E+00 0
 585   11690.00   11710.00  0.000000000000000E+00  0.000000000000000E+00 0
 586   11710.00   11730.00  0.000000000000000E+00  0.000000000000000E+00 0
 587   11730.00   11750.00  0.000000000000000E+00  0.000000000000000E+00 0
 588   11750.00   11770.00  0.000000000000000E+00  0.000000000000000E+00 0
 589   11770.00   11790.00  0.000000000000000E+00  0.000000000000000E+00 0
 590   11790.00   11810.00  0.000000000000000E+00  0.000000000000000E+00 0
 591   11810.00   11830.00  0.000000000000000E+00  0.000000000000000E+00 0
 592   11830.00   11850.00  0.000000000000000E+00  0.000000000000000E+00 0
 593   11850.00   11870.00  0.000000000000000E+00  0.000000000000000E+00 0
 594   11870.00   11890.00  0.000000000000000E+00  0.000000000000000E+00 0
 595   11890.00   11910.00  0.000000000000000E+00  0.000000000000000E+00 0
 596   11910.00   11930.00  0.000000000000000E+00  0.000000000000000E+00 0
 597   11930.00   11950.00  0.000000000000000E+00  0.000000000000000E+00 0
 598   11950.00   11970.00  0.000000000000000E+00  0.000000000000000E+00 0
 599   11970.00   11990.00  0.000000000000000E+00  0.000000000000000E+00 0
 600   11990.00   12010.00  0.000000000000000E+00  0.000000000000000E+00 0
 601   12010.00   12030.00  0.000000000000000E+00  0.000000000000000E+00 0
 602   12030.00   12050.00  0.000000000000000E+00  0.000000000000000E+00 0
 603   12050.00   12070.00  0.000000000000000E+00  0.000000000000000E+00 0
 604   12070.00   12090.00  0.000000000000000E+00  0.000000000000000E+00 0
 605   12090.00   12110.00  0.000000000000000E+00  0.000000000000000E+00 0
 606   12110.00   12130.00  0.000000000000000E+00  0.000000000000000E+00 0
 607   12130.00   12150.00  0.000000000000000E+00  0.000000000000000E+00 0
 608   12150.00   12170.00  0.000000000000000E+00  0.000000000000000E+00 0
 609   12170.00   12190.00  0.000000000000000E+00  0.000000000000000E+00 0
 610   12190.00   12210.00  0.000000000000000E+00  0.000000000000000E+00 0
 611   12210.00   12230.00  0.000000000000000E+00  0.000000000000000E+00 0
 612   12230.00   12250.00  0.000000000000000E+00  0.000000000000000E+00 0
 613   12250.00   12270.00  0.000000000000000E+00  0.000000000000000E+00 0
 614   12270.00   12290.00  0.000000000000000E+00  0.000000000000000E+00 0
 615   12290.00   12310.00  0.000000000000000E+00  0.000000000000000E+00 0
 616   12310.00   12330.00  0.000000000000000E+00  0.000000000000000E+00 0
 617   12330.00   12350.00  0.000000000000000E+00  0.000000000000000E+00 0
 618   12350.00   12370.00  0.000000000000000E+00  0.000000000000000E+00 0
 619   12370.00   12390.00  0.000000000000000E+00  0.000000000000000E+00 0
 620   12390.00   12410.00  0.000000000000000E+00  0.000000000000000E+00 0
 621   12410.00   12430.00  0.000000000000000E+00  0.000000000000000E+00 0
 622   12430.00   12450.00  0.000000000000000E+00  0.000000000000000E+00 0
 623   12450.00   12470.00  0.000000000000000E+00  0.000000000000000E+00 0
 624   12470.00   12490.00  0.000000000000000E+00  0.000000000000000E+00 0
 625   12490.00   12510.00  0.000000000000000E+00  0.000000000000000E+00 0
 626   12510.00   12530.00  0.000000000000000E+00  0.000000000000000E+00 0
 627   12530.00   12550.00  0.000000000000000E+00  0.000000000000000E+00 0
 628   12550.00   12570.00  0.000000000000000E+00  0.000000000000000E+00 0
 629   12570.00   12590.00  0.000000000000000E+00  0.000000000000000E+00 0
 630   12590.00   12610.00  0.000000000000000E+00  0.000000000000000E+00 0
 631   12610.00   12630.00  0.000000000000000E+00  0.000000000000000E+00 0
 632   12630.00   12650.00  0.000000000000000E+00  0.000000000000000E+00 0
 633   12650.00   12670.00  0.000000000000000E+00  0.000000000000000E+00 0
 634   12670.00   12690.00  0.000000000000000E+00  0.000000000000000E+00 0
 635   12690.00   12710.00  0.000000000000000E+00  0.000000000000000E+00 0
 636   12710.00   12730.00  0.000000000000000E+00  0.000000000000000E+00 0
 637   12730.00   12750.00  0.000000000000000E+00  0.000000000000000E+00 0
 638   12750.00   12770.00  0.000000000000000E+00  0.000000000000000E+00 0
 639   12770.00   12790.00  0.000000000000000E+00  0.000000000000000E+00 0
 640   12790.00   12810.00  0.000000000000000E+00  0.000000000000000E+00 0
 641   12810.00   12830.00  0.000000000000000E+00  0.000000000000000E+00 0
 642   12830.00   12850.00  0.000000000000000E+00  0.000000000000000E+00 0
 643   12850.00   12870.00  0.000000000000000E+00  0.000000000000000E+00 0
 644   12870.00   12890.00  0.000000000000000E+00  0.000000000000000E+00 0
 645   12890.00   12910.00  0.000000000000000E+00  0.000000000000000E+00 0
 646   12910.00   12930.00  0.000000000000000E+00  0.000000000000000E+00 0
 647   12930.00   12950.00  0.000000000000000E+00  0.000000000000000E+00 0
 648   12950.00   12970.00  0.000000000000000E+00  0.000000000000000E+00 0
 649   12970.00   12990.00  0.000000000000000E+00  0.000000000000000E+00 0
 650   12990.00   13010.00  0.000000000000000E+00  0.000000000000000E+00 0
# Underflow:                 9.0314443782487171E-06  2.2024664960083205E-08 1684637
# Overflow:                  0.0000000000000000E+00  0.0000000000000000E+00 0
#-------------------------------------------------------------------------------------
# Sum:                       6.4819152032536687E-03  3.2818135297533671E-06 52479000
#=====================================================================================
