# title = Rapidity Softer Jet
# xlabel = $y_{\text{j}_1}$
# ylabel = $\frac{\text{d}\sigma}{\text{d}y_{\text{j}_1}}\,[\text{fb}]$
# xmin= -4.500E+00
# xmax=  4.500E+00
# ymin=  1.000E-04
# ymax=  1.000E-01
# kmin= -5.000E+01
# kmax=  1.000E+01
# logscale = false
# Renormalization and factorization scale scaled by: 1.0000000000
# Renormalization scaled by: 1.0000000000
# Number of generated events: 78738
#	#	#
#=====================================================================================	#=====================================================================================	#=====================================================================================
# No.       Left      Right                   Value                   Error Hits
#-------------------------------------------------------------------------------------	#-------------------------------------------------------------------------------------	#-------------------------------------------------------------------------------------
   1      -4.50      -4.25  7.633563719256449E-22  5.150085329417687E-22 34	   1      -4.50      -4.25  6.074029503639669E-22  4.302151475720642E-22 34	   1      -4.50      -4.25  1.003008734908875E-21  6.174888657022081E-22 34
   2      -4.25      -4.00  4.316194409473648E-21  5.084473773910335E-21 35	   2      -4.25      -4.00  2.503928554510932E-21  3.278656809773663E-21 35	   2      -4.25      -4.00  4.421776643423212E-21  5.213170139556936E-21 35
   3      -4.00      -3.75  2.173781634025921E-21  2.234678978982547E-21 48	   3      -4.00      -3.75  2.204984292036548E-21  2.031097857441156E-21 48	   3      -4.00      -3.75  3.394800659526173E-21  3.012975695949464E-21 48
   4      -3.75      -3.50 -8.587063971679878E-21  9.207207334108168E-21 44	   4      -3.75      -3.50 -8.356003078301331E-21  7.844304926982938E-21 44	   4      -3.75      -3.50 -1.055196399207239E-20  1.142972281687330E-20 44
   5      -3.50      -3.25 -1.258536224109159E-20  7.449446784531058E-21 47	   5      -3.50      -3.25 -9.556236853003741E-21  6.086906348385449E-21 47	   5      -3.50      -3.25 -1.457304939183136E-20  8.866972699794047E-21 47
   6      -3.25      -3.00  6.504725495574157E-21  6.484646735950691E-21 53	   6      -3.25      -3.00  5.550074884875715E-21  5.504091874082899E-21 53	   6      -3.25      -3.00  7.844779171520082E-21  8.131823779077620E-21 53
   7      -3.00      -2.75  1.046866235135442E-20  7.558748632352124E-21 45	   7      -3.00      -2.75  1.016044617972141E-20  7.036749579025882E-21 45	   7      -3.00      -2.75  1.146734813202963E-20  7.653993794012150E-21 45
   8      -2.75      -2.50 -8.470800488770470E-20  8.350662405914246E-20 43	   8      -2.75      -2.50 -7.515813283741052E-20  7.161229245534545E-20 43	   8      -2.75      -2.50 -9.893600971152779E-20  9.210523421123710E-20 43
   9      -2.50      -2.25  8.649170874441944E-21  5.916507392130192E-21 29	   9      -2.50      -2.25  7.355093645847233E-21  5.053103455925780E-21 29	   9      -2.50      -2.25  1.030403596856264E-20  7.244293323868212E-21 29
  10      -2.25      -2.00 -2.944611349055057E-20  2.972190606976587E-20 36	  10      -2.25      -2.00 -2.524013410989104E-20  2.578767077687915E-20 36	  10      -2.25      -2.00 -2.993371922846723E-20  3.498609086722807E-20 36
  11      -2.00      -1.75 -6.874254733852943E-22  6.923547913450698E-22 22	  11      -2.00      -1.75 -5.929360379307118E-22  6.051419144293212E-22 22	  11      -2.00      -1.75 -7.766132072364041E-22  8.207567175226269E-22 22
  12      -1.75      -1.50 -1.261361173089178E-21  1.331005349523719E-21 25	  12      -1.75      -1.50  5.301981609587252E-22  6.070220343491577E-22 25	  12      -1.75      -1.50  1.597880966960162E-21  2.836094177100432E-21 25
  13      -1.50      -1.25  3.815586337229765E-22  5.646530540065538E-22 20	  13      -1.50      -1.25  2.106062634448643E-22  4.907336293888732E-22 20	  13      -1.50      -1.25  7.536806246678104E-22  8.579448414458655E-22 20
  14      -1.25      -1.00 -4.175182164374184E-21  2.741611835029287E-21 19	  14      -1.25      -1.00 -2.960990496394342E-21  1.870668676960394E-21 19	  14      -1.25      -1.00 -4.043521669717213E-21  2.582794754385462E-21 19
  15      -1.00      -0.75 -2.246333595176030E-21  1.810789725353853E-21 16	  15      -1.00      -0.75 -1.809352409479265E-21  1.353947015114198E-21 16	  15      -1.00      -0.75 -2.302147253751840E-21  1.867580419404355E-21 16
  16      -0.75      -0.50  6.291313582583703E-22  5.989266504270571E-22 7	  16      -0.75      -0.50  2.124722278801520E-22  4.167364908182974E-22 7	  16      -0.75      -0.50  3.607292945223160E-22  5.805612421767938E-22 7
  17      -0.50      -0.25  9.506585116028399E-23  6.624852743067238E-23 10	  17      -0.50      -0.25  7.980535284181976E-23  5.631493102350621E-23 10	  17      -0.50      -0.25  1.316615768283887E-22  8.536825558430823E-23 10
  18      -0.25       0.00 -2.119810016690860E-24  7.713504923585155E-23 10	  18      -0.25       0.00  9.709168234448070E-24  2.955898712915811E-23 10	  18      -0.25       0.00 -6.248884880353709E-23  7.659182513783529E-23 10
  19       0.00       0.25 -1.713584817309082E-22  1.717953087859678E-22 9	  19       0.00       0.25 -1.005522629023312E-22  1.077342578674831E-22 9	  19       0.00       0.25 -2.064351734667749E-22  1.592684762947679E-22 9
  20       0.25       0.50 -2.831030454477710E-21  3.149052945328270E-21 15	  20       0.25       0.50 -3.208391438961129E-21  3.491737363088645E-21 15	  20       0.25       0.50 -3.831181108598035E-21  4.337092689299095E-21 15
  21       0.50       0.75 -4.736457583501979E-22  5.191615641119433E-22 6	  21       0.50       0.75 -1.451422338246071E-21  8.057941637475738E-22 6	  21       0.50       0.75 -3.309198697043311E-21  2.125068467808221E-21 6
  22       0.75       1.00  1.864501406569918E-21  2.131344221886631E-21 15	  22       0.75       1.00  1.636697101816276E-21  1.898171439700678E-21 15	  22       0.75       1.00  2.318644298492377E-21  2.351815713441339E-21 15
  23       1.00       1.25  1.865304922653055E-22  2.277209061328482E-22 23	  23       1.00       1.25  1.265198564881812E-21  9.890985772032913E-22 23	  23       1.00       1.25  6.037983014471866E-22  1.100431733945611E-21 23
  24       1.25       1.50 -8.863294534678522E-21  5.964372630711571E-21 35	  24       1.25       1.50 -4.067391578229597E-21  2.610050956194560E-21 35	  24       1.25       1.50  1.811694216528371E-22  5.937430073936557E-21 35
  25       1.50       1.75  4.244233534999078E-22  1.262424929657399E-21 29	  25       1.50       1.75  1.169958945090536E-21  1.668145420915221E-21 29	  25       1.50       1.75  1.577971526676992E-21  2.102311171912974E-21 29
  26       1.75       2.00 -5.192799301936502E-21  4.970003610721201E-21 28	  26       1.75       2.00 -4.039310807098396E-21  4.027669261186109E-21 28	  26       1.75       2.00 -7.006268694738940E-21  6.594693727431754E-21 28
  27       2.00       2.25  1.263289022615465E-21  8.595025967906134E-22 29	  27       2.00       2.25  1.161975162970333E-21  1.159949594045477E-21 29	  27       2.00       2.25  2.361156805051576E-21  1.785622749043240E-21 29
  28       2.25       2.50  4.553419127086710E-22  1.012355405468833E-21 27	  28       2.25       2.50  1.219188697724947E-21  1.396593605021981E-21 27	  28       2.25       2.50  5.775757793175254E-22  9.748300789835975E-22 27
  29       2.50       2.75  2.783966720128634E-21  2.670528584317263E-21 44	  29       2.50       2.75  1.747994577153024E-21  2.692887824893184E-21 44	  29       2.50       2.75  2.622693322776393E-21  3.478199524773496E-21 44
  30       2.75       3.00  9.880811268177817E-23  1.477218074482028E-22 34	  30       2.75       3.00 -2.568893812586004E-22  2.744449522864941E-22 34	  30       2.75       3.00 -2.849962048745352E-21  3.213267639180918E-21 34
  31       3.00       3.25 -5.310718877922697E-22  1.865179982812698E-21 27	  31       3.00       3.25 -1.723105069706714E-22  1.551845690000719E-21 27	  31       3.00       3.25  1.684327043208957E-21  2.867744614614110E-21 27
  32       3.25       3.50 -5.828784354695217E-22  3.606433607860592E-22 31	  32       3.25       3.50 -4.787455935946159E-22  3.066815052046773E-22 31	  32       3.25       3.50 -6.866714268990482E-22  4.441360126842853E-22 31
  33       3.50       3.75 -1.058858015945720E-21  1.649958809184383E-21 35	  33       3.50       3.75 -7.262000112099929E-22  1.463387934268320E-21 35	  33       3.50       3.75 -1.848323195965192E-21  2.251307385123774E-21 35
  34       3.75       4.00  5.684457127766436E-22  4.780886425123172E-22 35	  34       3.75       4.00  5.437872289538502E-22  4.545089105060910E-22 35	  34       3.75       4.00  7.871169480660428E-22  6.525568008254323E-22 35
  35       4.00       4.25 -5.721429306727312E-21  4.527417054006190E-21 18	  35       4.00       4.25 -4.579857112849563E-21  3.574728534406713E-21 18	  35       4.00       4.25 -7.331109281359412E-21  5.784123962544890E-21 18
  36       4.25       4.50 -2.847014255442144E-22  1.225630038424345E-22 18	  36       4.25       4.50 -2.019813129173951E-22  9.109210695496309E-23 18	  36       4.25       4.50 -3.055848613390153E-22  1.273952850974724E-22 18
# Underflow:                 0.0000000000000000E+00  0.0000000000000000E+00 0
# Overflow:                  0.0000000000000000E+00  0.0000000000000000E+00 0
#-------------------------------------------------------------------------------------	#-------------------------------------------------------------------------------------	#-------------------------------------------------------------------------------------
# Sum:                      -3.1945770174134343E-20  2.2760599736481042E-20 1001
#=====================================================================================	#=====================================================================================	#=====================================================================================
