            1          id1         born      0.50000      0.50000            0    6.4100577916346331E-03    5.0208097554896217E-06    7.8327059110792532E-02        50,479,000       914,187,802       25h 19.782m
            2          id2         born      0.50000      0.50000            0    2.7733466252091619E-06    4.5967400133325488E-09    1.6574704263611006E-01        13,479,000     1,250,200,555       24h 44.633m
            3          id3         born      0.50000      0.50000            0    3.0948626914612490E-02    2.1938086112091256E-05    7.0885490889849856E-02        47,479,000       873,909,126       25h 25.391m
            4          id4         born      0.50000      0.50000            0    2.2165129376639356E-03    1.6041200211671318E-06    7.2371335799996411E-02        52,479,000       928,322,500       24h 54.194m
            5          id5         born      0.50000      0.50000            0    4.4534827372766051E-03    2.8706212108632318E-06    6.4457894645813196E-02        49,479,000       889,810,460       23h 40.794m
            6          id6         born      0.50000      0.50000            0    6.4018480275808785E-03    4.5593231251958091E-06    7.1218859078706995E-02        47,479,000       819,915,964       23h 21.189m
            7          id7         born      0.50000      0.50000            0    2.7728802696187614E-06    4.4867417458473725E-09    1.6180798698763316E-01        12,479,000     1,158,281,047       21h 51.594m
            8          id8         born      0.50000      0.50000            0    1.4443355765568911E-03    7.0485109246240043E-07    4.8801061464031376E-02        56,479,000       700,906,594       23h 17.235m
            9          id9         born      0.50000      0.50000            0    3.5197399009770113E-03    1.9552775394877763E-06    5.5551762189729681E-02        58,479,000       752,145,643       23h 26.504m
           10         id10         born      0.50000      0.50000            0    3.0361580266598277E-03    1.7617213337872765E-06    5.8024691676717539E-02        58,479,000       715,456,398       23h 11.135m
           11         id11         born      0.50000      0.50000            0    1.2639824165132948E-06    2.4472166539385666E-09    1.9361160582353928E-01         7,872,000     1,245,629,893       22h 37.905m
           12         id12         born      0.50000      0.50000            0    1.2325112688443947E-06    2.4811058806766724E-09    2.0130492461971264E-01         7,156,000     1,139,198,073       21h 29.896m
           13         id13         born      0.50000      0.50000            0    6.2569392178105359E-04    4.0864041999332366E-07    6.5309955198241065E-02        49,479,000       808,514,894       23h 16.276m
           14         id14         born      0.50000      0.50000            0    1.7096049379361819E-04    1.0499350345357293E-07    6.1413898102283225E-02        51,479,000       841,458,147        23h 6.653m
           15         id15         born      0.50000      0.50000            0    2.0906711107874669E-04    9.8078361611542686E-08    4.6912381916733303E-02        62,479,000       763,043,512       23h 11.072m
           16         id16         born      0.50000      0.50000            0    2.0897383533996066E-04    9.8051673278623840E-08    4.6920550182329011E-02        62,479,000       742,112,509        23h 4.428m
           17         id17         born      0.50000      0.50000            0    3.5633781649786544E-04    1.5414685382106996E-07    4.3258628942626789E-02        64,479,000       765,517,357       23h 13.795m
           18         id18         born      0.50000      0.50000            0    1.5510462855314780E-03    7.0330752697641870E-07    4.5344070872483662E-02        61,479,000       762,917,377       23h 24.781m
           19         id19         born      0.50000      0.50000            0    2.0748886038790144E-04    1.2601435922011177E-07    6.0733072119885045E-02        52,479,000       832,393,159       23h 12.769m
           20         id20         born      0.50000      0.50000            0    3.0975632013545008E-02    1.9586144538829847E-05    6.3230814887861614E-02        46,479,000       816,464,695        23h 9.399m
           21         id21         born      0.50000      0.50000            0    3.5150581616511076E-03    2.0263058701729339E-06    5.7646439318691942E-02        58,479,000       729,200,207        23h 7.427m
           22         id22         born      0.50000      0.50000            0    3.0383459358248148E-03    1.7529383425786014E-06    5.7693836699432129E-02        56,479,000       704,486,024       23h 12.685m
           23         id23         born      0.50000      0.50000            0    1.2665890652455304E-06    2.5121586582027830E-09    1.9834046630710467E-01         7,156,000     1,153,870,387       21h 33.216m
           24         id24         born      0.50000      0.50000            0    1.2343537258098727E-06    2.4328876832362299E-09    1.9709809533243694E-01         7,872,000     1,236,094,190       23h 10.922m
           25         id25         born      0.50000      0.50000            0    3.1026302650070149E-02    1.5937284697265640E-05    5.1367012296032015E-02        49,479,000       617,117,929        23h 5.469m
           26         id26         born      0.50000      0.50000            0    3.0111675626637870E-03    2.0591105571343076E-06    6.8382463422684600E-02        49,479,000       825,301,670       22h 27.240m
           27         id27         born      0.50000      0.50000            0    1.6006685341308378E-06    2.8670920810483989E-09    1.7911841333254100E-01        11,479,000     1,091,337,424       21h 17.753m
           28         id28         born      0.50000      0.50000            0    1.1057545250464703E-03    6.5230573776764472E-07    5.8991912128076619E-02        52,479,000       848,823,580       22h 36.242m
           29         id29         born      0.50000      0.50000            0    1.5520382150424165E-03    7.0756244535123729E-07    4.5589241198671124E-02        59,479,000       719,710,662       22h 42.042m
           30         id30         born      0.50000      0.50000            0    9.8095414936995719E-04    4.6106884267241469E-07    4.7002078840132119E-02        64,479,000       773,017,680       22h 43.090m
           31         id31         born      0.50000      0.50000            0    2.0803154647921714E-03    9.0316805957284601E-07    4.3414956762967423E-02        61,479,000       743,732,422       22h 29.696m
           32         id32         born      0.50000      0.50000            0    2.0672401325689364E-03    8.8982784113303258E-07    4.3044241794360553E-02        57,479,000       699,795,230       22h 21.575m
           33         id33         born      0.50000      0.50000            0    1.0963043719971642E-03    6.6072829910587344E-07    6.0268691431213467E-02        54,479,000       873,193,715       22h 36.086m
           34         id34         born      0.50000      0.50000            0    6.2627784136263978E-04    4.6197812655969480E-07    7.3765682904337507E-02        46,479,000       807,837,275       22h 24.925m
           35         id35         born      0.50000      0.50000            0    3.0110902104445955E-03    2.5653148631215260E-06    8.5195549911563445E-02        43,479,000       766,336,662       22h 24.346m
           36         id36         born      0.50000      0.50000            0    1.6045348925901048E-06    2.7781135836850936E-09    1.7314136305260092E-01        12,479,000     1,180,944,095       21h 33.147m
           37         id37         born      0.50000      0.50000            0    1.7727378884254422E-04    1.3267171634859976E-07    7.4840007208533052E-02        49,479,000       846,493,513       21h 33.617m
           38         id38         born      0.50000      0.50000            0    3.4804750255442200E-04    2.4423324486178897E-07    7.0172388271511801E-02        43,479,000       755,428,654       20h 38.395m
           39         id39         born      0.50000      0.50000            0    1.7096682380787591E-04    1.2662146663966417E-07    7.4062010289174668E-02        43,479,000       773,925,323       20h 26.772m
           40         id40         born      0.50000      0.50000            0    1.1041002788250301E-03    8.0610142575732843E-07    7.3009801846547095E-02        43,479,000       756,971,322       20h 11.245m
           41         id41         born      0.50000      0.50000            0    2.2172499125594027E-03    1.6353669256542832E-06    7.3756544825682557E-02        40,479,000       681,545,701        18h 4.128m
           42         id42         born      0.50000      0.50000            0    2.0888567302844286E-04    1.1161082785531201E-07    5.3431538045270607E-02        48,479,000       581,454,234       18h 14.308m
           43         id43         born      0.50000      0.50000            0    2.0886252740525836E-04    1.1309195592387325E-07    5.4146599358361511E-02        48,479,000       593,756,420       18h 10.284m
           44         id44         born      0.50000      0.50000            0    9.8122879584374898E-04    5.5469119811728866E-07    5.6530260879708000E-02        46,479,000       552,969,503       17h 35.022m
           45         id45         born      0.50000      0.50000            0    1.7717810757724207E-04    1.3679465822469048E-07    7.7207427088616942E-02        39,479,000       629,364,846       17h 34.097m
           46         id46         born      0.50000      0.50000            0    4.4548323041970241E-03    2.9598293501820401E-06    6.6440870229694179E-02        36,479,000       621,014,033        17h 3.528m
           47         id47         born      0.50000      0.50000            0    3.5626011807309065E-04    2.5726852591826272E-07    7.2213675588992332E-02        25,479,000       315,663,172        8h 51.235m
           48         id48         born      0.50000      0.50000            0    2.0803260037160634E-03    1.5295201444400175E-06    7.3523098865651462E-02        23,479,000       297,215,105        8h 47.942m
           49         id49         born      0.50000      0.50000            0    2.0665592428561379E-03    1.4985799033575364E-06    7.2515700120282439E-02        22,479,000       273,665,271        8h 35.531m
           50         id50         born      0.50000      0.50000            0    3.4844104036806654E-04    3.3882209275034549E-07    9.7239433217292573E-02        19,479,000       321,623,574        8h 50.393m
           51         id51         born      0.50000      0.50000            0    2.0724521416647714E-04    2.2596347123124308E-07    1.0903193694486465E-01        20,479,000       351,704,014        8h 37.543m
           52         id52         born      0.50000      0.50000            0    1.0955413920616277E-03    1.2651529503806589E-06    1.1548198539535327E-01        19,479,000       335,426,022        8h 49.631m
