# title = Invariant Mass visible System
# xlabel = $M_{\text{e}^+\mu^+\text{j}_1\text{j}_2}\,$[GeV]
# ylabel = $\frac{\text{d}\sigma}{\text{d}M_{\text{e}^+\mu^+\text{j}_1\text{j}_2}}\,\left[\frac{\text{fb}}{\text{GeV}}\right]$
	# xmin=  4.000E+02	# xmin=  4.000E+02
	# xmax=  2.000E+03	# xmax=  2.000E+03
	# ymin=  1.000E-06	# ymin=  1.000E-06
	# ymax=  1.000E-03	# ymax=  1.000E-03
	# kmin= -5.000E+01	# kmin= -5.000E+01
	# kmax=  1.000E+01	# kmax=  1.000E+01
	# logscale = true	# logscale = true
	# Renormalization and factorization scale scaled by: 2.0000000000	# Renormalization and factorization scale scaled by: .5000000000
	# Renormalization scaled by: 2.0000000000	# Renormalization scaled by: .5000000000
	#	#
	#	#
	#=====================================================================================	#=====================================================================================
	# No.       Left      Right                   Value                   Error Hits	# No.       Left      Right                   Value                   Error Hits
	#-------------------------------------------------------------------------------------	#-------------------------------------------------------------------------------------
	   1       0.00      40.00  0.000000000000000E+00  0.000000000000000E+00 0	   1       0.00      40.00  0.000000000000000E+00  0.000000000000000E+00 0
	   2      40.00      80.00  0.000000000000000E+00  0.000000000000000E+00 0	   2      40.00      80.00  0.000000000000000E+00  0.000000000000000E+00 0
	   3      80.00     120.00  0.000000000000000E+00  0.000000000000000E+00 0	   3      80.00     120.00  0.000000000000000E+00  0.000000000000000E+00 0
	   4     120.00     160.00  0.000000000000000E+00  0.000000000000000E+00 0	   4     120.00     160.00  0.000000000000000E+00  0.000000000000000E+00 0
	   5     160.00     200.00  0.000000000000000E+00  0.000000000000000E+00 0	   5     160.00     200.00  0.000000000000000E+00  0.000000000000000E+00 0
	   6     200.00     240.00  0.000000000000000E+00  0.000000000000000E+00 0	   6     200.00     240.00  0.000000000000000E+00  0.000000000000000E+00 0
	   7     240.00     280.00  0.000000000000000E+00  0.000000000000000E+00 0	   7     240.00     280.00  0.000000000000000E+00  0.000000000000000E+00 0
	   8     280.00     320.00  0.000000000000000E+00  0.000000000000000E+00 0	   8     280.00     320.00  0.000000000000000E+00  0.000000000000000E+00 0
	   9     320.00     360.00  0.000000000000000E+00  0.000000000000000E+00 0	   9     320.00     360.00  0.000000000000000E+00  0.000000000000000E+00 0
	  10     360.00     400.00  0.000000000000000E+00  0.000000000000000E+00 0	  10     360.00     400.00  0.000000000000000E+00  0.000000000000000E+00 0
	  11     400.00     440.00  0.000000000000000E+00  0.000000000000000E+00 0	  11     400.00     440.00  0.000000000000000E+00  0.000000000000000E+00 0
	  12     440.00     480.00  0.000000000000000E+00  0.000000000000000E+00 0	  12     440.00     480.00  0.000000000000000E+00  0.000000000000000E+00 0
	  13     480.00     520.00  0.000000000000000E+00  0.000000000000000E+00 0	  13     480.00     520.00  0.000000000000000E+00  0.000000000000000E+00 0
	  14     520.00     560.00  1.726783627132394E-07  6.190728538904858E-09 22046	  14     520.00     560.00  1.749485337879174E-07  6.411716754876877E-09 22030
	  15     560.00     600.00  6.855575981746372E-06  3.824227750529133E-08 1489014	  15     560.00     600.00  6.956548056240529E-06  3.958254637966538E-08 1488472
	  16     600.00     640.00  2.737104999483536E-05  8.534399740762165E-08 5392012	  16     600.00     640.00  2.789954699432144E-05  8.850346275752981E-08 5389876
	  17     640.00     680.00  5.318615446816625E-05  1.257904207460932E-07 8691353	  17     640.00     680.00  5.457117760684930E-05  1.314709500194660E-07 8687698
	  18     680.00     720.00  7.671920589372520E-05  1.580412211992625E-07 11167689	  18     680.00     720.00  7.924233255490668E-05  1.663197165098111E-07 11162805
	  19     720.00     760.00  9.677530839248952E-05  1.929190621355067E-07 12980203	  19     720.00     760.00  1.006545411250111E-04  2.045855306661690E-07 12974171
	  20     760.00     800.00  1.123771858680452E-04  1.987756479583315E-07 14263876	  20     760.00     800.00  1.176807379416254E-04  2.116884526038745E-07 14257103
	  21     800.00     840.00  1.249817485582077E-04  2.271753092440827E-07 15132778	  21     800.00     840.00  1.317485873686824E-04  2.423369613047128E-07 15125640
	  22     840.00     880.00  1.349002617162186E-04  2.574720304240725E-07 15707612	  22     840.00     880.00  1.431444022353711E-04  2.773454394258283E-07 15700182
	  23     880.00     920.00  1.415695356310803E-04  2.790412761398144E-07 16045342	  23     880.00     920.00  1.511458651585045E-04  3.015789439503701E-07 16037327
	  24     920.00     960.00  1.464075256606845E-04  2.771895857564475E-07 16203978	  24     920.00     960.00  1.572894522579756E-04  3.037317637830631E-07 16195912
	  25     960.00    1000.00  1.505233624735640E-04  3.198980805161294E-07 16242137	  25     960.00    1000.00  1.626384988039986E-04  3.488272747727082E-07 16234089
	  26    1000.00    1040.00  1.526369684905982E-04  3.099097689539375E-07 16182246	  26    1000.00    1040.00  1.658393769481220E-04  3.402898295244364E-07 16174177
	  27    1040.00    1080.00  1.545737023275459E-04  3.323444937495991E-07 16044459	  27    1040.00    1080.00  1.689031830501644E-04  3.652813668930071E-07 16036477
	  28    1080.00    1120.00  1.543274892988276E-04  3.282517120494459E-07 15856085	  28    1080.00    1120.00  1.695133486676740E-04  3.636814847577841E-07 15848140
	  29    1120.00    1160.00  1.537506185663558E-04  3.391541842605586E-07 15622029	  29    1120.00    1160.00  1.697643430728059E-04  3.765024333016113E-07 15614242
	  30    1160.00    1200.00  1.527468030616393E-04  3.325709724465867E-07 15359677	  30    1160.00    1200.00  1.695223679188870E-04  3.718880115082514E-07 15352025
	  31    1200.00    1240.00  1.516330379512089E-04  3.645595020424620E-07 15079321	  31    1200.00    1240.00  1.690940856061900E-04  4.063182450194338E-07 15071678
	  32    1240.00    1280.00  1.494894047164496E-04  3.702319071973808E-07 14776430	  32    1240.00    1280.00  1.675446614591606E-04  4.157525065223205E-07 14768901
	  33    1280.00    1320.00  1.478480005097039E-04  4.015511729384112E-07 14468225	  33    1280.00    1320.00  1.664588852780836E-04  4.539506075617532E-07 14460827
	  34    1320.00    1360.00  1.444456945199796E-04  3.570766031686173E-07 14149869	  34    1320.00    1360.00  1.633784964128644E-04  4.045238254494748E-07 14142699
	  35    1360.00    1400.00  1.420443923591324E-04  3.749524893408947E-07 13840033	  35    1360.00    1400.00  1.614087909549861E-04  4.271167388121749E-07 13833022
	  36    1400.00    1440.00  1.391355176627837E-04  3.867410044388030E-07 13519930	  36    1400.00    1440.00  1.587980902993323E-04  4.410739228896958E-07 13513048
	  37    1440.00    1480.00  1.374914381688685E-04  4.177393849364033E-07 13216090	  37    1440.00    1480.00  1.576188861204151E-04  4.775239902477495E-07 13209441
	  38    1480.00    1520.00  1.322917091227192E-04  3.818335346032257E-07 12897676	  38    1480.00    1520.00  1.523133301297511E-04  4.386718008098345E-07 12891115
	  39    1520.00    1560.00  1.292791027586646E-04  3.872159918413134E-07 12586605	  39    1520.00    1560.00  1.494622703485743E-04  4.468555796946378E-07 12580192
	  40    1560.00    1600.00  1.266922693214578E-04  4.118777133170297E-07 12287947	  40    1560.00    1600.00  1.470678808134579E-04  4.761312650262372E-07 12281626
	  41    1600.00    1640.00  1.228570110401282E-04  4.162021514058455E-07 11984413	  41    1600.00    1640.00  1.431998821368593E-04  4.825521068713160E-07 11978321
	  42    1640.00    1680.00  1.196434586375661E-04  4.901870262602863E-07 11692261	  42    1640.00    1680.00  1.400184517311578E-04  5.657626977602028E-07 11686226
	  43    1680.00    1720.00  1.152662688868282E-04  3.878794105418186E-07 11409263	  43    1680.00    1720.00  1.354637200700783E-04  4.548295243961939E-07 11403393
	  44    1720.00    1760.00  1.131255363521225E-04  4.570629779345182E-07 11127516	  44    1720.00    1760.00  1.334289215024821E-04  5.332060816442893E-07 11121830
	  45    1760.00    1800.00  1.093358689042234E-04  4.398486064451006E-07 10845602	  45    1760.00    1800.00  1.294942501732978E-04  5.172370879454304E-07 10839933
	  46    1800.00    1840.00  1.057476973499700E-04  4.150264934434331E-07 10587079	  46    1800.00    1840.00  1.256906504459420E-04  4.871508916313682E-07 10581751
	  47    1840.00    1880.00  1.026618937242020E-04  4.205625753372233E-07 10325202	  47    1840.00    1880.00  1.225135479122075E-04  4.967765289815855E-07 10319908
	  48    1880.00    1920.00  1.002709511063122E-04  4.198905724683054E-07 10076451	  48    1880.00    1920.00  1.200394689309236E-04  4.975209903784858E-07 10071370
	  49    1920.00    1960.00  9.637040608585059E-05  3.833895219106577E-07 9823383	  49    1920.00    1960.00  1.158600741600506E-04  4.591365169514679E-07 9818350
	  50    1960.00    2000.00  9.276462623695737E-05  3.712616805868333E-07 9589846	  50    1960.00    2000.00  1.119124202100779E-04  4.446672164426933E-07 9584820
	  51    2000.00    2040.00  8.960575146148027E-05  3.862318541289786E-07 9354972	  51    2000.00    2040.00  1.084677262865538E-04  4.642498997301145E-07 9350184
	  52    2040.00    2080.00  8.707431850067943E-05  5.092522484843766E-07 9128728	  52    2040.00    2080.00  1.057770660703957E-04  6.089081162142586E-07 9123917
	  53    2080.00    2120.00  8.367292702456475E-05  3.598598529026774E-07 8903663	  53    2080.00    2120.00  1.020392579488763E-04  4.353841245892566E-07 8899158
	  54    2120.00    2160.00  8.084558350525791E-05  3.842426699387855E-07 8691006	  54    2120.00    2160.00  9.894010217702255E-05  4.653579167402193E-07 8686557
	  55    2160.00    2200.00  7.850590907622442E-05  3.982412869204134E-07 8484768	  55    2160.00    2200.00  9.638764979112299E-05  4.837269660252586E-07 8480411
	  56    2200.00    2240.00  7.522640234588859E-05  3.872095129820556E-07 8281958	  56    2200.00    2240.00  9.273310600722487E-05  4.715255285544544E-07 8277714
	  57    2240.00    2280.00  7.395079728225977E-05  3.760694975510394E-07 8087565	  57    2240.00    2280.00  9.140554835474799E-05  4.604730311356273E-07 8083483
	  58    2280.00    2320.00  7.087546291024739E-05  4.436003995743088E-07 7892987	  58    2280.00    2320.00  8.793340277458675E-05  5.464258100434599E-07 7889002
	  59    2320.00    2360.00  6.866637773539178E-05  4.275352264507005E-07 7708169	  59    2320.00    2360.00  8.544949330377819E-05  5.256581171047222E-07 7704323
	  60    2360.00    2400.00  6.563157865795411E-05  3.757766554031223E-07 7524743	  60    2360.00    2400.00  8.196685454398082E-05  4.634536487662273E-07 7520987
	  61    2400.00    2440.00  6.344289863803987E-05  4.344780850138556E-07 7349897	  61    2400.00    2440.00  7.947754815147416E-05  5.350433309310785E-07 7345985
	  62    2440.00    2480.00  6.046971770486499E-05  3.208611178424655E-07 7183732	  62    2440.00    2480.00  7.602722376082768E-05  3.996361348875525E-07 7180079
	  63    2480.00    2520.00  5.847192382607896E-05  3.219251546282232E-07 7014430	  63    2480.00    2520.00  7.373814554136114E-05  4.032449926406802E-07 7010833
	  64    2520.00    2560.00  5.688426720858208E-05  3.745096057486453E-07 6852008	  64    2520.00    2560.00  7.195726027374584E-05  4.696005337702684E-07 6848439
	  65    2560.00    2600.00  5.448899508687921E-05  3.334136069875059E-07 6696722	  65    2560.00    2600.00  6.913803696865616E-05  4.161761902017439E-07 6693246
	  66    2600.00    2640.00  5.233659673550021E-05  3.327848792190355E-07 6543394	  66    2600.00    2640.00  6.664682281039711E-05  4.199838727161275E-07 6540065
	  67    2640.00    2680.00  5.039801765125547E-05  3.587361184879169E-07 6397134	  67    2640.00    2680.00  6.437363345258954E-05  4.529538553202116E-07 6393791
	  68    2680.00    2720.00  4.878762419147356E-05  3.109850322533330E-07 6248644	  68    2680.00    2720.00  6.250289819680811E-05  3.940310411605526E-07 6245404
	  69    2720.00    2760.00  4.705005462008218E-05  3.967050607614172E-07 6108576	  69    2720.00    2760.00  6.045925884156794E-05  4.959564218265496E-07 6105449
	  70    2760.00    2800.00  4.516052396909101E-05  3.337565887661347E-07 5974302	  70    2760.00    2800.00  5.825414205423619E-05  4.252481617093625E-07 5971205
	  71    2800.00    2840.00  4.312171770534371E-05  3.535580722014907E-07 5839852	  71    2800.00    2840.00  5.578491687994523E-05  4.469735127479422E-07 5836847
	  72    2840.00    2880.00  4.107070386737923E-05  3.059866593061302E-07 5709608	  72    2840.00    2880.00  5.331843534198111E-05  3.925453543242654E-07 5706636
	  73    2880.00    2920.00  4.004315231784846E-05  3.838857972427873E-07 5584034	  73    2880.00    2920.00  5.209410947517849E-05  4.852860950521511E-07 5581229
	  74    2920.00    2960.00  3.881570181819258E-05  4.005821175567645E-07 5469967	  74    2920.00    2960.00  5.066843872593245E-05  5.090218186664149E-07 5467131
	  75    2960.00    3000.00  3.682135906366215E-05  3.184061565707840E-07 5344921	  75    2960.00    3000.00  4.822263191221288E-05  4.088600175522308E-07 5342269
	  76    3000.00    3040.00  3.539708595236246E-05  3.020333517285280E-07 5232665	  76    3000.00    3040.00  4.650350670872618E-05  3.898759710671270E-07 5230091
	  77    3040.00    3080.00  3.385478391978413E-05  2.615621670422470E-07 5118849	  77    3040.00    3080.00  4.461344831125145E-05  3.404157120127614E-07 5116359
	  78    3080.00    3120.00  3.263615579854853E-05  2.593770296741117E-07 5010248	  78    3080.00    3120.00  4.313926917527813E-05  3.384359482694675E-07 5007723
	  79    3120.00    3160.00  3.168448263457844E-05  3.211218049531513E-07 4903137	  79    3120.00    3160.00  4.200140938082190E-05  4.202547618365196E-07 4900651
	  80    3160.00    3200.00  3.028721925325891E-05  2.889058197102422E-07 4795204	  80    3160.00    3200.00  4.027192046141714E-05  3.811533357259580E-07 4792721
	  81    3200.00    3240.00  2.916917834251144E-05  3.631639397050292E-07 4692322	  81    3200.00    3240.00  3.887248847501377E-05  4.682653415230044E-07 4689976
	  82    3240.00    3280.00  2.793550300941225E-05  3.482784626284848E-07 4595764	  82    3240.00    3280.00  3.734998009132298E-05  4.540705389865290E-07 4593533
	  83    3280.00    3320.00  2.631492851441047E-05  2.240048163901392E-07 4492497	  83    3280.00    3320.00  3.531242184623723E-05  2.965631632526213E-07 4490241
	  84    3320.00    3360.00  2.570865451024543E-05  2.555628976985290E-07 4395470	  84    3320.00    3360.00  3.458349755376749E-05  3.374507560190384E-07 4393207
	  85    3360.00    3400.00  2.444626632394690E-05  2.380713610875603E-07 4308572	  85    3360.00    3400.00  3.300017967077910E-05  3.179839757718647E-07 4306396
	  86    3400.00    3440.00  2.305718226746696E-05  2.019025118822007E-07 4220730	  86    3400.00    3440.00  3.121633671725923E-05  2.710675561418723E-07 4218588
	  87    3440.00    3480.00  2.294104704790215E-05  2.952083483191012E-07 4129939	  87    3440.00    3480.00  3.112984013206439E-05  3.939575596246547E-07 4127846
	  88    3480.00    3520.00  2.206783032150463E-05  4.013339942956152E-07 4043857	  88    3480.00    3520.00  3.002539264951427E-05  5.335419265507677E-07 4041787
	  89    3520.00    3560.00  2.083355467555698E-05  2.006734652128243E-07 3958579	  89    3520.00    3560.00  2.845184089171029E-05  2.720162564471817E-07 3956600
	  90    3560.00    3600.00  1.979622615560703E-05  1.950999433617796E-07 3881471	  90    3560.00    3600.00  2.710699957682633E-05  2.647882616488358E-07 3879508
	  91    3600.00    3640.00  1.907758146238781E-05  2.028717363072954E-07 3802825	  91    3600.00    3640.00  2.619066141877847E-05  2.743479309984770E-07 3800906
	  92    3640.00    3680.00  1.825114831830326E-05  1.838035364056109E-07 3722429	  92    3640.00    3680.00  2.513068569765337E-05  2.499089570679389E-07 3720610
	  93    3680.00    3720.00  1.747387040715181E-05  2.209925335086178E-07 3648579	  93    3680.00    3720.00  2.415107648001492E-05  3.082732632229892E-07 3646724
	  94    3720.00    3760.00  1.664349274093977E-05  1.640732259125195E-07 3576820	  94    3720.00    3760.00  2.305832369128107E-05  2.244074335540289E-07 3575049
	  95    3760.00    3800.00  1.593159611455082E-05  1.972647206023688E-07 3502568	  95    3760.00    3800.00  2.212282438248575E-05  2.668812096276851E-07 3500827
	  96    3800.00    3840.00  1.548607838877577E-05  1.814196721249025E-07 3432243	  96    3800.00    3840.00  2.156791986581007E-05  2.486391199654502E-07 3430526
	  97    3840.00    3880.00  1.431184995906775E-05  2.387981586427259E-07 3363444	  97    3840.00    3880.00  1.998139023315983E-05  3.238468080587350E-07 3361711
	  98    3880.00    3920.00  1.382918012167571E-05  1.472449686598511E-07 3293918	  98    3880.00    3920.00  1.936985893984121E-05  2.038115195053998E-07 3292281
	  99    3920.00    3960.00  1.377973881911511E-05  2.012754488187997E-07 3231130	  99    3920.00    3960.00  1.935465924001535E-05  2.800374920413228E-07 3229553
	 100    3960.00    4000.00  1.288250378308704E-05  1.608303216513773E-07 3167834	 100    3960.00    4000.00  1.815296056960695E-05  2.245002827603444E-07 3166322
	 101    4000.00    4040.00  1.197663547749805E-05  1.411823312519184E-07 3101942	 101    4000.00    4040.00  1.693096105854873E-05  1.996014091523267E-07 3100426
	 102    4040.00    4080.00  1.175289995868395E-05  1.818057888485889E-07 3037468	 102    4040.00    4080.00  1.663392982034398E-05  2.526228906431137E-07 3035924
	 103    4080.00    4120.00  1.113294447848038E-05  1.796287548884802E-07 2982838	 103    4080.00    4120.00  1.581722982905935E-05  2.516519755379015E-07 2981264
	 104    4120.00    4160.00  1.065106772891370E-05  1.360865352144327E-07 2921372	 104    4120.00    4160.00  1.518803162518342E-05  1.923448872268383E-07 2919912
	 105    4160.00    4200.00  1.023086040356731E-05  1.301559424671401E-07 2869457	 105    4160.00    4200.00  1.461195358097229E-05  1.830166011924253E-07 2868006
	 106    4200.00    4240.00  9.726113738660678E-06  1.434473362479373E-07 2810355	 106    4200.00    4240.00  1.394443756070476E-05  2.040999892973142E-07 2809007
	 107    4240.00    4280.00  9.794350339528580E-06  3.390808837618362E-07 2754338	 107    4240.00    4280.00  1.404685182248509E-05  4.709834394953415E-07 2752974
	 108    4280.00    4320.00  8.902255310837710E-06  2.056669217002348E-07 2696530	 108    4280.00    4320.00  1.281487939701441E-05  2.882016122008126E-07 2695183
	 109    4320.00    4360.00  8.722169707677851E-06  1.486967056521452E-07 2649156	 109    4320.00    4360.00  1.259777123385764E-05  2.123393981275397E-07 2647842
	 110    4360.00    4400.00  7.984959563411504E-06  1.056295072463634E-07 2599736	 110    4360.00    4400.00  1.156947384532287E-05  1.519436697947118E-07 2598416
	 111    4400.00    4440.00  7.632850534831202E-06  1.125304586633886E-07 2546497	 111    4400.00    4440.00  1.108659674802436E-05  1.618500869583719E-07 2545189
	 112    4440.00    4480.00  7.266151650436333E-06  1.036599292748645E-07 2496599	 112    4440.00    4480.00  1.058859701906596E-05  1.491781347309905E-07 2495339
	 113    4480.00    4520.00  6.925917035287439E-06  1.198836207992189E-07 2451642	 113    4480.00    4520.00  1.011604117696800E-05  1.718660149696839E-07 2450404
	 114    4520.00    4560.00  6.653501353572806E-06  9.697972797839028E-08 2402524	 114    4520.00    4560.00  9.746735957780003E-06  1.409041857807573E-07 2401361
	 115    4560.00    4600.00  6.331194564940453E-06  9.755467630588934E-08 2357663	 115    4560.00    4600.00  9.303526464862648E-06  1.418472405611592E-07 2356477
	 116    4600.00    4640.00  6.073776748958769E-06  1.064224980422742E-07 2312637	 116    4600.00    4640.00  8.945954213667618E-06  1.554279802868668E-07 2311453
	 117    4640.00    4680.00  5.992304097907090E-06  1.786054222479799E-07 2266070	 117    4640.00    4680.00  8.845753488134056E-06  2.593050821769333E-07 2264941
	 118    4680.00    4720.00  5.577690240327720E-06  8.770502610635393E-08 2225605	 118    4680.00    4720.00  8.256100327442279E-06  1.285218063705320E-07 2224501
	 119    4720.00    4760.00  5.242790704039966E-06  8.815093660358747E-08 2184358	 119    4720.00    4760.00  7.789206747808294E-06  1.291642807932628E-07 2183228
	 120    4760.00    4800.00  5.026299605542693E-06  9.611156639926270E-08 2141940	 120    4760.00    4800.00  7.486641092895642E-06  1.412999143351139E-07 2140859
	 121    4800.00    4840.00  4.967840022461754E-06  1.526872800068864E-07 2102011	 121    4800.00    4840.00  7.421945744505068E-06  2.295744557598072E-07 2100976
	 122    4840.00    4880.00  4.507700973424164E-06  7.498604575723732E-08 2059284	 122    4840.00    4880.00  6.747508903446078E-06  1.108909649443334E-07 2058273
	 123    4880.00    4920.00  4.182658452862265E-06  6.232983448693215E-08 2021850	 123    4880.00    4920.00  6.279127154061397E-06  9.257101236792685E-08 2020852
	 124    4920.00    4960.00  3.889005603912232E-06  5.585529544522760E-08 1979405	 124    4920.00    4960.00  5.859527150219111E-06  8.340983357360732E-08 1978378
	 125    4960.00    5000.00  3.908465981233007E-06  7.806770159575131E-08 1944126	 125    4960.00    5000.00  5.894539213362338E-06  1.158721674906188E-07 1943163
	 126    5000.00    5040.00  3.587705926789972E-06  6.136779572677821E-08 1908411	 126    5000.00    5040.00  5.432546070624725E-06  9.168488344463368E-08 1907486
	 127    5040.00    5080.00  3.418144644674613E-06  5.638071780115144E-08 1873362	 127    5040.00    5080.00  5.190848148662339E-06  8.498391968451443E-08 1872430
	 128    5080.00    5120.00  3.291108258979932E-06  6.435878173297800E-08 1839683	 128    5080.00    5120.00  5.014262424033014E-06  9.812910606221467E-08 1838760
	 129    5120.00    5160.00  3.154552328632467E-06  5.437090653272609E-08 1805317	 129    5120.00    5160.00  4.811851925318370E-06  8.203525203871062E-08 1804468
	 130    5160.00    5200.00  2.965561744867960E-06  5.198626749239966E-08 1768474	 130    5160.00    5200.00  4.538211616364096E-06  7.886035280199152E-08 1767599
	 131    5200.00    5240.00  2.728496801321609E-06  4.302369771597344E-08 1738780	 131    5200.00    5240.00  4.187210504445491E-06  6.552985220343622E-08 1737888
	 132    5240.00    5280.00  2.631306443359338E-06  5.064185174018996E-08 1702006	 132    5240.00    5280.00  4.051810044338896E-06  7.757090978523892E-08 1701177
	 133    5280.00    5320.00  2.568824510552944E-06  4.793456621330552E-08 1671904	 133    5280.00    5320.00  3.963249620518626E-06  7.344288745572766E-08 1671083
	 134    5320.00    5360.00  2.554556695815642E-06  9.257789752001045E-08 1640500	 134    5320.00    5360.00  3.948945466163173E-06  1.400066560268501E-07 1639691
	 135    5360.00    5400.00  2.273072972652435E-06  4.509821809444153E-08 1607942	 135    5360.00    5400.00  3.527806784718884E-06  6.921031626470091E-08 1607200
	 136    5400.00    5440.00  2.195428165154660E-06  5.031164597892260E-08 1578749	 136    5400.00    5440.00  3.418490993853028E-06  7.846871737417185E-08 1577949
	 137    5440.00    5480.00  2.023656709422643E-06  3.742204672413387E-08 1549068	 137    5440.00    5480.00  3.156954876887402E-06  5.787101283236864E-08 1548291
	 138    5480.00    5520.00  1.954143973232087E-06  3.497286548110285E-08 1519558	 138    5480.00    5520.00  3.056823542549719E-06  5.445206377956145E-08 1518827
	 139    5520.00    5560.00  1.821007667502104E-06  3.516790875340857E-08 1491583	 139    5520.00    5560.00  2.856110004532432E-06  5.464186057850639E-08 1490889
	 140    5560.00    5600.00  1.803485991010189E-06  5.429660809987070E-08 1465115	 140    5560.00    5600.00  2.834152463916042E-06  8.436446461680258E-08 1464400
	 141    5600.00    5640.00  1.755015534019860E-06  8.420317859407172E-08 1437288	 141    5600.00    5640.00  2.766859249657156E-06  1.323477935283516E-07 1436633
	 142    5640.00    5680.00  1.626863606294474E-06  4.568383651740210E-08 1409330	 142    5640.00    5680.00  2.569701839724823E-06  7.065983317029073E-08 1408606
	 143    5680.00    5720.00  1.478325493913355E-06  3.333309433599993E-08 1385413	 143    5680.00    5720.00  2.344112971449232E-06  5.226896187860733E-08 1384706
	 144    5720.00    5760.00  1.408936271123667E-06  2.754359287705225E-08 1359146	 144    5720.00    5760.00  2.240415446692707E-06  4.358221791828650E-08 1358493
	 145    5760.00    5800.00  1.368203502693475E-06  2.886839357829203E-08 1332586	 145    5760.00    5800.00  2.181149554730655E-06  4.578820733656490E-08 1331946
	 146    5800.00    5840.00  1.282285389479557E-06  3.092076646499922E-08 1308446	 146    5800.00    5840.00  2.050491036074045E-06  4.899186646445090E-08 1307845
	 147    5840.00    5880.00  1.192834783990120E-06  2.261495123216327E-08 1284229	 147    5840.00    5880.00  1.913081487139679E-06  3.621140494207307E-08 1283601
	 148    5880.00    5920.00  1.124336619705111E-06  2.546265973777207E-08 1260110	 148    5880.00    5920.00  1.807603521213443E-06  4.060933496338257E-08 1259499
	 149    5920.00    5960.00  1.039472105764460E-06  2.152181600628932E-08 1236205	 149    5920.00    5960.00  1.675146965222453E-06  3.449548817459919E-08 1235636
	 150    5960.00    6000.00  1.017025996822793E-06  2.176454715418563E-08 1211694	 150    5960.00    6000.00  1.644100504810106E-06  3.507545651070299E-08 1211078
	 151    6000.00    6040.00  9.768007727569077E-07  2.189516569113943E-08 1189591	 151    6000.00    6040.00  1.582528835355599E-06  3.530893664259686E-08 1189019
	 152    6040.00    6080.00  9.326396645860366E-07  2.312475448883377E-08 1166749	 152    6040.00    6080.00  1.514309166730606E-06  3.751728226187083E-08 1166200
	 153    6080.00    6120.00  8.418865415775497E-07  2.223831523327183E-08 1144786	 153    6080.00    6120.00  1.370408602689893E-06  3.607236647217740E-08 1144267
	 154    6120.00    6160.00  7.913013366117142E-07  1.791227412983981E-08 1125096	 154    6120.00    6160.00  1.293241680817713E-06  2.920287994468828E-08 1124536
	 155    6160.00    6200.00  7.800912560557322E-07  3.611831763073821E-08 1103678	 155    6160.00    6200.00  1.277717698194074E-06  5.974486470933966E-08 1103097
	 156    6200.00    6240.00  7.075698665665581E-07  2.868560685668851E-08 1084575	 156    6200.00    6240.00  1.161931110504455E-06  4.662627320917573E-08 1084058
	 157    6240.00    6280.00  6.618029942169687E-07  1.567850118122793E-08 1060936	 157    6240.00    6280.00  1.090564033044654E-06  2.590204619623129E-08 1060481
	 158    6280.00    6320.00  6.112011929920224E-07  1.324575431812765E-08 1042093	 158    6280.00    6320.00  1.008838464601790E-06  2.177536113315764E-08 1041591
	 159    6320.00    6360.00  5.608353641026982E-07  1.245129834005054E-08 1021958	 159    6320.00    6360.00  9.288573791315656E-07  2.052657283845206E-08 1021451
	 160    6360.00    6400.00  5.621289152044701E-07  1.305109995481911E-08 1001951	 160    6360.00    6400.00  9.332629633183069E-07  2.160060587306995E-08 1001469
	 161    6400.00    6440.00  5.235307371275478E-07  1.335306588135628E-08 982726	 161    6400.00    6440.00  8.711838030502178E-07  2.208747366825806E-08 982245
	 162    6440.00    6480.00  4.998709694895795E-07  1.161897063154414E-08 965692	 162    6440.00    6480.00  8.333397623216678E-07  1.924869257610211E-08 965227
	 163    6480.00    6520.00  4.665430743175656E-07  1.363145330269789E-08 946820	 163    6480.00    6520.00  7.824396538311899E-07  2.321146849546845E-08 946350
	 164    6520.00    6560.00  4.510531142024223E-07  3.194862057316267E-08 928500	 164    6520.00    6560.00  7.572229864536643E-07  5.407215121889636E-08 928059
	 165    6560.00    6600.00  4.234906069701259E-07  1.130261026143291E-08 909977	 165    6560.00    6600.00  7.121861003933151E-07  1.898805236376942E-08 909529
	 166    6600.00    6640.00  3.890180698699547E-07  1.132373741524668E-08 894699	 166    6600.00    6640.00  6.564382532192425E-07  1.900478606991182E-08 894253
	 167    6640.00    6680.00  3.976944615278283E-07  2.201546694955571E-08 875764	 167    6640.00    6680.00  6.729779050513574E-07  3.686406383444208E-08 875340
	 168    6680.00    6720.00  3.549586484332729E-07  1.422898476003612E-08 858926	 168    6680.00    6720.00  6.017838358825413E-07  2.391545608731134E-08 858516
	 169    6720.00    6760.00  3.267922393067303E-07  8.303434247889644E-09 844019	 169    6720.00    6760.00  5.561537248832200E-07  1.416561262400094E-08 843618
	 170    6760.00    6800.00  3.068391459347310E-07  9.377431922867041E-09 827599	 170    6760.00    6800.00  5.239201627787500E-07  1.607135815041882E-08 827203
	 171    6800.00    6840.00  2.820915589348273E-07  9.481753856188153E-09 811084	 171    6800.00    6840.00  4.823760546889607E-07  1.613755046188626E-08 810713
	 172    6840.00    6880.00  2.749101067371141E-07  7.023466758993063E-09 797938	 172    6840.00    6880.00  4.709660978134875E-07  1.197487712521929E-08 797580
	 173    6880.00    6920.00  2.591555068795024E-07  6.851281616562230E-09 779265	 173    6880.00    6920.00  4.454942899320051E-07  1.174866232013989E-08 778900
	 174    6920.00    6960.00  2.339182884225259E-07  6.116023290129629E-09 764647	 174    6920.00    6960.00  4.032944184769226E-07  1.050552178589239E-08 764286
	 175    6960.00    7000.00  2.094347478729949E-07  5.595953616911971E-09 749075	 175    6960.00    7000.00  3.624892007161689E-07  9.605138649317420E-09 748712
	 176    7000.00    7040.00  2.132940776996331E-07  6.599407345230028E-09 735106	 176    7000.00    7040.00  3.701135891400974E-07  1.150786507522097E-08 734772
	 177    7040.00    7080.00  2.047264544160704E-07  8.191869193237517E-09 721205	 177    7040.00    7080.00  3.558653066197608E-07  1.409224979358586E-08 720876
	 178    7080.00    7120.00  1.863910526741094E-07  6.986543583912141E-09 706197	 178    7080.00    7120.00  3.247820909027999E-07  1.205653554176352E-08 705853
	 179    7120.00    7160.00  1.616079586160695E-07  3.975006272064688E-09 693934	 179    7120.00    7160.00  2.827617938609739E-07  6.969250611357397E-09 693597
	 180    7160.00    7200.00  1.538083043292284E-07  3.885942982465398E-09 679282	 180    7160.00    7200.00  2.700279405190732E-07  6.835927216958753E-09 678972
	 181    7200.00    7240.00  1.544972419461738E-07  6.415317413085871E-09 664629	 181    7200.00    7240.00  2.717581370248809E-07  1.129611845453648E-08 664301
	 182    7240.00    7280.00  1.427205168151789E-07  4.361885696549049E-09 652026	 182    7240.00    7280.00  2.518088677669097E-07  7.700270147407467E-09 651740
	 183    7280.00    7320.00  1.407422655594112E-07  5.297234272747656E-09 640784	 183    7280.00    7320.00  2.486342328442383E-07  9.288755177042351E-09 640493
	 184    7320.00    7360.00  1.209029274183922E-07  3.443772076009500E-09 626376	 184    7320.00    7360.00  2.144225232117272E-07  6.104196267067928E-09 626108
	 185    7360.00    7400.00  1.107246237627908E-07  3.120679163307472E-09 613553	 185    7360.00    7400.00  1.968008015563141E-07  5.526042767953378E-09 613241
	 186    7400.00    7440.00  1.026425362755035E-07  2.854788580135934E-09 600871	 186    7400.00    7440.00  1.831285622581063E-07  5.098561976866921E-09 600572
	 187    7440.00    7480.00  1.139786855850844E-07  1.096763737561233E-08 590201	 187    7440.00    7480.00  2.037555186186099E-07  1.947294464522001E-08 589928
	 188    7480.00    7520.00  9.334948104037064E-08  4.171828511054610E-09 578522	 188    7480.00    7520.00  1.673616415165288E-07  7.550954255272299E-09 578255
	 189    7520.00    7560.00  8.454701996796849E-08  2.331862955112213E-09 564777	 189    7520.00    7560.00  1.520672544244785E-07  4.196730530413947E-09 564500
	 190    7560.00    7600.00  7.884204086363053E-08  2.375862083010694E-09 554150	 190    7560.00    7600.00  1.423310740536219E-07  4.295693937295099E-09 553865
	 191    7600.00    7640.00  7.167487885898394E-08  1.917840398415550E-09 545380	 191    7600.00    7640.00  1.296555922659119E-07  3.474241565011474E-09 545120
	 192    7640.00    7680.00  7.050765694151968E-08  2.517341240736776E-09 534071	 192    7640.00    7680.00  1.276474594897925E-07  4.531417662979081E-09 533810
	 193    7680.00    7720.00  6.589371709475026E-08  2.053929641749893E-09 522090	 193    7680.00    7720.00  1.199570644401415E-07  3.743556685036415E-09 521855
	 194    7720.00    7760.00  6.074181814106950E-08  2.155534262337885E-09 512211	 194    7720.00    7760.00  1.108309517721490E-07  3.933622258373928E-09 511954
	 195    7760.00    7800.00  5.442666348102056E-08  1.463630113554022E-09 501251	 195    7760.00    7800.00  9.953923133989031E-08  2.673118905316564E-09 501027
	 196    7800.00    7840.00  5.159947675194551E-08  1.546696463482601E-09 490072	 196    7800.00    7840.00  9.462615550928455E-08  2.839998456334378E-09 489827
	 197    7840.00    7880.00  4.678241342706173E-08  1.311570492514649E-09 480701	 197    7840.00    7880.00  8.602261497944687E-08  2.408257981805767E-09 480482
	 198    7880.00    7920.00  4.404577073757846E-08  1.742486874166683E-09 469618	 198    7880.00    7920.00  8.116577904165597E-08  3.188376991445673E-09 469382
	 199    7920.00    7960.00  4.231688361716020E-08  1.234396603741013E-09 460820	 199    7920.00    7960.00  7.835945380256676E-08  2.291894273369204E-09 460593
	 200    7960.00    8000.00  3.749513057744174E-08  1.097580019580484E-09 451524	 200    7960.00    8000.00  6.962859732515739E-08  2.047257578977543E-09 451338
	 201    8000.00    8040.00  3.507369071910863E-08  9.957432790817243E-10 440329	 201    8000.00    8040.00  6.522948016272472E-08  1.858196839609520E-09 440117
	 202    8040.00    8080.00  3.213662631839594E-08  1.032185828761392E-09 431408	 202    8040.00    8080.00  5.996053541424423E-08  1.936456352373512E-09 431203
	 203    8080.00    8120.00  2.912888020750579E-08  1.022040376554972E-09 422748	 203    8080.00    8120.00  5.450016840986745E-08  1.911843197595679E-09 422559
	 204    8120.00    8160.00  2.725263494697901E-08  1.010393703443908E-09 413391	 204    8120.00    8160.00  5.104639250282551E-08  1.866717999292944E-09 413202
	 205    8160.00    8200.00  2.543689991338921E-08  8.149797207306302E-10 404865	 205    8160.00    8200.00  4.789052820944185E-08  1.535066520652609E-09 404681
	 206    8200.00    8240.00  2.500287487542327E-08  8.595196669841378E-10 395604	 206    8200.00    8240.00  4.722940724915475E-08  1.630338165838951E-09 395433
	 207    8240.00    8280.00  2.397567102632881E-08  9.016014775927530E-10 387039	 207    8240.00    8280.00  4.543579707587850E-08  1.715124724249626E-09 386855
	 208    8280.00    8320.00  2.041905021446214E-08  7.107796033925029E-10 378747	 208    8280.00    8320.00  3.871309391404360E-08  1.336544461994390E-09 378599
	 209    8320.00    8360.00  1.928839838794102E-08  7.546309501330227E-10 371128	 209    8320.00    8360.00  3.677007909500302E-08  1.439650839872900E-09 370953
	 210    8360.00    8400.00  1.872294523128677E-08  6.733062078697439E-10 362621	 210    8360.00    8400.00  3.580529138699406E-08  1.297630506027331E-09 362446
	 211    8400.00    8440.00  1.684696950637751E-08  5.788264435643576E-10 354158	 211    8400.00    8440.00  3.230006650087641E-08  1.123288508402617E-09 354012
	 212    8440.00    8480.00  1.614019268440589E-08  6.797561051800632E-10 346741	 212    8440.00    8480.00  3.110416127269130E-08  1.329915108140597E-09 346573
	 213    8480.00    8520.00  1.399426256028145E-08  7.410856419843737E-10 338769	 213    8480.00    8520.00  2.697907670638566E-08  1.436909053150836E-09 338620
	 214    8520.00    8560.00  1.280080223073599E-08  4.854469318908348E-10 331762	 214    8520.00    8560.00  2.471431382670866E-08  9.397320350977695E-10 331596
	 215    8560.00    8600.00  1.185433160724671E-08  4.471639635483263E-10 323574	 215    8560.00    8600.00  2.296517032155776E-08  8.609530875959010E-10 323435
	 216    8600.00    8640.00  1.145281498327928E-08  7.675820364126055E-10 316235	 216    8600.00    8640.00  2.234794012052824E-08  1.518900669409515E-09 316085
	 217    8640.00    8680.00  9.961685483464157E-09  3.085269230971122E-10 309806	 217    8640.00    8680.00  1.944255288857530E-08  6.054682343992483E-10 309672
	 218    8680.00    8720.00  9.139531681573261E-09  3.138254219360095E-10 302705	 218    8680.00    8720.00  1.789835736658595E-08  6.199249627345196E-10 302564
	 219    8720.00    8760.00  8.654421704498152E-09  3.018621791001347E-10 294303	 219    8720.00    8760.00  1.696233478511730E-08  5.902257207364124E-10 294159
	 220    8760.00    8800.00  7.500858649057361E-09  2.386975515231808E-10 288616	 220    8760.00    8800.00  1.480420181931192E-08  4.752162604405012E-10 288489
	 221    8800.00    8840.00  7.215521726163272E-09  2.926647990958947E-10 281751	 221    8800.00    8840.00  1.425158535473935E-08  5.734985615035873E-10 281625
	 222    8840.00    8880.00  6.454015475967067E-09  1.983606604264282E-10 274633	 222    8840.00    8880.00  1.279805306140669E-08  3.956926558962325E-10 274491
	 223    8880.00    8920.00  6.026045701220352E-09  2.816754700275912E-10 268059	 223    8880.00    8920.00  1.200682381287254E-08  5.633928630690860E-10 267930
	 224    8920.00    8960.00  5.357402653248932E-09  1.933876813844957E-10 262477	 224    8920.00    8960.00  1.067011094691795E-08  3.832085156314255E-10 262358
	 225    8960.00    9000.00  5.191959353270009E-09  1.881522107222844E-10 254826	 225    8960.00    9000.00  1.037907025283030E-08  3.781127262865717E-10 254711
	 226    9000.00    9040.00  4.500641325185357E-09  1.717952706961050E-10 250040	 226    9000.00    9040.00  9.037596445231631E-09  3.473120582847526E-10 249924
	 227    9040.00    9080.00  4.363320418767566E-09  1.899655439063207E-10 244212	 227    9040.00    9080.00  8.790642617013358E-09  3.832084968228321E-10 244099
	 228    9080.00    9120.00  3.667325485817658E-09  1.295363776995897E-10 237350	 228    9080.00    9120.00  7.415556311056076E-09  2.662003253345561E-10 237245
	 229    9120.00    9160.00  3.404635410933616E-09  1.264829677543062E-10 232106	 229    9120.00    9160.00  6.923941677894118E-09  2.623640758232739E-10 232001
	 230    9160.00    9200.00  3.473152966006288E-09  1.487749808307244E-10 226444	 230    9160.00    9200.00  7.075521269471292E-09  3.052415540096625E-10 226338
	 231    9200.00    9240.00  3.010277336257811E-09  1.170858784954315E-10 220463	 231    9200.00    9240.00  6.141687833703086E-09  2.381807220266289E-10 220367
	 232    9240.00    9280.00  2.933856194973806E-09  2.189404734901150E-10 214409	 232    9240.00    9280.00  6.012862457130724E-09  4.508866372948352E-10 214301
	 233    9280.00    9320.00  2.516951369731942E-09  1.013287206411571E-10 208945	 233    9280.00    9320.00  5.173458923708967E-09  2.083426973005697E-10 208851
	 234    9320.00    9360.00  2.240216751483001E-09  7.999738300576378E-11 204112	 234    9320.00    9360.00  4.618833084951463E-09  1.653914137337480E-10 204019
	 235    9360.00    9400.00  2.273865646869339E-09  3.390422381962718E-10 198049	 235    9360.00    9400.00  4.715771106609716E-09  7.179672878493990E-10 197966
	 236    9400.00    9440.00  1.918963317373587E-09  8.264815051753522E-11 193402	 236    9400.00    9440.00  3.983212300959605E-09  1.715870088182739E-10 193337
	 237    9440.00    9480.00  1.892249518271962E-09  1.277304714104795E-10 188828	 237    9440.00    9480.00  3.962767495364694E-09  2.754152643370395E-10 188745
	 238    9480.00    9520.00  1.518192688216866E-09  5.371361642965604E-11 183670	 238    9480.00    9520.00  3.172351083367586E-09  1.128982538063665E-10 183586
	 239    9520.00    9560.00  1.418336474408935E-09  5.168360549268177E-11 177903	 239    9520.00    9560.00  2.969963651119405E-09  1.077312201848974E-10 177821
	 240    9560.00    9600.00  1.239551582805717E-09  5.288944364748417E-11 173223	 240    9560.00    9600.00  2.605165132567896E-09  1.106256432659107E-10 173152
	 241    9600.00    9640.00  1.190710257758631E-09  5.892926752003150E-11 168959	 241    9600.00    9640.00  2.512237696887543E-09  1.233971008723685E-10 168877
	 242    9640.00    9680.00  1.019091963728399E-09  4.333828766753819E-11 163922	 242    9640.00    9680.00  2.161888027187173E-09  9.295028034993393E-11 163834
	 243    9680.00    9720.00  8.658935236220410E-10  3.324593469247475E-11 158970	 243    9680.00    9720.00  1.843162479393583E-09  7.010879173728478E-11 158895
	 244    9720.00    9760.00  8.224939893440625E-10  3.094340395923016E-11 155060	 244    9720.00    9760.00  1.753264863439901E-09  6.603736937714969E-11 154984
	 245    9760.00    9800.00  7.835679461819996E-10  4.586169256024532E-11 151047	 245    9760.00    9800.00  1.678387051334916E-09  9.902011308810558E-11 150969
	 246    9800.00    9840.00  6.884071220584153E-10  2.509854761548987E-11 146014	 246    9800.00    9840.00  1.480326684400884E-09  5.450130884630421E-11 145942
	 247    9840.00    9880.00  6.623304220001682E-10  3.616592428572333E-11 142144	 247    9840.00    9880.00  1.431039793534281E-09  7.922128905020530E-11 142091
	 248    9880.00    9920.00  5.170339278489048E-10  2.408056068931153E-11 137783	 248    9880.00    9920.00  1.120850739186462E-09  5.343972916558247E-11 137724
	 249    9920.00    9960.00  4.799241038216151E-10  2.301088980325921E-11 133886	 249    9920.00    9960.00  1.040582035151300E-09  5.016938911238234E-11 133822
	 250    9960.00   10000.00  4.431112929708671E-10  1.795829494955636E-11 129843	 250    9960.00   10000.00  9.668273598095726E-10  3.913673904979801E-11 129787
	 251   10000.00   10040.00  3.739371576615158E-10  1.262676360813814E-11 126084	 251   10000.00   10040.00  8.203122508145374E-10  2.785829723833358E-11 126019
	 252   10040.00   10080.00  3.551436236763620E-10  2.136699135955901E-11 121565	 252   10040.00   10080.00  7.816292617207148E-10  4.800882132823129E-11 121511
	 253   10080.00   10120.00  3.153746806196661E-10  1.463305021600399E-11 117999	 253   10080.00   10120.00  6.990089023125559E-10  3.304466866031015E-11 117950
	 254   10120.00   10160.00  2.802780183895080E-10  1.345415719170669E-11 114339	 254   10120.00   10160.00  6.226969253117861E-10  2.999861129038411E-11 114292
	 255   10160.00   10200.00  2.587649951181338E-10  1.672072259788005E-11 111869	 255   10160.00   10200.00  5.751403085903537E-10  3.645570218707805E-11 111826
	 256   10200.00   10240.00  2.450387972135921E-10  1.509617010802029E-11 107453	 256   10200.00   10240.00  5.450030173171400E-10  3.372091386235584E-11 107409
	 257   10240.00   10280.00  1.984427190491008E-10  1.010723374046160E-11 104663	 257   10240.00   10280.00  4.465607539896766E-10  2.269522326490413E-11 104618
	 258   10280.00   10320.00  1.647179645211991E-10  7.241064524165105E-12 100240	 258   10280.00   10320.00  3.703279455548001E-10  1.623584477228755E-11 100196
	 259   10320.00   10360.00  1.611186550912973E-10  7.839408464215580E-12 97263	 259   10320.00   10360.00  3.634767024325145E-10  1.747068035453317E-11 97226
	 260   10360.00   10400.00  1.376786183085998E-10  5.549398147920176E-12 94168	 260   10360.00   10400.00  3.127450809619263E-10  1.262262649053390E-11 94132
	 261   10400.00   10440.00  1.234101894230620E-10  4.935415685677808E-12 90316	 261   10400.00   10440.00  2.814379360666090E-10  1.112226595787279E-11 90288
	 262   10440.00   10480.00  1.072435489112278E-10  4.509895022985826E-12 87276	 262   10440.00   10480.00  2.452101332284681E-10  1.021386807015375E-11 87241
	 263   10480.00   10520.00  1.044100944967001E-10  5.881941043295150E-12 84643	 263   10480.00   10520.00  2.408184927293421E-10  1.402917820977396E-11 84608
	 264   10520.00   10560.00  9.152246785080080E-11  6.015657039269343E-12 81145	 264   10520.00   10560.00  2.111257871596912E-10  1.360201787978474E-11 81110
	 265   10560.00   10600.00  7.477376531200075E-11  3.191929245158824E-12 78423	 265   10560.00   10600.00  1.738372642280392E-10  7.490894083271261E-12 78392
	 266   10600.00   10640.00  6.771325137496117E-11  2.759694815636059E-12 75299	 266   10600.00   10640.00  1.580435548220770E-10  6.537728887077786E-12 75260
	 267   10640.00   10680.00  6.187426255490608E-11  3.106345998376766E-12 73137	 267   10640.00   10680.00  1.446465227795968E-10  7.230416411292184E-12 73107
	 268   10680.00   10720.00  5.634710344163450E-11  3.769556959604752E-12 69966	 268   10680.00   10720.00  1.328088464683959E-10  8.899497712412388E-12 69940
	 269   10720.00   10760.00  4.524923073736727E-11  2.398393569271806E-12 67526	 269   10720.00   10760.00  1.071762900098453E-10  5.812300541524248E-12 67483
	 270   10760.00   10800.00  4.037162495578669E-11  3.042241818360282E-12 65118	 270   10760.00   10800.00  9.562221206980174E-11  7.139189798449584E-12 65086
	 271   10800.00   10840.00  3.607130552262795E-11  1.564375001151686E-12 62389	 271   10800.00   10840.00  8.650969605976673E-11  3.782243716543066E-12 62363
	 272   10840.00   10880.00  2.733648917215713E-11  1.145563628387497E-12 59750	 272   10840.00   10880.00  6.587496870743456E-11  2.787896664983466E-12 59724
	 273   10880.00   10920.00  2.479832571521780E-11  1.227277657937373E-12 56899	 273   10880.00   10920.00  5.979472273288993E-11  2.920012848580607E-12 56869
	 274   10920.00   10960.00  2.236276650043683E-11  8.969540513529410E-13 54829	 274   10920.00   10960.00  5.374208451939077E-11  2.112540538146457E-12 54814
	 275   10960.00   11000.00  2.052012488403920E-11  1.122308664598919E-12 52767	 275   10960.00   11000.00  4.958390849377079E-11  2.686933123098387E-12 52738
	 276   11000.00   11040.00  1.714101007332827E-11  9.432573573531912E-13 50487	 276   11000.00   11040.00  4.209024961868078E-11  2.352225216983678E-12 50473
	 277   11040.00   11080.00  1.367006369759045E-11  6.378880774907878E-13 47640	 277   11040.00   11080.00  3.371891328776930E-11  1.581022756609712E-12 47623
	 278   11080.00   11120.00  1.375340976248480E-11  1.244387054394690E-12 45573	 278   11080.00   11120.00  3.427128878459134E-11  3.150536944727589E-12 45561
	 279   11120.00   11160.00  1.193477402698286E-11  7.974784229109549E-13 43856	 279   11120.00   11160.00  2.945325999404135E-11  1.957563312889654E-12 43843
	 280   11160.00   11200.00  9.072281100358595E-12  4.960645636644823E-13 41396	 280   11160.00   11200.00  2.267701487375987E-11  1.246381104919381E-12 41375
	 281   11200.00   11240.00  7.916039487943865E-12  4.871156229393118E-13 39583	 281   11200.00   11240.00  1.983744284705112E-11  1.204973622806043E-12 39566
	 282   11240.00   11280.00  6.655059304798697E-12  4.049693312456720E-13 37731	 282   11240.00   11280.00  1.678629654428184E-11  1.001940599434410E-12 37713
	 283   11280.00   11320.00  5.772833450382466E-12  3.538792459180932E-13 36049	 283   11280.00   11320.00  1.473635856375040E-11  9.076489156898281E-13 36044
	 284   11320.00   11360.00  4.563515369593178E-12  2.959941591551236E-13 34046	 284   11320.00   11360.00  1.169924645834686E-11  7.411451777848219E-13 34033
	 285   11360.00   11400.00  4.697054487477802E-12  3.768574039846761E-13 32288	 285   11360.00   11400.00  1.206572195886932E-11  9.548031935923326E-13 32275
	 286   11400.00   11440.00  3.606838818473611E-12  2.450524917736806E-13 30344	 286   11400.00   11440.00  9.357895282243993E-12  6.257708999933388E-13 30336
	 287   11440.00   11480.00  2.932957160248699E-12  1.632877102361964E-13 28794	 287   11440.00   11480.00  7.647172877231038E-12  4.259217866091663E-13 28782
	 288   11480.00   11520.00  2.359306390073808E-12  1.285515165946917E-13 27092	 288   11480.00   11520.00  6.207210877420540E-12  3.350959887260076E-13 27081
	 289   11520.00   11560.00  1.939805641107781E-12  1.250340292365395E-13 25649	 289   11520.00   11560.00  5.152509550099376E-12  3.306624321252556E-13 25641
	 290   11560.00   11600.00  1.811116492083835E-12  1.863406582670528E-13 24032	 290   11560.00   11600.00  4.862902993005493E-12  5.068591560583688E-13 24021
	 291   11600.00   11640.00  1.272829630679787E-12  9.325772942775618E-14 22289	 291   11600.00   11640.00  3.418329278653513E-12  2.413532065733478E-13 22279
	 292   11640.00   11680.00  1.127261280972869E-12  8.425678923630604E-14 21261	 292   11640.00   11680.00  3.054800033488300E-12  2.242450709783766E-13 21254
	 293   11680.00   11720.00  8.155800051830501E-13  4.798251919219654E-14 19838	 293   11680.00   11720.00  2.231097745573794E-12  1.299932570323415E-13 19831
	 294   11720.00   11760.00  7.629074505861870E-13  5.923651703978716E-14 18501	 294   11720.00   11760.00  2.101791241033387E-12  1.615223664897940E-13 18495
	 295   11760.00   11800.00  6.548804728462809E-13  5.593732740646792E-14 17343	 295   11760.00   11800.00  1.809060339808946E-12  1.490545967134437E-13 17336
	 296   11800.00   11840.00  4.923001945451268E-13  3.994301194649783E-14 15812	 296   11800.00   11840.00  1.382940462461329E-12  1.078350615481422E-13 15810
	 297   11840.00   11880.00  4.079394172351563E-13  3.463481849830075E-14 14631	 297   11840.00   11880.00  1.156063192362203E-12  9.558482762267021E-14 14629
	 298   11880.00   11920.00  2.865454701313711E-13  2.440428954010654E-14 13461	 298   11880.00   11920.00  8.175224521506852E-13  6.891609509773150E-14 13456
	 299   11920.00   11960.00  2.497752630936040E-13  2.093116921483542E-14 12546	 299   11920.00   11960.00  7.261916451722160E-13  5.956552420030904E-14 12542
	 300   11960.00   12000.00  1.949561825014383E-13  2.108535084753839E-14 11691	 300   11960.00   12000.00  5.729405564602401E-13  6.123000883922823E-14 11685
	 301   12000.00   12040.00  1.403477174444859E-13  1.246412606911797E-14 10661	 301   12000.00   12040.00  4.175958137653808E-13  3.634851219627153E-14 10657
	 302   12040.00   12080.00  1.134488258407887E-13  1.264996427090801E-14 9669	 302   12040.00   12080.00  3.418059743297613E-13  3.714087322180508E-14 9667
	 303   12080.00   12120.00  6.996460737917359E-14  6.544530154994946E-15 8814	 303   12080.00   12120.00  2.155661804065535E-13  1.960158329417093E-14 8810
	 304   12120.00   12160.00  7.358848578005035E-14  1.905145260539008E-14 8066	 304   12120.00   12160.00  2.300835377308719E-13  5.980401622022674E-14 8063
	 305   12160.00   12200.00  5.983895081194550E-14  7.693033951785930E-15 7157	 305   12160.00   12200.00  1.894828678489959E-13  2.421925356686166E-14 7155
	 306   12200.00   12240.00  2.586974970531991E-14  2.219140887690453E-15 6202	 306   12200.00   12240.00  8.316102335928770E-14  6.903310354662798E-15 6199
	 307   12240.00   12280.00  2.108914813857962E-14  1.782413379279379E-15 5534	 307   12240.00   12280.00  6.950001382092902E-14  5.923100608004779E-15 5531
	 308   12280.00   12320.00  1.832203124618466E-14  3.740366196030422E-15 4904	 308   12280.00   12320.00  6.052635104019789E-14  1.209396301546841E-14 4903
	 309   12320.00   12360.00  1.068591303370014E-14  1.265083807749843E-15 4266	 309   12320.00   12360.00  3.662304470856565E-14  4.363142724563065E-15 4262
	 310   12360.00   12400.00  5.484673099848996E-15  5.011897088469774E-16 3589	 310   12360.00   12400.00  1.925384324308300E-14  1.757801421690127E-15 3589
	 311   12400.00   12440.00  4.773754283833416E-15  5.824245359338855E-16 3198	 311   12400.00   12440.00  1.695817704779704E-14  2.056366269770965E-15 3198
	 312   12440.00   12480.00  3.860992941041269E-15  6.154891699056903E-16 2718	 312   12440.00   12480.00  1.391258933429408E-14  2.179064198950107E-15 2716
	 313   12480.00   12520.00  3.682475077723295E-15  1.927179612885763E-15 2126	 313   12480.00   12520.00  1.345931999519328E-14  6.957967640899267E-15 2126
	 314   12520.00   12560.00  1.273814442526209E-15  2.378897827021338E-16 1841	 314   12520.00   12560.00  4.873744874869052E-15  9.195605941696194E-16 1839
	 315   12560.00   12600.00  7.023351172440855E-16  1.378516925793752E-16 1469	 315   12560.00   12600.00  2.715785879023147E-15  5.324878628716017E-16 1469
	 316   12600.00   12640.00  3.232870637280389E-16  5.888099685693859E-17 1072	 316   12600.00   12640.00  1.280329735860851E-15  2.275077550273219E-16 1072
	 317   12640.00   12680.00  2.149180864516747E-16  9.416045119902949E-17 806	 317   12640.00   12680.00  8.883832669333806E-16  3.921785112558529E-16 806
	 318   12680.00   12720.00  5.302148903289742E-17  1.343875271999629E-17 606	 318   12680.00   12720.00  2.251980878626063E-16  5.622024541788383E-17 606
	 319   12720.00   12760.00  2.471140836623569E-17  7.004777784238906E-18 378	 319   12720.00   12760.00  1.073674651821399E-16  3.121109864689161E-17 378
	 320   12760.00   12800.00  6.030977583869140E-18  1.565939028696466E-18 230	 320   12760.00   12800.00  2.673771335674799E-17  7.127206121494071E-18 229
	 321   12800.00   12840.00  1.954152620031623E-18  5.555293080714252E-19 134	 321   12800.00   12840.00  8.874169786725024E-18  2.529454029090064E-18 134
	 322   12840.00   12880.00  2.176750596691426E-19  8.874820230897811E-20 56	 322   12840.00   12880.00  9.741096854036072E-19  3.961904172909009E-19 56
	 323   12880.00   12920.00  1.531758777657034E-19  1.140543025889166E-19 15	 323   12880.00   12920.00  6.882908853273336E-19  5.173366172194361E-19 15
	 324   12920.00   12960.00  1.971765181644253E-21  1.885700751680335E-21 2	 324   12920.00   12960.00  8.430495468473207E-21  8.057127617028802E-21 2
	 325   12960.00   13000.00  0.000000000000000E+00  0.000000000000000E+00 0	 325   12960.00   13000.00  0.000000000000000E+00  0.000000000000000E+00 0
	# Underflow:                 0.0000000000000000E+00  0.0000000000000000E+00 0	# Underflow:                 0.0000000000000000E+00  0.0000000000000000E+00 0
	# Overflow:                  0.0000000000000000E+00  0.0000000000000000E+00 0	# Overflow:                  0.0000000000000000E+00  0.0000000000000000E+00 0
	#-------------------------------------------------------------------------------------	#-------------------------------------------------------------------------------------
	# Sum:                       2.3601487353232215E-02  3.9878933997433248E-05 9526000	# Sum:                       2.8618884573916818E-02  4.9223137014747034E-05 9526000
	#=====================================================================================	#=====================================================================================
	# Number of generated events: 341028053	# Number of generated events: 341028053
