# title = Missing Transverse Momentum
# xlabel = $p_{\text{T},\text{miss}}\,$[GeV]
# ylabel = $\frac{\text{d}\sigma}{\text{d}p_{\text{T},\text{miss}}}\,\left[\frac{\text{fb}}{\text{GeV}}\right]$
# xmin=  0.000E+00
# xmax=  8.000E+02
# ymin=  1.000E-06
# ymax=  1.000E-02
# kmin=  0.000E+00
# kmax=  1.000E+02
# logscale = true
# Renormalization and factorization scale scaled by: .5000000000
# Renormalization scaled by: .5000000000
# Number of generated events: 1240551489
#
#=====================================================================================
# No.       Left      Right                   Value                   Error Hits
#-------------------------------------------------------------------------------------
   1      10.00      30.00  1.331301517124864E-05  1.517031879517161E-08 13720260
   2      30.00      50.00  1.399053486851441E-05  1.655147720028998E-08 14327189
   3      50.00      70.00  9.977533926822567E-06  1.465795802765154E-08 9575654
   4      70.00      90.00  6.214522590732873E-06  1.146186886515088E-08 6364214
   5      90.00     110.00  3.846694600962895E-06  8.645380914319328E-09 4452740
   6     110.00     130.00  2.610609787617967E-06  6.962674249758601E-09 3348747
   7     130.00     150.00  1.813587495220443E-06  5.419626443503433E-09 2616623
   8     150.00     170.00  1.317150355077521E-06  4.524259056063853E-09 2094272
   9     170.00     190.00  9.615413708673448E-07  3.667405082125993E-09 1711081
  10     190.00     210.00  7.101044076059532E-07  2.989950583516539E-09 1419214
  11     210.00     230.00  5.370757413037707E-07  2.575993402047472E-09 1194922
  12     230.00     250.00  4.041411847499241E-07  2.086613922047865E-09 1016504
  13     250.00     270.00  3.091842121358831E-07  1.751643471448564E-09 875335
  14     270.00     290.00  2.412078323380915E-07  1.519496196292616E-09 758481
  15     290.00     310.00  1.840223095574893E-07  1.202362212151956E-09 663692
  16     310.00     330.00  1.448419210281412E-07  1.050953664280618E-09 585065
  17     330.00     350.00  1.134995488294183E-07  8.922391220458662E-10 516654
  18     350.00     370.00  8.914446542395281E-08  7.789389693096427E-10 459782
  19     370.00     390.00  7.137458199545082E-08  6.460085914120279E-10 410323
  20     390.00     410.00  5.594915830545671E-08  5.570694715298432E-10 369099
  21     410.00     430.00  4.544518096516837E-08  4.761705796383501E-10 334019
  22     430.00     450.00  3.670649830746902E-08  4.177872216819469E-10 301156
  23     450.00     470.00  3.016996383472793E-08  3.783010437844611E-10 273291
  24     470.00     490.00  2.431892951909276E-08  3.156865105612853E-10 248413
  25     490.00     510.00  1.959733786256211E-08  2.761929955456692E-10 226208
  26     510.00     530.00  1.659035146176049E-08  2.551472832824870E-10 207144
  27     530.00     550.00  1.341882874776096E-08  2.046502198368423E-10 190527
  28     550.00     570.00  1.096636030261264E-08  1.702814311325446E-10 174115
  29     570.00     590.00  9.097015970526697E-09  1.642188195727452E-10 160556
  30     590.00     610.00  7.420857215940617E-09  1.334324251081401E-10 147499
  31     610.00     630.00  6.328675469052606E-09  1.184903600483259E-10 136697
  32     630.00     650.00  5.107443407596365E-09  9.068683379101692E-11 126363
  33     650.00     670.00  4.241434296148486E-09  8.149109260466247E-11 116816
  34     670.00     690.00  3.691673111264324E-09  8.400850925775460E-11 108867
  35     690.00     710.00  3.122273869591256E-09  6.991555587070204E-11 102108
  36     710.00     730.00  2.554928585961043E-09  6.303949463397146E-11 93680
  37     730.00     750.00  2.281633950065625E-09  5.674621770633785E-11 88452
  38     750.00     770.00  1.916548993741011E-09  5.578376526355446E-11 82304
  39     770.00     790.00  1.624407540413226E-09  4.388553707978304E-11 76817
  40     790.00     810.00  1.397589265369671E-09  3.737278103476268E-11 72005
  41     810.00     830.00  1.167297265769070E-09  3.275238295442361E-11 67121
  42     830.00     850.00  1.009279493564954E-09  3.200781133942244E-11 62953
  43     850.00     870.00  8.328074121360904E-10  2.434163389482852E-11 58736
  44     870.00     890.00  7.298216058500406E-10  2.217554305771849E-11 55688
  45     890.00     910.00  6.292003424888972E-10  1.741449971448506E-11 51868
  46     910.00     930.00  5.694566088382643E-10  2.506065585780895E-11 49007
  47     930.00     950.00  4.722038333873842E-10  1.571790379459996E-11 45889
  48     950.00     970.00  3.983875605492016E-10  1.198495855355489E-11 43279
  49     970.00     990.00  3.687767956101779E-10  1.553985521218985E-11 40962
  50     990.00    1010.00  3.206746143192660E-10  1.110050044198034E-11 38582
  51    1010.00    1030.00  2.701871711720378E-10  1.004214727621186E-11 36600
  52    1030.00    1050.00  2.290441714955148E-10  1.016682718396650E-11 34558
  53    1050.00    1070.00  1.943077208704396E-10  7.665064862898948E-12 32649
  54    1070.00    1090.00  1.769242008089046E-10  7.043159883200543E-12 30904
  55    1090.00    1110.00  1.559152637697038E-10  7.282871075296210E-12 28964
  56    1110.00    1130.00  1.313569188126785E-10  5.486834765926916E-12 27439
  57    1130.00    1150.00  1.172415286178437E-10  5.153879282111881E-12 25827
  58    1150.00    1170.00  1.075734795132589E-10  5.311361133884409E-12 24741
  59    1170.00    1190.00  1.013894404737724E-10  5.094202373415654E-12 23628
  60    1190.00    1210.00  9.052755691356736E-11  4.883010673166492E-12 22022
  61    1210.00    1230.00  6.912572079390427E-11  2.915258896143516E-12 21007
  62    1230.00    1250.00  6.260419166839492E-11  2.643614829527542E-12 19929
  63    1250.00    1270.00  6.085609500379917E-11  2.898540547932049E-12 19054
  64    1270.00    1290.00  5.061628205404174E-11  3.305503275115850E-12 18019
  65    1290.00    1310.00  4.498079209796438E-11  2.607457157132014E-12 17318
  66    1310.00    1330.00  3.989953541170898E-11  2.747722381451208E-12 16237
  67    1330.00    1350.00  3.878028710459918E-11  1.911008983408029E-12 15562
  68    1350.00    1370.00  3.115045694155914E-11  1.641824642846167E-12 14618
  69    1370.00    1390.00  2.705433726369240E-11  1.787285911951155E-12 13949
  70    1390.00    1410.00  2.544146990632690E-11  1.766064678920618E-12 13586
  71    1410.00    1430.00  2.175798842067738E-11  1.149800376362553E-12 12808
  72    1430.00    1450.00  1.996028089878564E-11  1.174876056475330E-12 12110
  73    1450.00    1470.00  1.818865523106755E-11  1.186049977427381E-12 11517
  74    1470.00    1490.00  1.824745772893272E-11  1.459522458057748E-12 11136
  75    1490.00    1510.00  1.380034682497920E-11  9.064820641285408E-13 10548
  76    1510.00    1530.00  1.412398606198321E-11  8.515198931707786E-13 10094
  77    1530.00    1550.00  1.114702028112968E-11  7.211114652720197E-13 9503
  78    1550.00    1570.00  1.185240750223814E-11  8.267714127295666E-13 9322
  79    1570.00    1590.00  1.011500193932863E-11  6.533345665810108E-13 8837
  80    1590.00    1610.00  9.075093055446865E-12  6.236814520021555E-13 8530
  81    1610.00    1630.00  7.700785108420388E-12  6.209319533041519E-13 8078
  82    1630.00    1650.00  6.807723606831749E-12  5.368066578955568E-13 7726
  83    1650.00    1670.00  7.111149894105269E-12  6.659947349721269E-13 7226
  84    1670.00    1690.00  5.701063964339486E-12  4.703573900673037E-13 7004
  85    1690.00    1710.00  4.961729088990481E-12  3.633964728082333E-13 6641
  86    1710.00    1730.00  4.886358884501985E-12  5.563720768598064E-13 6413
  87    1730.00    1750.00  4.400931849478839E-12  3.605571557613514E-13 6201
  88    1750.00    1770.00  3.361375081918325E-12  2.560607229471124E-13 5794
  89    1770.00    1790.00  3.915817884897074E-12  4.163761622712034E-13 5541
  90    1790.00    1810.00  2.606426606075279E-12  2.003430525637872E-13 5352
  91    1810.00    1830.00  2.955152213230422E-12  3.172860593552641E-13 5070
  92    1830.00    1850.00  2.378402556923878E-12  2.146183296450205E-13 4998
  93    1850.00    1870.00  2.492680696213992E-12  2.264482747223967E-13 4709
  94    1870.00    1890.00  1.759323811520021E-12  1.590256898885532E-13 4403
  95    1890.00    1910.00  2.129877267565739E-12  2.724498925001593E-13 4258
  96    1910.00    1930.00  1.952833407035971E-12  2.748200054773118E-13 4098
  97    1930.00    1950.00  1.535941563660241E-12  1.360765225222078E-13 3932
  98    1950.00    1970.00  1.473583683742213E-12  1.556852072286945E-13 3819
  99    1970.00    1990.00  1.589757485840795E-12  2.712626312415835E-13 3608
 100    1990.00    2010.00  9.220941783652116E-13  9.757318565635426E-14 3479
 101    2010.00    2030.00  1.082803519218985E-12  1.132152533755184E-13 3274
 102    2030.00    2050.00  1.440044783724260E-12  3.317133436043685E-13 3181
 103    2050.00    2070.00  9.444662329656705E-13  1.437689617005786E-13 3068
 104    2070.00    2090.00  8.785967535593405E-13  1.008991612786622E-13 2846
 105    2090.00    2110.00  8.740412973487843E-13  1.730752250688919E-13 2887
 106    2110.00    2130.00  6.714531378377216E-13  8.274138159813383E-14 2657
 107    2130.00    2150.00  6.751890110354374E-13  1.204478281241261E-13 2553
 108    2150.00    2170.00  6.568603609886113E-13  1.003274917812508E-13 2499
 109    2170.00    2190.00  6.065442193257180E-13  8.360924992225992E-14 2530
 110    2190.00    2210.00  5.694945651186777E-13  6.908586483525166E-14 2341
 111    2210.00    2230.00  3.909001690961844E-13  5.695306077153078E-14 2284
 112    2230.00    2250.00  5.800571241645920E-13  1.089104186355121E-13 2114
 113    2250.00    2270.00  4.871275734751841E-13  7.826567680652798E-14 2060
 114    2270.00    2290.00  4.040803749775504E-13  9.713698348379165E-14 1954
 115    2290.00    2310.00  3.238023624810999E-13  4.787070483031326E-14 1873
 116    2310.00    2330.00  2.267431240462317E-13  2.571570871913907E-14 1758
 117    2330.00    2350.00  2.707957918610752E-13  3.463743764772189E-14 1720
 118    2350.00    2370.00  2.132090610946890E-13  2.965796086897911E-14 1714
 119    2370.00    2390.00  2.353662473297512E-13  4.179232430372014E-14 1575
 120    2390.00    2410.00  2.658911595018977E-13  7.298845359989766E-14 1508
 121    2410.00    2430.00  1.632845378248603E-13  2.482851724228795E-14 1427
 122    2430.00    2450.00  1.854331918202783E-13  3.577764669596013E-14 1345
 123    2450.00    2470.00  3.090739041884056E-13  1.176681024426306E-13 1332
 124    2470.00    2490.00  1.375708621965340E-13  1.818653376614306E-14 1298
 125    2490.00    2510.00  1.718493513826081E-13  3.597078148577372E-14 1278
 126    2510.00    2530.00  9.384422179029883E-14  1.476357558877415E-14 1160
 127    2530.00    2550.00  1.274447172224061E-13  3.201877256365302E-14 1177
 128    2550.00    2570.00  8.854175101136143E-14  1.954241884647620E-14 1122
 129    2570.00    2590.00  8.844314727497958E-14  2.294700293980528E-14 1030
 130    2590.00    2610.00  8.706748017869173E-14  2.026771817668340E-14 1065
 131    2610.00    2630.00  6.772457135772436E-14  1.349835258899274E-14 1006
 132    2630.00    2650.00  4.995320052276417E-14  8.883504710198936E-15 924
 133    2650.00    2670.00  7.716956181302192E-14  2.668841735064172E-14 865
 134    2670.00    2690.00  6.147449565814753E-14  1.987085115677516E-14 859
 135    2690.00    2710.00  4.644417236047903E-14  7.230114999488499E-15 822
 136    2710.00    2730.00  4.020560973740795E-14  6.765900417644903E-15 836
 137    2730.00    2750.00  6.447565534181358E-14  1.724825547026055E-14 754
 138    2750.00    2770.00  5.270086836090794E-14  1.342174289007519E-14 764
 139    2770.00    2790.00  2.573965735364174E-14  5.233679997391216E-15 735
 140    2790.00    2810.00  2.636891244053231E-14  4.453630625594230E-15 678
 141    2810.00    2830.00  3.303846397867774E-14  8.409153086400343E-15 657
 142    2830.00    2850.00  4.010549070795365E-14  1.596497921710519E-14 590
 143    2850.00    2870.00  2.820959599591791E-14  6.302927156108779E-15 656
 144    2870.00    2890.00  4.759056632450496E-14  1.729708419771974E-14 610
 145    2890.00    2910.00  1.790843506631696E-14  3.679308686799215E-15 547
 146    2910.00    2930.00  2.838235628992882E-14  8.933687711585692E-15 527
 147    2930.00    2950.00  2.113817558735428E-14  5.277443938746383E-15 524
 148    2950.00    2970.00  1.747165465132010E-14  4.662621931051553E-15 491
 149    2970.00    2990.00  1.663406225679838E-14  3.233309176853645E-15 434
 150    2990.00    3010.00  2.095934298284990E-14  4.799061358018834E-15 463
 151    3010.00    3030.00  1.038501511189622E-14  2.530469697843517E-15 445
 152    3030.00    3050.00  1.973324077520047E-14  7.126815531945616E-15 434
 153    3050.00    3070.00  2.406097479439711E-14  1.195834040018715E-14 415
 154    3070.00    3090.00  6.926531451740826E-15  1.292921967781877E-15 401
 155    3090.00    3110.00  8.738557490656964E-15  2.408431439636528E-15 375
 156    3110.00    3130.00  9.825213751606474E-15  3.084612520070747E-15 343
 157    3130.00    3150.00  6.549369161105925E-15  2.165919310458297E-15 323
 158    3150.00    3170.00  9.988014635452879E-15  4.105154247323898E-15 306
 159    3170.00    3190.00  9.505389373265011E-15  3.900794073336324E-15 331
 160    3190.00    3210.00  9.719023946761686E-15  4.090401532797803E-15 289
 161    3210.00    3230.00  6.846771392426206E-15  2.954718744633813E-15 269
 162    3230.00    3250.00  2.821545732875038E-15  8.125249198582044E-16 267
 163    3250.00    3270.00  4.696748415570996E-15  1.594562341556460E-15 256
 164    3270.00    3290.00  6.816015669430737E-15  3.155015060446717E-15 255
 165    3290.00    3310.00  2.365670353803184E-15  6.763389090916427E-16 210
 166    3310.00    3330.00  1.404051136219045E-15  3.993753682730723E-16 235
 167    3330.00    3350.00  2.406698506609635E-15  6.809994934612220E-16 211
 168    3350.00    3370.00  1.413207125222475E-15  3.374822271637512E-16 203
 169    3370.00    3390.00  3.227100082623849E-15  9.558962754301762E-16 206
 170    3390.00    3410.00  2.706770176443341E-15  7.814102834687613E-16 176
 171    3410.00    3430.00  2.447774431285806E-15  8.233412937597082E-16 201
 172    3430.00    3450.00  2.325216454157140E-15  7.970768103525371E-16 182
 173    3450.00    3470.00  1.450621958624999E-15  4.365923720817329E-16 171
 174    3470.00    3490.00  1.843733592621294E-15  5.913081312185451E-16 159
 175    3490.00    3510.00  5.547126330661863E-16  1.312504651227489E-16 142
 176    3510.00    3530.00  2.226348305179285E-15  9.483601959210346E-16 144
 177    3530.00    3550.00  8.490058686553126E-16  2.597902862152773E-16 166
 178    3550.00    3570.00  1.846515187573304E-15  8.446750021626385E-16 146
 179    3570.00    3590.00  1.221543764709737E-15  3.367198379625032E-16 128
 180    3590.00    3610.00  9.392249654585240E-16  2.899293129557948E-16 139
 181    3610.00    3630.00  1.157977296298934E-15  3.387409343926765E-16 135
 182    3630.00    3650.00  6.066892350135291E-16  1.437572025414800E-16 122
 183    3650.00    3670.00  2.142289684344457E-15  1.396779382669552E-15 107
 184    3670.00    3690.00  7.164946182066440E-16  4.361262673014910E-16 113
 185    3690.00    3710.00  6.673461622556279E-16  2.683278740455071E-16 99
 186    3710.00    3730.00  4.676629033901446E-16  1.780770473587466E-16 115
 187    3730.00    3750.00  1.650048347358606E-16  7.465489345541657E-17 90
 188    3750.00    3770.00  1.432324973784862E-16  4.589387715468065E-17 88
 189    3770.00    3790.00  6.630451332229244E-16  3.828308547979138E-16 106
 190    3790.00    3810.00  1.327007441668475E-16  4.373365309385357E-17 73
 191    3810.00    3830.00  2.684356883552266E-16  1.458521123112133E-16 72
 192    3830.00    3850.00  2.400913156804606E-16  7.283505860119155E-17 68
 193    3850.00    3870.00  3.066505026864131E-16  2.628175317776967E-16 63
 194    3870.00    3890.00  1.612136541088552E-16  6.591064483185873E-17 55
 195    3890.00    3910.00  3.334204156316162E-16  2.031219171534680E-16 60
 196    3910.00    3930.00  3.927487423148473E-16  1.683241396006552E-16 74
 197    3930.00    3950.00  7.299146908324800E-17  3.665489798169210E-17 52
 198    3950.00    3970.00  8.774072219297982E-17  3.683354798810854E-17 44
 199    3970.00    3990.00  9.618947128789164E-17  6.376306823503419E-17 51
 200    3990.00    4010.00  1.002789375727432E-16  6.098761599785008E-17 48
 201    4010.00    4030.00  1.243404871977746E-16  4.299037717969315E-17 43
 202    4030.00    4050.00  9.138958393413905E-17  6.585426292546718E-17 43
 203    4050.00    4070.00  7.223341847512114E-17  3.457027716025242E-17 45
 204    4070.00    4090.00  4.049965009690595E-17  1.661986646571655E-17 32
 205    4090.00    4110.00  7.304641802094013E-17  3.762114582791842E-17 40
 206    4110.00    4130.00  4.738176505955923E-17  2.563780848284836E-17 42
 207    4130.00    4150.00  5.210585098810003E-16  2.894165217324225E-16 44
 208    4150.00    4170.00  1.264570868176588E-17  4.502381202907395E-18 32
 209    4170.00    4190.00  8.305190095509423E-18  4.592635953291324E-18 26
 210    4190.00    4210.00  1.820122696946586E-17  8.801724933372504E-18 33
 211    4210.00    4230.00  1.708695052684496E-17  7.332324112176569E-18 35
 212    4230.00    4250.00  1.186000461008213E-17  8.091656979753853E-18 24
 213    4250.00    4270.00  4.268859047904877E-17  2.034568408994976E-17 25
 214    4270.00    4290.00  9.405761514588504E-18  7.074779226221429E-18 18
 215    4290.00    4310.00  1.515611342826974E-16  1.419800405903944E-16 29
 216    4310.00    4330.00  4.972394962851476E-18  2.537136896252012E-18 16
 217    4330.00    4350.00  7.385530412456112E-17  4.692458247414609E-17 25
 218    4350.00    4370.00  6.667743171295317E-17  5.492956560873388E-17 19
 219    4370.00    4390.00  2.637478738874184E-18  1.268048568139633E-18 15
 220    4390.00    4410.00  2.521031496854713E-17  1.995457935054409E-17 18
 221    4410.00    4430.00  6.680571661385991E-16  6.669454361873199E-16 21
 222    4430.00    4450.00  1.951155767777582E-18  1.581157905902600E-18 16
 223    4450.00    4470.00  2.567337489949667E-18  1.359046222316079E-18 18
 224    4470.00    4490.00  1.068095438033110E-17  7.201824576908043E-18 12
 225    4490.00    4510.00  1.954651472117566E-17  1.397810138804864E-17 11
 226    4510.00    4530.00  1.863726120562921E-17  9.722176582422109E-18 14
 227    4530.00    4550.00  1.080370813772526E-18  7.143469805914119E-19 10
 228    4550.00    4570.00  5.503116140334278E-16  5.402193034164002E-16 16
 229    4570.00    4590.00  4.079874939421372E-18  4.001296620390113E-18 8
 230    4590.00    4610.00  8.190027429668465E-18  6.149464042790540E-18 14
 231    4610.00    4630.00  3.658438233986172E-18  2.187325195218583E-18 10
 232    4630.00    4650.00  8.936360302566595E-18  6.194639357740691E-18 17
 233    4650.00    4670.00  6.463263391330616E-17  6.283392262309858E-17 8
 234    4670.00    4690.00  6.231242693758453E-18  4.238314582947170E-18 7
 235    4690.00    4710.00  3.363602677408723E-18  2.567298734963973E-18 11
 236    4710.00    4730.00  2.892707503698780E-17  2.868470114973826E-17 9
 237    4730.00    4750.00  2.023320596789220E-19  1.400470503861526E-19 6
 238    4750.00    4770.00  2.297542854897671E-19  1.612416177631850E-19 6
 239    4770.00    4790.00  3.022748676826758E-19  2.906639485693745E-19 4
 240    4790.00    4810.00  1.237732981530784E-19  7.357670204010498E-20 8
 241    4810.00    4830.00  1.176693488433379E-17  8.617018605767995E-18 7
 242    4830.00    4850.00  9.967931879412054E-19  7.202549116079072E-19 7
 243    4850.00    4870.00  1.642727749530684E-19  1.154977966203665E-19 6
 244    4870.00    4890.00  2.245768484215636E-18  2.023635466952986E-18 6
 245    4890.00    4910.00  5.043942190764345E-19  5.043942188731402E-19 1
 246    4910.00    4930.00  2.701609333039262E-18  2.455931487558699E-18 7
 247    4930.00    4950.00  3.861663432708687E-19  3.534150716809854E-19 4
 248    4950.00    4970.00  2.510185558798797E-19  2.316392055907582E-19 3
 249    4970.00    4990.00  0.000000000000000E+00  0.000000000000000E+00 0
 250    4990.00    5010.00  5.114529437065454E-23  5.114529435004060E-23 1
 251    5010.00    5030.00  2.294065122719653E-20  2.294065121795038E-20 1
 252    5030.00    5050.00  4.000995490065396E-19  3.300309240168390E-19 5
 253    5050.00    5070.00  0.000000000000000E+00  0.000000000000000E+00 0
 254    5070.00    5090.00  3.077065218543109E-21  2.960879320588151E-21 2
 255    5090.00    5110.00  1.049584327421682E-20  1.049584326998651E-20 1
 256    5110.00    5130.00  1.139768764170145E-19  1.139768763710765E-19 1
 257    5130.00    5150.00  4.869244467386178E-22  3.443855575600107E-22 2
 258    5150.00    5170.00  2.225351561043485E-21  2.225351560146564E-21 1
 259    5170.00    5190.00  1.103666995959270E-20  1.022924097571222E-20 3
 260    5190.00    5210.00  2.761919568768456E-20  2.105100781118159E-20 3
 261    5210.00    5230.00  3.696476752963851E-21  3.696476751473998E-21 1
 262    5230.00    5250.00  2.525110632707006E-19  1.728552898744884E-19 3
 263    5250.00    5270.00  1.302367753281211E-20  1.302367752756297E-20 1
 264    5270.00    5290.00  0.000000000000000E+00  0.000000000000000E+00 0
 265    5290.00    5310.00  0.000000000000000E+00  0.000000000000000E+00 0
 266    5310.00    5330.00  0.000000000000000E+00  0.000000000000000E+00 0
 267    5330.00    5350.00  4.891871199068397E-24  4.891871197096745E-24 1
 268    5350.00    5370.00  1.656095856440926E-22  1.656095855773442E-22 1
 269    5370.00    5390.00  0.000000000000000E+00  0.000000000000000E+00 0
 270    5390.00    5410.00  0.000000000000000E+00  0.000000000000000E+00 0
 271    5410.00    5430.00  8.562030557619546E-22  8.562030554168650E-22 1
 272    5430.00    5450.00  0.000000000000000E+00  0.000000000000000E+00 0
 273    5450.00    5470.00  0.000000000000000E+00  0.000000000000000E+00 0
 274    5470.00    5490.00  0.000000000000000E+00  0.000000000000000E+00 0
 275    5490.00    5510.00  0.000000000000000E+00  0.000000000000000E+00 0
 276    5510.00    5530.00  0.000000000000000E+00  0.000000000000000E+00 0
 277    5530.00    5550.00  1.859536386137574E-22  1.859536385388094E-22 1
 278    5550.00    5570.00  0.000000000000000E+00  0.000000000000000E+00 0
 279    5570.00    5590.00  1.666491900855458E-22  1.666491900183784E-22 1
 280    5590.00    5610.00  0.000000000000000E+00  0.000000000000000E+00 0
 281    5610.00    5630.00  0.000000000000000E+00  0.000000000000000E+00 0
 282    5630.00    5650.00  0.000000000000000E+00  0.000000000000000E+00 0
 283    5650.00    5670.00  0.000000000000000E+00  0.000000000000000E+00 0
 284    5670.00    5690.00  0.000000000000000E+00  0.000000000000000E+00 0
 285    5690.00    5710.00  0.000000000000000E+00  0.000000000000000E+00 0
 286    5710.00    5730.00  0.000000000000000E+00  0.000000000000000E+00 0
 287    5730.00    5750.00  0.000000000000000E+00  0.000000000000000E+00 0
 288    5750.00    5770.00  0.000000000000000E+00  0.000000000000000E+00 0
 289    5770.00    5790.00  0.000000000000000E+00  0.000000000000000E+00 0
 290    5790.00    5810.00  0.000000000000000E+00  0.000000000000000E+00 0
 291    5810.00    5830.00  0.000000000000000E+00  0.000000000000000E+00 0
 292    5830.00    5850.00  1.321422215728122E-24  1.321422215195527E-24 1
 293    5850.00    5870.00  0.000000000000000E+00  0.000000000000000E+00 0
 294    5870.00    5890.00  0.000000000000000E+00  0.000000000000000E+00 0
 295    5890.00    5910.00  0.000000000000000E+00  0.000000000000000E+00 0
 296    5910.00    5930.00  0.000000000000000E+00  0.000000000000000E+00 0
 297    5930.00    5950.00  0.000000000000000E+00  0.000000000000000E+00 0
 298    5950.00    5970.00  0.000000000000000E+00  0.000000000000000E+00 0
 299    5970.00    5990.00  0.000000000000000E+00  0.000000000000000E+00 0
 300    5990.00    6010.00  0.000000000000000E+00  0.000000000000000E+00 0
 301    6010.00    6030.00  0.000000000000000E+00  0.000000000000000E+00 0
 302    6030.00    6050.00  0.000000000000000E+00  0.000000000000000E+00 0
 303    6050.00    6070.00  0.000000000000000E+00  0.000000000000000E+00 0
 304    6070.00    6090.00  0.000000000000000E+00  0.000000000000000E+00 0
 305    6090.00    6110.00  0.000000000000000E+00  0.000000000000000E+00 0
 306    6110.00    6130.00  0.000000000000000E+00  0.000000000000000E+00 0
 307    6130.00    6150.00  0.000000000000000E+00  0.000000000000000E+00 0
 308    6150.00    6170.00  0.000000000000000E+00  0.000000000000000E+00 0
 309    6170.00    6190.00  0.000000000000000E+00  0.000000000000000E+00 0
 310    6190.00    6210.00  0.000000000000000E+00  0.000000000000000E+00 0
 311    6210.00    6230.00  0.000000000000000E+00  0.000000000000000E+00 0
 312    6230.00    6250.00  0.000000000000000E+00  0.000000000000000E+00 0
 313    6250.00    6270.00  0.000000000000000E+00  0.000000000000000E+00 0
 314    6270.00    6290.00  0.000000000000000E+00  0.000000000000000E+00 0
 315    6290.00    6310.00  0.000000000000000E+00  0.000000000000000E+00 0
 316    6310.00    6330.00  0.000000000000000E+00  0.000000000000000E+00 0
 317    6330.00    6350.00  0.000000000000000E+00  0.000000000000000E+00 0
 318    6350.00    6370.00  0.000000000000000E+00  0.000000000000000E+00 0
 319    6370.00    6390.00  0.000000000000000E+00  0.000000000000000E+00 0
 320    6390.00    6410.00  0.000000000000000E+00  0.000000000000000E+00 0
 321    6410.00    6430.00  0.000000000000000E+00  0.000000000000000E+00 0
 322    6430.00    6450.00  0.000000000000000E+00  0.000000000000000E+00 0
 323    6450.00    6470.00  0.000000000000000E+00  0.000000000000000E+00 0
 324    6470.00    6490.00  0.000000000000000E+00  0.000000000000000E+00 0
 325    6490.00    6510.00  0.000000000000000E+00  0.000000000000000E+00 0
 326    6510.00    6530.00  0.000000000000000E+00  0.000000000000000E+00 0
 327    6530.00    6550.00  0.000000000000000E+00  0.000000000000000E+00 0
 328    6550.00    6570.00  0.000000000000000E+00  0.000000000000000E+00 0
 329    6570.00    6590.00  0.000000000000000E+00  0.000000000000000E+00 0
 330    6590.00    6610.00  0.000000000000000E+00  0.000000000000000E+00 0
 331    6610.00    6630.00  0.000000000000000E+00  0.000000000000000E+00 0
 332    6630.00    6650.00  0.000000000000000E+00  0.000000000000000E+00 0
 333    6650.00    6670.00  0.000000000000000E+00  0.000000000000000E+00 0
 334    6670.00    6690.00  0.000000000000000E+00  0.000000000000000E+00 0
 335    6690.00    6710.00  0.000000000000000E+00  0.000000000000000E+00 0
 336    6710.00    6730.00  0.000000000000000E+00  0.000000000000000E+00 0
 337    6730.00    6750.00  0.000000000000000E+00  0.000000000000000E+00 0
 338    6750.00    6770.00  0.000000000000000E+00  0.000000000000000E+00 0
 339    6770.00    6790.00  0.000000000000000E+00  0.000000000000000E+00 0
 340    6790.00    6810.00  0.000000000000000E+00  0.000000000000000E+00 0
 341    6810.00    6830.00  0.000000000000000E+00  0.000000000000000E+00 0
 342    6830.00    6850.00  0.000000000000000E+00  0.000000000000000E+00 0
 343    6850.00    6870.00  0.000000000000000E+00  0.000000000000000E+00 0
 344    6870.00    6890.00  0.000000000000000E+00  0.000000000000000E+00 0
 345    6890.00    6910.00  0.000000000000000E+00  0.000000000000000E+00 0
 346    6910.00    6930.00  0.000000000000000E+00  0.000000000000000E+00 0
 347    6930.00    6950.00  0.000000000000000E+00  0.000000000000000E+00 0
 348    6950.00    6970.00  0.000000000000000E+00  0.000000000000000E+00 0
 349    6970.00    6990.00  0.000000000000000E+00  0.000000000000000E+00 0
 350    6990.00    7010.00  0.000000000000000E+00  0.000000000000000E+00 0
 351    7010.00    7030.00  0.000000000000000E+00  0.000000000000000E+00 0
 352    7030.00    7050.00  0.000000000000000E+00  0.000000000000000E+00 0
 353    7050.00    7070.00  0.000000000000000E+00  0.000000000000000E+00 0
 354    7070.00    7090.00  0.000000000000000E+00  0.000000000000000E+00 0
 355    7090.00    7110.00  0.000000000000000E+00  0.000000000000000E+00 0
 356    7110.00    7130.00  0.000000000000000E+00  0.000000000000000E+00 0
 357    7130.00    7150.00  0.000000000000000E+00  0.000000000000000E+00 0
 358    7150.00    7170.00  0.000000000000000E+00  0.000000000000000E+00 0
 359    7170.00    7190.00  0.000000000000000E+00  0.000000000000000E+00 0
 360    7190.00    7210.00  0.000000000000000E+00  0.000000000000000E+00 0
 361    7210.00    7230.00  0.000000000000000E+00  0.000000000000000E+00 0
 362    7230.00    7250.00  0.000000000000000E+00  0.000000000000000E+00 0
 363    7250.00    7270.00  0.000000000000000E+00  0.000000000000000E+00 0
 364    7270.00    7290.00  0.000000000000000E+00  0.000000000000000E+00 0
 365    7290.00    7310.00  0.000000000000000E+00  0.000000000000000E+00 0
 366    7310.00    7330.00  0.000000000000000E+00  0.000000000000000E+00 0
 367    7330.00    7350.00  0.000000000000000E+00  0.000000000000000E+00 0
 368    7350.00    7370.00  0.000000000000000E+00  0.000000000000000E+00 0
 369    7370.00    7390.00  0.000000000000000E+00  0.000000000000000E+00 0
 370    7390.00    7410.00  0.000000000000000E+00  0.000000000000000E+00 0
 371    7410.00    7430.00  0.000000000000000E+00  0.000000000000000E+00 0
 372    7430.00    7450.00  0.000000000000000E+00  0.000000000000000E+00 0
 373    7450.00    7470.00  0.000000000000000E+00  0.000000000000000E+00 0
 374    7470.00    7490.00  0.000000000000000E+00  0.000000000000000E+00 0
 375    7490.00    7510.00  0.000000000000000E+00  0.000000000000000E+00 0
 376    7510.00    7530.00  0.000000000000000E+00  0.000000000000000E+00 0
 377    7530.00    7550.00  0.000000000000000E+00  0.000000000000000E+00 0
 378    7550.00    7570.00  0.000000000000000E+00  0.000000000000000E+00 0
 379    7570.00    7590.00  0.000000000000000E+00  0.000000000000000E+00 0
 380    7590.00    7610.00  0.000000000000000E+00  0.000000000000000E+00 0
 381    7610.00    7630.00  0.000000000000000E+00  0.000000000000000E+00 0
 382    7630.00    7650.00  0.000000000000000E+00  0.000000000000000E+00 0
 383    7650.00    7670.00  0.000000000000000E+00  0.000000000000000E+00 0
 384    7670.00    7690.00  0.000000000000000E+00  0.000000000000000E+00 0
 385    7690.00    7710.00  0.000000000000000E+00  0.000000000000000E+00 0
 386    7710.00    7730.00  0.000000000000000E+00  0.000000000000000E+00 0
 387    7730.00    7750.00  0.000000000000000E+00  0.000000000000000E+00 0
 388    7750.00    7770.00  0.000000000000000E+00  0.000000000000000E+00 0
 389    7770.00    7790.00  0.000000000000000E+00  0.000000000000000E+00 0
 390    7790.00    7810.00  0.000000000000000E+00  0.000000000000000E+00 0
 391    7810.00    7830.00  0.000000000000000E+00  0.000000000000000E+00 0
 392    7830.00    7850.00  0.000000000000000E+00  0.000000000000000E+00 0
 393    7850.00    7870.00  0.000000000000000E+00  0.000000000000000E+00 0
 394    7870.00    7890.00  0.000000000000000E+00  0.000000000000000E+00 0
 395    7890.00    7910.00  0.000000000000000E+00  0.000000000000000E+00 0
 396    7910.00    7930.00  0.000000000000000E+00  0.000000000000000E+00 0
 397    7930.00    7950.00  0.000000000000000E+00  0.000000000000000E+00 0
 398    7950.00    7970.00  0.000000000000000E+00  0.000000000000000E+00 0
 399    7970.00    7990.00  0.000000000000000E+00  0.000000000000000E+00 0
 400    7990.00    8010.00  0.000000000000000E+00  0.000000000000000E+00 0
 401    8010.00    8030.00  0.000000000000000E+00  0.000000000000000E+00 0
 402    8030.00    8050.00  0.000000000000000E+00  0.000000000000000E+00 0
 403    8050.00    8070.00  0.000000000000000E+00  0.000000000000000E+00 0
 404    8070.00    8090.00  0.000000000000000E+00  0.000000000000000E+00 0
 405    8090.00    8110.00  0.000000000000000E+00  0.000000000000000E+00 0
 406    8110.00    8130.00  0.000000000000000E+00  0.000000000000000E+00 0
 407    8130.00    8150.00  0.000000000000000E+00  0.000000000000000E+00 0
 408    8150.00    8170.00  0.000000000000000E+00  0.000000000000000E+00 0
 409    8170.00    8190.00  0.000000000000000E+00  0.000000000000000E+00 0
 410    8190.00    8210.00  0.000000000000000E+00  0.000000000000000E+00 0
 411    8210.00    8230.00  0.000000000000000E+00  0.000000000000000E+00 0
 412    8230.00    8250.00  0.000000000000000E+00  0.000000000000000E+00 0
 413    8250.00    8270.00  0.000000000000000E+00  0.000000000000000E+00 0
 414    8270.00    8290.00  0.000000000000000E+00  0.000000000000000E+00 0
 415    8290.00    8310.00  0.000000000000000E+00  0.000000000000000E+00 0
 416    8310.00    8330.00  0.000000000000000E+00  0.000000000000000E+00 0
 417    8330.00    8350.00  0.000000000000000E+00  0.000000000000000E+00 0
 418    8350.00    8370.00  0.000000000000000E+00  0.000000000000000E+00 0
 419    8370.00    8390.00  0.000000000000000E+00  0.000000000000000E+00 0
 420    8390.00    8410.00  0.000000000000000E+00  0.000000000000000E+00 0
 421    8410.00    8430.00  0.000000000000000E+00  0.000000000000000E+00 0
 422    8430.00    8450.00  0.000000000000000E+00  0.000000000000000E+00 0
 423    8450.00    8470.00  0.000000000000000E+00  0.000000000000000E+00 0
 424    8470.00    8490.00  0.000000000000000E+00  0.000000000000000E+00 0
 425    8490.00    8510.00  0.000000000000000E+00  0.000000000000000E+00 0
 426    8510.00    8530.00  0.000000000000000E+00  0.000000000000000E+00 0
 427    8530.00    8550.00  0.000000000000000E+00  0.000000000000000E+00 0
 428    8550.00    8570.00  0.000000000000000E+00  0.000000000000000E+00 0
 429    8570.00    8590.00  0.000000000000000E+00  0.000000000000000E+00 0
 430    8590.00    8610.00  0.000000000000000E+00  0.000000000000000E+00 0
 431    8610.00    8630.00  0.000000000000000E+00  0.000000000000000E+00 0
 432    8630.00    8650.00  0.000000000000000E+00  0.000000000000000E+00 0
 433    8650.00    8670.00  0.000000000000000E+00  0.000000000000000E+00 0
 434    8670.00    8690.00  0.000000000000000E+00  0.000000000000000E+00 0
 435    8690.00    8710.00  0.000000000000000E+00  0.000000000000000E+00 0
 436    8710.00    8730.00  0.000000000000000E+00  0.000000000000000E+00 0
 437    8730.00    8750.00  0.000000000000000E+00  0.000000000000000E+00 0
 438    8750.00    8770.00  0.000000000000000E+00  0.000000000000000E+00 0
 439    8770.00    8790.00  0.000000000000000E+00  0.000000000000000E+00 0
 440    8790.00    8810.00  0.000000000000000E+00  0.000000000000000E+00 0
 441    8810.00    8830.00  0.000000000000000E+00  0.000000000000000E+00 0
 442    8830.00    8850.00  0.000000000000000E+00  0.000000000000000E+00 0
 443    8850.00    8870.00  0.000000000000000E+00  0.000000000000000E+00 0
 444    8870.00    8890.00  0.000000000000000E+00  0.000000000000000E+00 0
 445    8890.00    8910.00  0.000000000000000E+00  0.000000000000000E+00 0
 446    8910.00    8930.00  0.000000000000000E+00  0.000000000000000E+00 0
 447    8930.00    8950.00  0.000000000000000E+00  0.000000000000000E+00 0
 448    8950.00    8970.00  0.000000000000000E+00  0.000000000000000E+00 0
 449    8970.00    8990.00  0.000000000000000E+00  0.000000000000000E+00 0
 450    8990.00    9010.00  0.000000000000000E+00  0.000000000000000E+00 0
 451    9010.00    9030.00  0.000000000000000E+00  0.000000000000000E+00 0
 452    9030.00    9050.00  0.000000000000000E+00  0.000000000000000E+00 0
 453    9050.00    9070.00  0.000000000000000E+00  0.000000000000000E+00 0
 454    9070.00    9090.00  0.000000000000000E+00  0.000000000000000E+00 0
 455    9090.00    9110.00  0.000000000000000E+00  0.000000000000000E+00 0
 456    9110.00    9130.00  0.000000000000000E+00  0.000000000000000E+00 0
 457    9130.00    9150.00  0.000000000000000E+00  0.000000000000000E+00 0
 458    9150.00    9170.00  0.000000000000000E+00  0.000000000000000E+00 0
 459    9170.00    9190.00  0.000000000000000E+00  0.000000000000000E+00 0
 460    9190.00    9210.00  0.000000000000000E+00  0.000000000000000E+00 0
 461    9210.00    9230.00  0.000000000000000E+00  0.000000000000000E+00 0
 462    9230.00    9250.00  0.000000000000000E+00  0.000000000000000E+00 0
 463    9250.00    9270.00  0.000000000000000E+00  0.000000000000000E+00 0
 464    9270.00    9290.00  0.000000000000000E+00  0.000000000000000E+00 0
 465    9290.00    9310.00  0.000000000000000E+00  0.000000000000000E+00 0
 466    9310.00    9330.00  0.000000000000000E+00  0.000000000000000E+00 0
 467    9330.00    9350.00  0.000000000000000E+00  0.000000000000000E+00 0
 468    9350.00    9370.00  0.000000000000000E+00  0.000000000000000E+00 0
 469    9370.00    9390.00  0.000000000000000E+00  0.000000000000000E+00 0
 470    9390.00    9410.00  0.000000000000000E+00  0.000000000000000E+00 0
 471    9410.00    9430.00  0.000000000000000E+00  0.000000000000000E+00 0
 472    9430.00    9450.00  0.000000000000000E+00  0.000000000000000E+00 0
 473    9450.00    9470.00  0.000000000000000E+00  0.000000000000000E+00 0
 474    9470.00    9490.00  0.000000000000000E+00  0.000000000000000E+00 0
 475    9490.00    9510.00  0.000000000000000E+00  0.000000000000000E+00 0
 476    9510.00    9530.00  0.000000000000000E+00  0.000000000000000E+00 0
 477    9530.00    9550.00  0.000000000000000E+00  0.000000000000000E+00 0
 478    9550.00    9570.00  0.000000000000000E+00  0.000000000000000E+00 0
 479    9570.00    9590.00  0.000000000000000E+00  0.000000000000000E+00 0
 480    9590.00    9610.00  0.000000000000000E+00  0.000000000000000E+00 0
 481    9610.00    9630.00  0.000000000000000E+00  0.000000000000000E+00 0
 482    9630.00    9650.00  0.000000000000000E+00  0.000000000000000E+00 0
 483    9650.00    9670.00  0.000000000000000E+00  0.000000000000000E+00 0
 484    9670.00    9690.00  0.000000000000000E+00  0.000000000000000E+00 0
 485    9690.00    9710.00  0.000000000000000E+00  0.000000000000000E+00 0
 486    9710.00    9730.00  0.000000000000000E+00  0.000000000000000E+00 0
 487    9730.00    9750.00  0.000000000000000E+00  0.000000000000000E+00 0
 488    9750.00    9770.00  0.000000000000000E+00  0.000000000000000E+00 0
 489    9770.00    9790.00  0.000000000000000E+00  0.000000000000000E+00 0
 490    9790.00    9810.00  0.000000000000000E+00  0.000000000000000E+00 0
 491    9810.00    9830.00  0.000000000000000E+00  0.000000000000000E+00 0
 492    9830.00    9850.00  0.000000000000000E+00  0.000000000000000E+00 0
 493    9850.00    9870.00  0.000000000000000E+00  0.000000000000000E+00 0
 494    9870.00    9890.00  0.000000000000000E+00  0.000000000000000E+00 0
 495    9890.00    9910.00  0.000000000000000E+00  0.000000000000000E+00 0
 496    9910.00    9930.00  0.000000000000000E+00  0.000000000000000E+00 0
 497    9930.00    9950.00  0.000000000000000E+00  0.000000000000000E+00 0
 498    9950.00    9970.00  0.000000000000000E+00  0.000000000000000E+00 0
 499    9970.00    9990.00  0.000000000000000E+00  0.000000000000000E+00 0
 500    9990.00   10010.00  0.000000000000000E+00  0.000000000000000E+00 0
 501   10010.00   10030.00  0.000000000000000E+00  0.000000000000000E+00 0
 502   10030.00   10050.00  0.000000000000000E+00  0.000000000000000E+00 0
 503   10050.00   10070.00  0.000000000000000E+00  0.000000000000000E+00 0
 504   10070.00   10090.00  0.000000000000000E+00  0.000000000000000E+00 0
 505   10090.00   10110.00  0.000000000000000E+00  0.000000000000000E+00 0
 506   10110.00   10130.00  0.000000000000000E+00  0.000000000000000E+00 0
 507   10130.00   10150.00  0.000000000000000E+00  0.000000000000000E+00 0
 508   10150.00   10170.00  0.000000000000000E+00  0.000000000000000E+00 0
 509   10170.00   10190.00  0.000000000000000E+00  0.000000000000000E+00 0
 510   10190.00   10210.00  0.000000000000000E+00  0.000000000000000E+00 0
 511   10210.00   10230.00  0.000000000000000E+00  0.000000000000000E+00 0
 512   10230.00   10250.00  0.000000000000000E+00  0.000000000000000E+00 0
 513   10250.00   10270.00  0.000000000000000E+00  0.000000000000000E+00 0
 514   10270.00   10290.00  0.000000000000000E+00  0.000000000000000E+00 0
 515   10290.00   10310.00  0.000000000000000E+00  0.000000000000000E+00 0
 516   10310.00   10330.00  0.000000000000000E+00  0.000000000000000E+00 0
 517   10330.00   10350.00  0.000000000000000E+00  0.000000000000000E+00 0
 518   10350.00   10370.00  0.000000000000000E+00  0.000000000000000E+00 0
 519   10370.00   10390.00  0.000000000000000E+00  0.000000000000000E+00 0
 520   10390.00   10410.00  0.000000000000000E+00  0.000000000000000E+00 0
 521   10410.00   10430.00  0.000000000000000E+00  0.000000000000000E+00 0
 522   10430.00   10450.00  0.000000000000000E+00  0.000000000000000E+00 0
 523   10450.00   10470.00  0.000000000000000E+00  0.000000000000000E+00 0
 524   10470.00   10490.00  0.000000000000000E+00  0.000000000000000E+00 0
 525   10490.00   10510.00  0.000000000000000E+00  0.000000000000000E+00 0
 526   10510.00   10530.00  0.000000000000000E+00  0.000000000000000E+00 0
 527   10530.00   10550.00  0.000000000000000E+00  0.000000000000000E+00 0
 528   10550.00   10570.00  0.000000000000000E+00  0.000000000000000E+00 0
 529   10570.00   10590.00  0.000000000000000E+00  0.000000000000000E+00 0
 530   10590.00   10610.00  0.000000000000000E+00  0.000000000000000E+00 0
 531   10610.00   10630.00  0.000000000000000E+00  0.000000000000000E+00 0
 532   10630.00   10650.00  0.000000000000000E+00  0.000000000000000E+00 0
 533   10650.00   10670.00  0.000000000000000E+00  0.000000000000000E+00 0
 534   10670.00   10690.00  0.000000000000000E+00  0.000000000000000E+00 0
 535   10690.00   10710.00  0.000000000000000E+00  0.000000000000000E+00 0
 536   10710.00   10730.00  0.000000000000000E+00  0.000000000000000E+00 0
 537   10730.00   10750.00  0.000000000000000E+00  0.000000000000000E+00 0
 538   10750.00   10770.00  0.000000000000000E+00  0.000000000000000E+00 0
 539   10770.00   10790.00  0.000000000000000E+00  0.000000000000000E+00 0
 540   10790.00   10810.00  0.000000000000000E+00  0.000000000000000E+00 0
 541   10810.00   10830.00  0.000000000000000E+00  0.000000000000000E+00 0
 542   10830.00   10850.00  0.000000000000000E+00  0.000000000000000E+00 0
 543   10850.00   10870.00  0.000000000000000E+00  0.000000000000000E+00 0
 544   10870.00   10890.00  0.000000000000000E+00  0.000000000000000E+00 0
 545   10890.00   10910.00  0.000000000000000E+00  0.000000000000000E+00 0
 546   10910.00   10930.00  0.000000000000000E+00  0.000000000000000E+00 0
 547   10930.00   10950.00  0.000000000000000E+00  0.000000000000000E+00 0
 548   10950.00   10970.00  0.000000000000000E+00  0.000000000000000E+00 0
 549   10970.00   10990.00  0.000000000000000E+00  0.000000000000000E+00 0
 550   10990.00   11010.00  0.000000000000000E+00  0.000000000000000E+00 0
 551   11010.00   11030.00  0.000000000000000E+00  0.000000000000000E+00 0
 552   11030.00   11050.00  0.000000000000000E+00  0.000000000000000E+00 0
 553   11050.00   11070.00  0.000000000000000E+00  0.000000000000000E+00 0
 554   11070.00   11090.00  0.000000000000000E+00  0.000000000000000E+00 0
 555   11090.00   11110.00  0.000000000000000E+00  0.000000000000000E+00 0
 556   11110.00   11130.00  0.000000000000000E+00  0.000000000000000E+00 0
 557   11130.00   11150.00  0.000000000000000E+00  0.000000000000000E+00 0
 558   11150.00   11170.00  0.000000000000000E+00  0.000000000000000E+00 0
 559   11170.00   11190.00  0.000000000000000E+00  0.000000000000000E+00 0
 560   11190.00   11210.00  0.000000000000000E+00  0.000000000000000E+00 0
 561   11210.00   11230.00  0.000000000000000E+00  0.000000000000000E+00 0
 562   11230.00   11250.00  0.000000000000000E+00  0.000000000000000E+00 0
 563   11250.00   11270.00  0.000000000000000E+00  0.000000000000000E+00 0
 564   11270.00   11290.00  0.000000000000000E+00  0.000000000000000E+00 0
 565   11290.00   11310.00  0.000000000000000E+00  0.000000000000000E+00 0
 566   11310.00   11330.00  0.000000000000000E+00  0.000000000000000E+00 0
 567   11330.00   11350.00  0.000000000000000E+00  0.000000000000000E+00 0
 568   11350.00   11370.00  0.000000000000000E+00  0.000000000000000E+00 0
 569   11370.00   11390.00  0.000000000000000E+00  0.000000000000000E+00 0
 570   11390.00   11410.00  0.000000000000000E+00  0.000000000000000E+00 0
 571   11410.00   11430.00  0.000000000000000E+00  0.000000000000000E+00 0
 572   11430.00   11450.00  0.000000000000000E+00  0.000000000000000E+00 0
 573   11450.00   11470.00  0.000000000000000E+00  0.000000000000000E+00 0
 574   11470.00   11490.00  0.000000000000000E+00  0.000000000000000E+00 0
 575   11490.00   11510.00  0.000000000000000E+00  0.000000000000000E+00 0
 576   11510.00   11530.00  0.000000000000000E+00  0.000000000000000E+00 0
 577   11530.00   11550.00  0.000000000000000E+00  0.000000000000000E+00 0
 578   11550.00   11570.00  0.000000000000000E+00  0.000000000000000E+00 0
 579   11570.00   11590.00  0.000000000000000E+00  0.000000000000000E+00 0
 580   11590.00   11610.00  0.000000000000000E+00  0.000000000000000E+00 0
 581   11610.00   11630.00  0.000000000000000E+00  0.000000000000000E+00 0
 582   11630.00   11650.00  0.000000000000000E+00  0.000000000000000E+00 0
 583   11650.00   11670.00  0.000000000000000E+00  0.000000000000000E+00 0
 584   11670.00   11690.00  0.000000000000000E+00  0.000000000000000E+00 0
 585   11690.00   11710.00  0.000000000000000E+00  0.000000000000000E+00 0
 586   11710.00   11730.00  0.000000000000000E+00  0.000000000000000E+00 0
 587   11730.00   11750.00  0.000000000000000E+00  0.000000000000000E+00 0
 588   11750.00   11770.00  0.000000000000000E+00  0.000000000000000E+00 0
 589   11770.00   11790.00  0.000000000000000E+00  0.000000000000000E+00 0
 590   11790.00   11810.00  0.000000000000000E+00  0.000000000000000E+00 0
 591   11810.00   11830.00  0.000000000000000E+00  0.000000000000000E+00 0
 592   11830.00   11850.00  0.000000000000000E+00  0.000000000000000E+00 0
 593   11850.00   11870.00  0.000000000000000E+00  0.000000000000000E+00 0
 594   11870.00   11890.00  0.000000000000000E+00  0.000000000000000E+00 0
 595   11890.00   11910.00  0.000000000000000E+00  0.000000000000000E+00 0
 596   11910.00   11930.00  0.000000000000000E+00  0.000000000000000E+00 0
 597   11930.00   11950.00  0.000000000000000E+00  0.000000000000000E+00 0
 598   11950.00   11970.00  0.000000000000000E+00  0.000000000000000E+00 0
 599   11970.00   11990.00  0.000000000000000E+00  0.000000000000000E+00 0
 600   11990.00   12010.00  0.000000000000000E+00  0.000000000000000E+00 0
 601   12010.00   12030.00  0.000000000000000E+00  0.000000000000000E+00 0
 602   12030.00   12050.00  0.000000000000000E+00  0.000000000000000E+00 0
 603   12050.00   12070.00  0.000000000000000E+00  0.000000000000000E+00 0
 604   12070.00   12090.00  0.000000000000000E+00  0.000000000000000E+00 0
 605   12090.00   12110.00  0.000000000000000E+00  0.000000000000000E+00 0
 606   12110.00   12130.00  0.000000000000000E+00  0.000000000000000E+00 0
 607   12130.00   12150.00  0.000000000000000E+00  0.000000000000000E+00 0
 608   12150.00   12170.00  0.000000000000000E+00  0.000000000000000E+00 0
 609   12170.00   12190.00  0.000000000000000E+00  0.000000000000000E+00 0
 610   12190.00   12210.00  0.000000000000000E+00  0.000000000000000E+00 0
 611   12210.00   12230.00  0.000000000000000E+00  0.000000000000000E+00 0
 612   12230.00   12250.00  0.000000000000000E+00  0.000000000000000E+00 0
 613   12250.00   12270.00  0.000000000000000E+00  0.000000000000000E+00 0
 614   12270.00   12290.00  0.000000000000000E+00  0.000000000000000E+00 0
 615   12290.00   12310.00  0.000000000000000E+00  0.000000000000000E+00 0
 616   12310.00   12330.00  0.000000000000000E+00  0.000000000000000E+00 0
 617   12330.00   12350.00  0.000000000000000E+00  0.000000000000000E+00 0
 618   12350.00   12370.00  0.000000000000000E+00  0.000000000000000E+00 0
 619   12370.00   12390.00  0.000000000000000E+00  0.000000000000000E+00 0
 620   12390.00   12410.00  0.000000000000000E+00  0.000000000000000E+00 0
 621   12410.00   12430.00  0.000000000000000E+00  0.000000000000000E+00 0
 622   12430.00   12450.00  0.000000000000000E+00  0.000000000000000E+00 0
 623   12450.00   12470.00  0.000000000000000E+00  0.000000000000000E+00 0
 624   12470.00   12490.00  0.000000000000000E+00  0.000000000000000E+00 0
 625   12490.00   12510.00  0.000000000000000E+00  0.000000000000000E+00 0
 626   12510.00   12530.00  0.000000000000000E+00  0.000000000000000E+00 0
 627   12530.00   12550.00  0.000000000000000E+00  0.000000000000000E+00 0
 628   12550.00   12570.00  0.000000000000000E+00  0.000000000000000E+00 0
 629   12570.00   12590.00  0.000000000000000E+00  0.000000000000000E+00 0
 630   12590.00   12610.00  0.000000000000000E+00  0.000000000000000E+00 0
 631   12610.00   12630.00  0.000000000000000E+00  0.000000000000000E+00 0
 632   12630.00   12650.00  0.000000000000000E+00  0.000000000000000E+00 0
 633   12650.00   12670.00  0.000000000000000E+00  0.000000000000000E+00 0
 634   12670.00   12690.00  0.000000000000000E+00  0.000000000000000E+00 0
 635   12690.00   12710.00  0.000000000000000E+00  0.000000000000000E+00 0
 636   12710.00   12730.00  0.000000000000000E+00  0.000000000000000E+00 0
 637   12730.00   12750.00  0.000000000000000E+00  0.000000000000000E+00 0
 638   12750.00   12770.00  0.000000000000000E+00  0.000000000000000E+00 0
 639   12770.00   12790.00  0.000000000000000E+00  0.000000000000000E+00 0
 640   12790.00   12810.00  0.000000000000000E+00  0.000000000000000E+00 0
 641   12810.00   12830.00  0.000000000000000E+00  0.000000000000000E+00 0
 642   12830.00   12850.00  0.000000000000000E+00  0.000000000000000E+00 0
 643   12850.00   12870.00  0.000000000000000E+00  0.000000000000000E+00 0
 644   12870.00   12890.00  0.000000000000000E+00  0.000000000000000E+00 0
 645   12890.00   12910.00  0.000000000000000E+00  0.000000000000000E+00 0
 646   12910.00   12930.00  0.000000000000000E+00  0.000000000000000E+00 0
 647   12930.00   12950.00  0.000000000000000E+00  0.000000000000000E+00 0
 648   12950.00   12970.00  0.000000000000000E+00  0.000000000000000E+00 0
 649   12970.00   12990.00  0.000000000000000E+00  0.000000000000000E+00 0
 650   12990.00   13010.00  0.000000000000000E+00  0.000000000000000E+00 0
# Underflow:                 1.9553745357185334E-06  4.9437856037826727E-09 2466224
# Overflow:                  0.0000000000000000E+00  0.0000000000000000E+00 0
#-------------------------------------------------------------------------------------
# Sum:                       1.1823172800689580E-03  6.6097565369687835E-07 73479000
#=====================================================================================
