# title = Transverse Momentum of W-Z system
# xlabel = $p_{\text{T},\text{WZ}}\,$[GeV]
# ylabel = $\frac{\text{d}\sigma}{\text{d}p_{\text{T},\text{WZ}}}\,\left[\frac{\text{fb}}{\text{GeV}}\right]$
# xmin=  0.000E+00
# xmax=  8.000E+02
# ymin=  1.000E-06
# ymax=  1.000E-02
# kmin= -5.000E+01
# kmax=  1.000E+01
# logscale = true
# Renormalization and factorization scale scaled by: .5000000000
# Renormalization scaled by: .5000000000
# Number of generated events: 1524004120
#
#=====================================================================================
# No.       Left      Right                   Value                   Error Hits
#-------------------------------------------------------------------------------------
   1      10.00      30.00  1.402067254562027E-06  5.272334916913350E-09 865072
   2      30.00      50.00  2.363054922882456E-06  6.646476611963918E-09 1279568
   3      50.00      70.00  3.042308364751704E-06  7.322950746865513E-09 1526379
   4      70.00      90.00  3.446402073182727E-06  7.570395285635416E-09 1687030
   5      90.00     110.00  3.455801591100672E-06  7.192000089836342E-09 1773816
   6     110.00     130.00  3.222869660217355E-06  6.540216821899912E-09 1802055
   7     130.00     150.00  2.874698283934419E-06  5.808654750681661E-09 1794886
   8     150.00     170.00  2.507703585114269E-06  5.086228976038142E-09 1765192
   9     170.00     190.00  2.139856212400068E-06  4.416276483055977E-09 1715983
  10     190.00     210.00  1.795052722214786E-06  3.783187998727802E-09 1660221
  11     210.00     230.00  1.492765279947011E-06  3.243275507222534E-09 1596129
  12     230.00     250.00  1.237037872687309E-06  2.778935474601839E-09 1529095
  13     250.00     270.00  1.008635810219719E-06  2.339498347167693E-09 1458561
  14     270.00     290.00  8.203267404579771E-07  1.971445661356847E-09 1389192
  15     290.00     310.00  6.627737064998013E-07  1.650609601038212E-09 1321795
  16     310.00     330.00  5.354291040739283E-07  1.389665877146200E-09 1253741
  17     330.00     350.00  4.286657364580746E-07  1.162937425238688E-09 1187665
  18     350.00     370.00  3.424130291959119E-07  9.623426230105761E-10 1125223
  19     370.00     390.00  2.730770965314151E-07  8.037075115754295E-10 1061525
  20     390.00     410.00  2.190326809540581E-07  6.716559338034561E-10 1004380
  21     410.00     430.00  1.750389587974809E-07  5.606101522818949E-10 949186
  22     430.00     450.00  1.412482382548556E-07  4.673404439499206E-10 901651
  23     450.00     470.00  1.139354071537178E-07  3.943710579129094E-10 853022
  24     470.00     490.00  9.284954273642992E-08  3.353740160848075E-10 807798
  25     490.00     510.00  7.439022540048296E-08  2.802627567955248E-10 765696
  26     510.00     530.00  6.039639862893026E-08  2.347602584609335E-10 727355
  27     530.00     550.00  4.911780255496231E-08  1.989456316831794E-10 689217
  28     550.00     570.00  4.040055750839223E-08  1.692900408939849E-10 654924
  29     570.00     590.00  3.330500933800292E-08  1.446789893612381E-10 623180
  30     590.00     610.00  2.708276505595424E-08  1.202761423793404E-10 592314
  31     610.00     630.00  2.249685337420693E-08  1.043820920270655E-10 562483
  32     630.00     650.00  1.860981063355653E-08  8.887435617465206E-11 537941
  33     650.00     670.00  1.551083677126523E-08  7.652634219571645E-11 512735
  34     670.00     690.00  1.288587404972294E-08  6.542725770570877E-11 486981
  35     690.00     710.00  1.079475955020085E-08  5.624946088717619E-11 465533
  36     710.00     730.00  8.939282663901423E-09  4.784882908095278E-11 444505
  37     730.00     750.00  7.452049374129867E-09  4.097077805471300E-11 423779
  38     750.00     770.00  6.304663149501022E-09  3.529257600219250E-11 404398
  39     770.00     790.00  5.332258674813943E-09  3.048156925640960E-11 386313
  40     790.00     810.00  4.465233326613545E-09  2.633843091856797E-11 369524
  41     810.00     830.00  3.772836185968563E-09  2.270806579828343E-11 353426
  42     830.00     850.00  3.216416077323802E-09  1.985561848319792E-11 337638
  43     850.00     870.00  2.735609758522983E-09  1.718394966682163E-11 322544
  44     870.00     890.00  2.360163193213181E-09  1.509609038243028E-11 309596
  45     890.00     910.00  1.995861760756265E-09  1.286284503834898E-11 296402
  46     910.00     930.00  1.709950642787568E-09  1.127714772517550E-11 283805
  47     930.00     950.00  1.487373401227377E-09  1.010364776414049E-11 272008
  48     950.00     970.00  1.271054787157554E-09  8.774342696331398E-12 260705
  49     970.00     990.00  1.109096754400230E-09  7.695710079403972E-12 250427
  50     990.00    1010.00  9.494369397375900E-10  6.730402688965762E-12 239362
  51    1010.00    1030.00  8.226830461836824E-10  5.764425832126472E-12 230677
  52    1030.00    1050.00  7.087809607284780E-10  5.201536252698485E-12 220734
  53    1050.00    1070.00  6.204504520824791E-10  4.504962174870793E-12 211700
  54    1070.00    1090.00  5.328561860119211E-10  3.970266178809237E-12 202788
  55    1090.00    1110.00  4.661846365596860E-10  3.551456357047651E-12 195652
  56    1110.00    1130.00  4.088474774609193E-10  3.132366757544589E-12 187838
  57    1130.00    1150.00  3.528295578857350E-10  2.788638610310123E-12 179161
  58    1150.00    1170.00  3.116351472517335E-10  2.498309317194189E-12 172747
  59    1170.00    1190.00  2.764964955666955E-10  2.185371785993156E-12 166722
  60    1190.00    1210.00  2.387824777446357E-10  2.071833276868531E-12 159442
  61    1210.00    1230.00  2.110923132420357E-10  1.719856496639842E-12 153644
  62    1230.00    1250.00  1.854375585571751E-10  1.554980898389728E-12 147465
  63    1250.00    1270.00  1.667414621725371E-10  1.430610323719396E-12 142236
  64    1270.00    1290.00  1.480653157856909E-10  1.280353567892388E-12 137124
  65    1290.00    1310.00  1.324784909655627E-10  1.203141592702467E-12 132067
  66    1310.00    1330.00  1.181062582072018E-10  1.083649706401982E-12 126852
  67    1330.00    1350.00  1.030853566656141E-10  9.606249727266480E-13 122045
  68    1350.00    1370.00  9.259796601252405E-11  8.683310775110592E-13 117501
  69    1370.00    1390.00  8.293426446159021E-11  8.165166204424485E-13 113751
  70    1390.00    1410.00  7.337786427315625E-11  7.196687232222391E-13 109399
  71    1410.00    1430.00  6.489448601036933E-11  6.535619749825373E-13 105423
  72    1430.00    1450.00  5.856731111279301E-11  6.069346255127762E-13 101839
  73    1450.00    1470.00  5.273129229501442E-11  5.509566321538307E-13 98207
  74    1470.00    1490.00  4.751593133931641E-11  5.013043994735229E-13 94794
  75    1490.00    1510.00  4.273029633587196E-11  4.693012882412794E-13 91343
  76    1510.00    1530.00  3.830313086203421E-11  4.440329158787935E-13 87789
  77    1530.00    1550.00  3.432391815442824E-11  4.012297355395648E-13 84807
  78    1550.00    1570.00  3.145560647331926E-11  3.775293083374793E-13 81950
  79    1570.00    1590.00  2.804039162503122E-11  3.405090502117259E-13 79269
  80    1590.00    1610.00  2.512742915923820E-11  3.155108385416420E-13 76245
  81    1610.00    1630.00  2.225550144625507E-11  2.845149432571748E-13 74341
  82    1630.00    1650.00  2.007988749360424E-11  2.637233340116206E-13 71045
  83    1650.00    1670.00  1.838852732652076E-11  2.393833976330835E-13 69512
  84    1670.00    1690.00  1.645418831027673E-11  2.262775701939054E-13 66458
  85    1690.00    1710.00  1.513990886608108E-11  2.187403569639277E-13 64421
  86    1710.00    1730.00  1.394580236571464E-11  2.004396269231247E-13 61934
  87    1730.00    1750.00  1.223115900975458E-11  1.809117253752684E-13 60726
  88    1750.00    1770.00  1.120044017287552E-11  1.687381303135692E-13 58104
  89    1770.00    1790.00  1.004776847548056E-11  1.524192119854074E-13 56699
  90    1790.00    1810.00  9.022294319479764E-12  1.401180443777308E-13 54664
  91    1810.00    1830.00  8.393251410854527E-12  1.363506488054217E-13 52520
  92    1830.00    1850.00  7.474773522136239E-12  1.293596851307186E-13 50781
  93    1850.00    1870.00  6.788624969339435E-12  1.135865686913582E-13 48895
  94    1870.00    1890.00  6.235009355748155E-12  1.102038092353499E-13 47242
  95    1890.00    1910.00  5.586104745839910E-12  9.519093425735521E-14 46077
  96    1910.00    1930.00  5.070557476770684E-12  9.293312969323886E-14 44938
  97    1930.00    1950.00  4.754976619871441E-12  8.473973803835637E-14 43091
  98    1950.00    1970.00  4.238428418798643E-12  7.898073779560882E-14 42003
  99    1970.00    1990.00  3.816936376000099E-12  7.105273009702359E-14 40191
 100    1990.00    2010.00  3.468212052795340E-12  6.690157646896008E-14 39391
 101    2010.00    2030.00  3.117888565747100E-12  6.131447045095922E-14 38086
 102    2030.00    2050.00  2.791339754158101E-12  5.288549005858475E-14 36773
 103    2050.00    2070.00  2.586956226451557E-12  5.161641776233912E-14 35247
 104    2070.00    2090.00  2.358069020029318E-12  4.815786726850984E-14 34423
 105    2090.00    2110.00  2.130936406245893E-12  4.355001549450771E-14 33421
 106    2110.00    2130.00  1.954126969875874E-12  4.109028814852860E-14 31999
 107    2130.00    2150.00  1.841830368193937E-12  3.975509129481793E-14 31179
 108    2150.00    2170.00  1.608514912097946E-12  3.748176388853116E-14 30084
 109    2170.00    2190.00  1.506163430652466E-12  3.449716068483306E-14 29140
 110    2190.00    2210.00  1.382830477823843E-12  2.985991510286684E-14 28565
 111    2210.00    2230.00  1.207416960027618E-12  2.784487371845831E-14 27695
 112    2230.00    2250.00  1.087423068181262E-12  2.478232661325625E-14 26738
 113    2250.00    2270.00  1.024867030507763E-12  2.788711687135567E-14 25992
 114    2270.00    2290.00  9.311421823780488E-13  2.240424551205921E-14 25187
 115    2290.00    2310.00  8.554635099851846E-13  2.067135754896403E-14 24208
 116    2310.00    2330.00  7.598460299068502E-13  1.744191215429287E-14 23659
 117    2330.00    2350.00  7.185544994868493E-13  1.805404234995183E-14 22813
 118    2350.00    2370.00  6.660643681158653E-13  1.630943845173766E-14 22106
 119    2370.00    2390.00  6.055299227979716E-13  1.481734507308456E-14 21398
 120    2390.00    2410.00  5.723820598823362E-13  1.442159877385286E-14 20785
 121    2410.00    2430.00  4.886652701956018E-13  1.153154582061844E-14 20129
 122    2430.00    2450.00  4.590216863622193E-13  1.086890537821200E-14 19660
 123    2450.00    2470.00  4.287246013502723E-13  1.133297814042560E-14 18872
 124    2470.00    2490.00  3.995713882572379E-13  1.010220208499516E-14 18287
 125    2490.00    2510.00  3.676516236405052E-13  9.335622644842276E-15 17892
 126    2510.00    2530.00  3.302396863571603E-13  8.201267245543101E-15 17209
 127    2530.00    2550.00  3.119167393875985E-13  7.828266725386312E-15 16832
 128    2550.00    2570.00  2.704725151665243E-13  7.028272094788270E-15 16117
 129    2570.00    2590.00  2.551265293565544E-13  6.638058706904998E-15 15631
 130    2590.00    2610.00  2.532454957653098E-13  6.590743083791945E-15 15553
 131    2610.00    2630.00  2.245239181719768E-13  6.404222171449332E-15 14753
 132    2630.00    2650.00  1.931514873536015E-13  4.932841920405110E-15 14306
 133    2650.00    2670.00  1.858932420154907E-13  4.636080134658229E-15 13727
 134    2670.00    2690.00  1.769682202670349E-13  4.752111877679286E-15 13602
 135    2690.00    2710.00  1.600382479472691E-13  4.377354666505323E-15 12999
 136    2710.00    2730.00  1.555103150355066E-13  4.305902889045307E-15 12586
 137    2730.00    2750.00  1.428355646503022E-13  3.919908505590123E-15 12146
 138    2750.00    2770.00  1.292406330023251E-13  3.599875818271134E-15 11800
 139    2770.00    2790.00  1.214078283092894E-13  3.668605197433306E-15 11616
 140    2790.00    2810.00  1.094274608373196E-13  2.940066865983309E-15 11083
 141    2810.00    2830.00  1.106634949747799E-13  4.273354162264104E-15 10904
 142    2830.00    2850.00  1.013815989112633E-13  2.799296961457942E-15 10586
 143    2850.00    2870.00  9.314263665961676E-14  2.602485348456538E-15 10187
 144    2870.00    2890.00  9.310873881355283E-14  2.804659886330220E-15 9840
 145    2890.00    2910.00  8.374695530845222E-14  2.504179991550151E-15 9733
 146    2910.00    2930.00  7.820404038602789E-14  2.382589112632165E-15 9372
 147    2930.00    2950.00  7.441890814485129E-14  2.362930284406439E-15 9122
 148    2950.00    2970.00  7.174838768896242E-14  2.276523792976921E-15 8765
 149    2970.00    2990.00  6.388247724335935E-14  2.003030344157262E-15 8534
 150    2990.00    3010.00  6.062261725720810E-14  1.855816218275786E-15 8175
 151    3010.00    3030.00  5.606041049899709E-14  1.819363751615363E-15 7884
 152    3030.00    3050.00  5.106168906531493E-14  1.762423953823444E-15 7705
 153    3050.00    3070.00  5.050318968723601E-14  1.708419329628593E-15 7514
 154    3070.00    3090.00  4.793273468386965E-14  1.852071985154524E-15 7158
 155    3090.00    3110.00  4.387832221182712E-14  1.501824577141791E-15 7054
 156    3110.00    3130.00  4.343200073925268E-14  1.542840608085173E-15 6913
 157    3130.00    3150.00  4.397105566127549E-14  1.611333122026237E-15 6764
 158    3150.00    3170.00  3.696907391665538E-14  1.315748850960146E-15 6485
 159    3170.00    3190.00  3.644334082716911E-14  1.548656065047587E-15 6189
 160    3190.00    3210.00  3.347645651277883E-14  1.361288133506530E-15 5970
 161    3210.00    3230.00  3.222395947431707E-14  1.217880472310593E-15 5843
 162    3230.00    3250.00  3.134193580534294E-14  1.209635259709255E-15 5656
 163    3250.00    3270.00  2.930766278209967E-14  1.175025833888477E-15 5452
 164    3270.00    3290.00  2.631851315660945E-14  1.067027885511259E-15 5296
 165    3290.00    3310.00  2.680748369359339E-14  1.045418749982966E-15 5207
 166    3310.00    3330.00  2.447636774180695E-14  9.809638980627518E-16 4924
 167    3330.00    3350.00  2.498125549838863E-14  1.096584457766749E-15 4925
 168    3350.00    3370.00  2.255722608443515E-14  1.047179618504817E-15 4630
 169    3370.00    3390.00  2.176277441235209E-14  1.059101326630696E-15 4504
 170    3390.00    3410.00  2.030705921868214E-14  1.020973832145973E-15 4371
 171    3410.00    3430.00  1.959400415599451E-14  8.870025150825949E-16 4355
 172    3430.00    3450.00  1.619083274138205E-14  7.259914502043553E-16 4010
 173    3450.00    3470.00  1.825730370266830E-14  8.572922458293381E-16 4038
 174    3470.00    3490.00  1.535208639119214E-14  7.613881860140452E-16 3836
 175    3490.00    3510.00  1.509948577711920E-14  8.172243929233782E-16 3750
 176    3510.00    3530.00  1.326323657637621E-14  6.793413576625257E-16 3568
 177    3530.00    3550.00  1.303525229891188E-14  6.541570889741167E-16 3504
 178    3550.00    3570.00  1.337464551661283E-14  7.032516989964855E-16 3398
 179    3570.00    3590.00  1.257661545605758E-14  6.716195639120497E-16 3291
 180    3590.00    3610.00  1.116061337684087E-14  6.694040049342132E-16 3174
 181    3610.00    3630.00  1.069350417169870E-14  6.151755945392312E-16 3090
 182    3630.00    3650.00  9.876779203330772E-15  5.676577686162402E-16 2913
 183    3650.00    3670.00  9.741558888929528E-15  5.748003146559449E-16 2946
 184    3670.00    3690.00  9.904611971359796E-15  6.172813401354807E-16 2814
 185    3690.00    3710.00  9.173180239313114E-15  5.361439657082691E-16 2660
 186    3710.00    3730.00  7.530047420805007E-15  5.966261521052673E-16 2518
 187    3730.00    3750.00  7.953005160468989E-15  4.951619081739337E-16 2438
 188    3750.00    3770.00  7.050585259366987E-15  4.227952291131858E-16 2464
 189    3770.00    3790.00  6.384519084723026E-15  4.100831346032055E-16 2403
 190    3790.00    3810.00  6.236919012058026E-15  4.294289081849785E-16 2228
 191    3810.00    3830.00  6.845508346489396E-15  4.761610732109856E-16 2214
 192    3830.00    3850.00  5.771273442298777E-15  3.843843367050948E-16 2112
 193    3850.00    3870.00  5.409601802716380E-15  4.160252164457185E-16 2101
 194    3870.00    3890.00  5.186079177974549E-15  3.820212591233700E-16 2013
 195    3890.00    3910.00  5.150642798587406E-15  3.652616961123484E-16 1970
 196    3910.00    3930.00  3.985138036199941E-15  2.867797710483894E-16 1872
 197    3930.00    3950.00  4.434313369245985E-15  3.223509395750340E-16 1841
 198    3950.00    3970.00  3.858733838699722E-15  2.805089258501663E-16 1762
 199    3970.00    3990.00  3.573587014237404E-15  2.741677960889613E-16 1660
 200    3990.00    4010.00  3.768251827850386E-15  2.935986811688557E-16 1663
 201    4010.00    4030.00  2.685897890591138E-15  2.046393843270629E-16 1570
 202    4030.00    4050.00  3.178907733549693E-15  2.794988178353903E-16 1586
 203    4050.00    4070.00  3.148319443453524E-15  2.850136471047733E-16 1488
 204    4070.00    4090.00  2.753635962298199E-15  2.366920432411585E-16 1450
 205    4090.00    4110.00  2.349075418329581E-15  1.890703171783569E-16 1410
 206    4110.00    4130.00  2.082934106039231E-15  1.698562354464254E-16 1278
 207    4130.00    4150.00  2.093695317088140E-15  1.689911132309595E-16 1249
 208    4150.00    4170.00  1.649755993136260E-15  1.403657531234690E-16 1245
 209    4170.00    4190.00  1.774341747476040E-15  1.856112524660913E-16 1180
 210    4190.00    4210.00  1.533800731419685E-15  1.355148536195368E-16 1126
 211    4210.00    4230.00  1.702779811463759E-15  1.607050930233084E-16 1055
 212    4230.00    4250.00  1.303646681058390E-15  1.191182810623366E-16 1036
 213    4250.00    4270.00  1.396876428353133E-15  1.478278478527585E-16 996
 214    4270.00    4290.00  1.672270302668574E-15  2.301273560664448E-16 1041
 215    4290.00    4310.00  1.306647795030152E-15  1.488139674687252E-16 945
 216    4310.00    4330.00  1.044090014391620E-15  1.284619020295211E-16 881
 217    4330.00    4350.00  1.237520778621176E-15  1.430763779143894E-16 900
 218    4350.00    4370.00  9.356837923795523E-16  1.107063041345021E-16 867
 219    4370.00    4390.00  7.472037632505194E-16  8.865824786747265E-17 804
 220    4390.00    4410.00  9.144789837264223E-16  1.265516543205301E-16 781
 221    4410.00    4430.00  6.561221903052754E-16  7.219825563424646E-17 748
 222    4430.00    4450.00  6.679489883563124E-16  7.605788096781119E-17 685
 223    4450.00    4470.00  5.589063151334088E-16  6.625159542080976E-17 696
 224    4470.00    4490.00  4.936495139324701E-16  5.588486259575770E-17 666
 225    4490.00    4510.00  4.582327909249765E-16  5.632856747051795E-17 651
 226    4510.00    4530.00  4.520616669390436E-16  5.499300307432030E-17 603
 227    4530.00    4550.00  4.292772122346030E-16  5.781678122036133E-17 605
 228    4550.00    4570.00  3.319439624424302E-16  4.882742192967126E-17 556
 229    4570.00    4590.00  3.631054832067065E-16  4.578286289162343E-17 560
 230    4590.00    4610.00  4.250412161860024E-16  6.918512154943788E-17 564
 231    4610.00    4630.00  3.767918163708641E-16  5.724388993911321E-17 540
 232    4630.00    4650.00  2.707015950510192E-16  3.901403957785308E-17 495
 233    4650.00    4670.00  2.054811181699757E-16  3.237716777917578E-17 452
 234    4670.00    4690.00  2.446982717440565E-16  4.634451745099510E-17 445
 235    4690.00    4710.00  1.658716091927088E-16  2.601430647451495E-17 406
 236    4710.00    4730.00  2.446355048758488E-16  4.263982026309930E-17 385
 237    4730.00    4750.00  1.727890749737704E-16  2.985734119265126E-17 374
 238    4750.00    4770.00  1.427087904096856E-16  2.275357547021712E-17 379
 239    4770.00    4790.00  1.189765871159429E-16  2.152069260779551E-17 353
 240    4790.00    4810.00  1.182448421865775E-16  2.008842872260588E-17 367
 241    4810.00    4830.00  1.152944821997012E-16  2.259260177511797E-17 347
 242    4830.00    4850.00  7.007892311753238E-17  1.080137095263252E-17 323
 243    4850.00    4870.00  9.164741062059252E-17  1.733050374142891E-17 323
 244    4870.00    4890.00  7.253675713933676E-17  1.544596592014282E-17 270
 245    4890.00    4910.00  8.440971811234766E-17  1.601868750975384E-17 275
 246    4910.00    4930.00  6.193228571999471E-17  1.392148692588442E-17 235
 247    4930.00    4950.00  5.013172141215628E-17  1.024412833776216E-17 246
 248    4950.00    4970.00  2.704428448598190E-17  5.187099123086066E-18 238
 249    4970.00    4990.00  3.200168692802085E-17  8.366058239744637E-18 212
 250    4990.00    5010.00  3.349848545473983E-17  7.391283542049446E-18 222
 251    5010.00    5030.00  3.957481782580899E-17  9.736510439784020E-18 221
 252    5030.00    5050.00  3.443153477240580E-17  1.031799895728084E-17 208
 253    5050.00    5070.00  2.372585813142231E-17  5.372384329280357E-18 183
 254    5070.00    5090.00  2.369753947134882E-17  7.239773984010784E-18 187
 255    5090.00    5110.00  2.589649677746814E-17  7.060621351230383E-18 164
 256    5110.00    5130.00  3.195889183875186E-17  1.178334827831174E-17 169
 257    5130.00    5150.00  1.948095532142088E-17  5.032896380872422E-18 152
 258    5150.00    5170.00  1.598578858514642E-17  5.053030144379713E-18 139
 259    5170.00    5190.00  1.474690064030187E-17  4.023672745198583E-18 129
 260    5190.00    5210.00  1.149295925949296E-17  3.771644630759746E-18 95
 261    5210.00    5230.00  1.717109997395235E-17  5.881633709124091E-18 109
 262    5230.00    5250.00  5.654836810497111E-18  1.552462221530374E-18 121
 263    5250.00    5270.00  4.703705427357291E-18  2.781344200893142E-18 99
 264    5270.00    5290.00  7.194878311184189E-18  1.807705039971167E-18 98
 265    5290.00    5310.00  8.698218488380932E-18  3.521220928047282E-18 94
 266    5310.00    5330.00  6.217315794944395E-18  2.150162524041816E-18 88
 267    5330.00    5350.00  3.981610671225282E-18  1.270168877358177E-18 82
 268    5350.00    5370.00  3.544899920035298E-18  1.194306302467496E-18 80
 269    5370.00    5390.00  7.398367214025213E-19  2.387387658032541E-19 59
 270    5390.00    5410.00  2.398027447899210E-18  1.038682983831027E-18 68
 271    5410.00    5430.00  2.429038365045118E-18  9.679176596806846E-19 68
 272    5430.00    5450.00  2.516589462028374E-18  8.361834157599724E-19 65
 273    5450.00    5470.00  1.656484249489091E-18  7.127130539373400E-19 43
 274    5470.00    5490.00  1.346844289614544E-18  8.492983234603884E-19 42
 275    5490.00    5510.00  2.145601791565053E-18  8.979204337903583E-19 57
 276    5510.00    5530.00  2.424050541806054E-19  7.368282135080995E-20 43
 277    5530.00    5550.00  7.411080296045349E-19  2.915387337544799E-19 41
 278    5550.00    5570.00  5.141818071686790E-19  2.339948509359195E-19 36
 279    5570.00    5590.00  8.052479541185933E-19  4.256189362056385E-19 34
 280    5590.00    5610.00  1.300138850401324E-19  6.824147725291289E-20 24
 281    5610.00    5630.00  4.567448070096386E-19  1.949408471456616E-19 30
 282    5630.00    5650.00  3.066334107852112E-19  1.648554382619012E-19 28
 283    5650.00    5670.00  4.875296760337990E-19  4.606557334845586E-19 21
 284    5670.00    5690.00  6.541053338669182E-19  5.440082159325506E-19 21
 285    5690.00    5710.00  2.619674713674695E-19  2.073345431904208E-19 25
 286    5710.00    5730.00  5.335101907807605E-20  2.677708433587190E-20 12
 287    5730.00    5750.00  1.050024378461075E-19  7.463182706698760E-20 18
 288    5750.00    5770.00  4.308062279092078E-20  2.625504815145612E-20 15
 289    5770.00    5790.00  7.406384325188829E-20  5.019825033682299E-20 12
 290    5790.00    5810.00  8.091004839355617E-20  4.555056219053270E-20 8
 291    5810.00    5830.00  1.349796490041663E-20  5.412877893633838E-21 14
 292    5830.00    5850.00  2.064234059841551E-20  1.870524349666520E-20 8
 293    5850.00    5870.00  3.676296372786320E-21  1.883512688225437E-21 12
 294    5870.00    5890.00  3.941563233423626E-20  2.332463733552451E-20 9
 295    5890.00    5910.00  2.347467230646925E-21  2.017315767448569E-21 5
 296    5910.00    5930.00  9.820760987564841E-22  9.759214422098539E-22 2
 297    5930.00    5950.00  1.890090507122242E-21  1.071057276797181E-21 6
 298    5950.00    5970.00  4.619984672527592E-22  3.129589035464351E-22 4
 299    5970.00    5990.00  2.853747278629280E-21  1.951321288842324E-21 5
 300    5990.00    6010.00  2.118520750784720E-21  1.648132164862534E-21 4
 301    6010.00    6030.00  9.262314874042107E-22  8.053158225517510E-22 2
 302    6030.00    6050.00  1.744580336379212E-22  1.233975719355848E-22 3
 303    6050.00    6070.00  0.000000000000000E+00  0.000000000000000E+00 0
 304    6070.00    6090.00  9.540384836458542E-24  9.540384833328502E-24 1
 305    6090.00    6110.00  1.409286529092973E-23  1.409286528630610E-23 1
 306    6110.00    6130.00  4.130598219841153E-23  2.951878492376463E-23 2
 307    6130.00    6150.00  3.730278123503869E-24  3.368111194621300E-24 2
 308    6150.00    6170.00  0.000000000000000E+00  0.000000000000000E+00 0
 309    6170.00    6190.00  9.940311744478384E-26  9.940311741217136E-26 1
 310    6190.00    6210.00  0.000000000000000E+00  0.000000000000000E+00 0
 311    6210.00    6230.00  0.000000000000000E+00  0.000000000000000E+00 0
 312    6230.00    6250.00  0.000000000000000E+00  0.000000000000000E+00 0
 313    6250.00    6270.00  0.000000000000000E+00  0.000000000000000E+00 0
 314    6270.00    6290.00  0.000000000000000E+00  0.000000000000000E+00 0
 315    6290.00    6310.00  0.000000000000000E+00  0.000000000000000E+00 0
 316    6310.00    6330.00  0.000000000000000E+00  0.000000000000000E+00 0
 317    6330.00    6350.00  0.000000000000000E+00  0.000000000000000E+00 0
 318    6350.00    6370.00  0.000000000000000E+00  0.000000000000000E+00 0
 319    6370.00    6390.00  0.000000000000000E+00  0.000000000000000E+00 0
 320    6390.00    6410.00  0.000000000000000E+00  0.000000000000000E+00 0
 321    6410.00    6430.00  0.000000000000000E+00  0.000000000000000E+00 0
 322    6430.00    6450.00  0.000000000000000E+00  0.000000000000000E+00 0
 323    6450.00    6470.00  0.000000000000000E+00  0.000000000000000E+00 0
 324    6470.00    6490.00  0.000000000000000E+00  0.000000000000000E+00 0
 325    6490.00    6510.00  0.000000000000000E+00  0.000000000000000E+00 0
 326    6510.00    6530.00  0.000000000000000E+00  0.000000000000000E+00 0
 327    6530.00    6550.00  0.000000000000000E+00  0.000000000000000E+00 0
 328    6550.00    6570.00  0.000000000000000E+00  0.000000000000000E+00 0
 329    6570.00    6590.00  0.000000000000000E+00  0.000000000000000E+00 0
 330    6590.00    6610.00  0.000000000000000E+00  0.000000000000000E+00 0
 331    6610.00    6630.00  0.000000000000000E+00  0.000000000000000E+00 0
 332    6630.00    6650.00  0.000000000000000E+00  0.000000000000000E+00 0
 333    6650.00    6670.00  0.000000000000000E+00  0.000000000000000E+00 0
 334    6670.00    6690.00  0.000000000000000E+00  0.000000000000000E+00 0
 335    6690.00    6710.00  0.000000000000000E+00  0.000000000000000E+00 0
 336    6710.00    6730.00  0.000000000000000E+00  0.000000000000000E+00 0
 337    6730.00    6750.00  0.000000000000000E+00  0.000000000000000E+00 0
 338    6750.00    6770.00  0.000000000000000E+00  0.000000000000000E+00 0
 339    6770.00    6790.00  0.000000000000000E+00  0.000000000000000E+00 0
 340    6790.00    6810.00  0.000000000000000E+00  0.000000000000000E+00 0
 341    6810.00    6830.00  0.000000000000000E+00  0.000000000000000E+00 0
 342    6830.00    6850.00  0.000000000000000E+00  0.000000000000000E+00 0
 343    6850.00    6870.00  0.000000000000000E+00  0.000000000000000E+00 0
 344    6870.00    6890.00  0.000000000000000E+00  0.000000000000000E+00 0
 345    6890.00    6910.00  0.000000000000000E+00  0.000000000000000E+00 0
 346    6910.00    6930.00  0.000000000000000E+00  0.000000000000000E+00 0
 347    6930.00    6950.00  0.000000000000000E+00  0.000000000000000E+00 0
 348    6950.00    6970.00  0.000000000000000E+00  0.000000000000000E+00 0
 349    6970.00    6990.00  0.000000000000000E+00  0.000000000000000E+00 0
 350    6990.00    7010.00  0.000000000000000E+00  0.000000000000000E+00 0
 351    7010.00    7030.00  0.000000000000000E+00  0.000000000000000E+00 0
 352    7030.00    7050.00  0.000000000000000E+00  0.000000000000000E+00 0
 353    7050.00    7070.00  0.000000000000000E+00  0.000000000000000E+00 0
 354    7070.00    7090.00  0.000000000000000E+00  0.000000000000000E+00 0
 355    7090.00    7110.00  0.000000000000000E+00  0.000000000000000E+00 0
 356    7110.00    7130.00  0.000000000000000E+00  0.000000000000000E+00 0
 357    7130.00    7150.00  0.000000000000000E+00  0.000000000000000E+00 0
 358    7150.00    7170.00  0.000000000000000E+00  0.000000000000000E+00 0
 359    7170.00    7190.00  0.000000000000000E+00  0.000000000000000E+00 0
 360    7190.00    7210.00  0.000000000000000E+00  0.000000000000000E+00 0
 361    7210.00    7230.00  0.000000000000000E+00  0.000000000000000E+00 0
 362    7230.00    7250.00  0.000000000000000E+00  0.000000000000000E+00 0
 363    7250.00    7270.00  0.000000000000000E+00  0.000000000000000E+00 0
 364    7270.00    7290.00  0.000000000000000E+00  0.000000000000000E+00 0
 365    7290.00    7310.00  0.000000000000000E+00  0.000000000000000E+00 0
 366    7310.00    7330.00  0.000000000000000E+00  0.000000000000000E+00 0
 367    7330.00    7350.00  0.000000000000000E+00  0.000000000000000E+00 0
 368    7350.00    7370.00  0.000000000000000E+00  0.000000000000000E+00 0
 369    7370.00    7390.00  0.000000000000000E+00  0.000000000000000E+00 0
 370    7390.00    7410.00  0.000000000000000E+00  0.000000000000000E+00 0
 371    7410.00    7430.00  0.000000000000000E+00  0.000000000000000E+00 0
 372    7430.00    7450.00  0.000000000000000E+00  0.000000000000000E+00 0
 373    7450.00    7470.00  0.000000000000000E+00  0.000000000000000E+00 0
 374    7470.00    7490.00  0.000000000000000E+00  0.000000000000000E+00 0
 375    7490.00    7510.00  0.000000000000000E+00  0.000000000000000E+00 0
 376    7510.00    7530.00  0.000000000000000E+00  0.000000000000000E+00 0
 377    7530.00    7550.00  0.000000000000000E+00  0.000000000000000E+00 0
 378    7550.00    7570.00  0.000000000000000E+00  0.000000000000000E+00 0
 379    7570.00    7590.00  0.000000000000000E+00  0.000000000000000E+00 0
 380    7590.00    7610.00  0.000000000000000E+00  0.000000000000000E+00 0
 381    7610.00    7630.00  0.000000000000000E+00  0.000000000000000E+00 0
 382    7630.00    7650.00  0.000000000000000E+00  0.000000000000000E+00 0
 383    7650.00    7670.00  0.000000000000000E+00  0.000000000000000E+00 0
 384    7670.00    7690.00  0.000000000000000E+00  0.000000000000000E+00 0
 385    7690.00    7710.00  0.000000000000000E+00  0.000000000000000E+00 0
 386    7710.00    7730.00  0.000000000000000E+00  0.000000000000000E+00 0
 387    7730.00    7750.00  0.000000000000000E+00  0.000000000000000E+00 0
 388    7750.00    7770.00  0.000000000000000E+00  0.000000000000000E+00 0
 389    7770.00    7790.00  0.000000000000000E+00  0.000000000000000E+00 0
 390    7790.00    7810.00  0.000000000000000E+00  0.000000000000000E+00 0
 391    7810.00    7830.00  0.000000000000000E+00  0.000000000000000E+00 0
 392    7830.00    7850.00  0.000000000000000E+00  0.000000000000000E+00 0
 393    7850.00    7870.00  0.000000000000000E+00  0.000000000000000E+00 0
 394    7870.00    7890.00  0.000000000000000E+00  0.000000000000000E+00 0
 395    7890.00    7910.00  0.000000000000000E+00  0.000000000000000E+00 0
 396    7910.00    7930.00  0.000000000000000E+00  0.000000000000000E+00 0
 397    7930.00    7950.00  0.000000000000000E+00  0.000000000000000E+00 0
 398    7950.00    7970.00  0.000000000000000E+00  0.000000000000000E+00 0
 399    7970.00    7990.00  0.000000000000000E+00  0.000000000000000E+00 0
 400    7990.00    8010.00  0.000000000000000E+00  0.000000000000000E+00 0
 401    8010.00    8030.00  0.000000000000000E+00  0.000000000000000E+00 0
 402    8030.00    8050.00  0.000000000000000E+00  0.000000000000000E+00 0
 403    8050.00    8070.00  0.000000000000000E+00  0.000000000000000E+00 0
 404    8070.00    8090.00  0.000000000000000E+00  0.000000000000000E+00 0
 405    8090.00    8110.00  0.000000000000000E+00  0.000000000000000E+00 0
 406    8110.00    8130.00  0.000000000000000E+00  0.000000000000000E+00 0
 407    8130.00    8150.00  0.000000000000000E+00  0.000000000000000E+00 0
 408    8150.00    8170.00  0.000000000000000E+00  0.000000000000000E+00 0
 409    8170.00    8190.00  0.000000000000000E+00  0.000000000000000E+00 0
 410    8190.00    8210.00  0.000000000000000E+00  0.000000000000000E+00 0
 411    8210.00    8230.00  0.000000000000000E+00  0.000000000000000E+00 0
 412    8230.00    8250.00  0.000000000000000E+00  0.000000000000000E+00 0
 413    8250.00    8270.00  0.000000000000000E+00  0.000000000000000E+00 0
 414    8270.00    8290.00  0.000000000000000E+00  0.000000000000000E+00 0
 415    8290.00    8310.00  0.000000000000000E+00  0.000000000000000E+00 0
 416    8310.00    8330.00  0.000000000000000E+00  0.000000000000000E+00 0
 417    8330.00    8350.00  0.000000000000000E+00  0.000000000000000E+00 0
 418    8350.00    8370.00  0.000000000000000E+00  0.000000000000000E+00 0
 419    8370.00    8390.00  0.000000000000000E+00  0.000000000000000E+00 0
 420    8390.00    8410.00  0.000000000000000E+00  0.000000000000000E+00 0
 421    8410.00    8430.00  0.000000000000000E+00  0.000000000000000E+00 0
 422    8430.00    8450.00  0.000000000000000E+00  0.000000000000000E+00 0
 423    8450.00    8470.00  0.000000000000000E+00  0.000000000000000E+00 0
 424    8470.00    8490.00  0.000000000000000E+00  0.000000000000000E+00 0
 425    8490.00    8510.00  0.000000000000000E+00  0.000000000000000E+00 0
 426    8510.00    8530.00  0.000000000000000E+00  0.000000000000000E+00 0
 427    8530.00    8550.00  0.000000000000000E+00  0.000000000000000E+00 0
 428    8550.00    8570.00  0.000000000000000E+00  0.000000000000000E+00 0
 429    8570.00    8590.00  0.000000000000000E+00  0.000000000000000E+00 0
 430    8590.00    8610.00  0.000000000000000E+00  0.000000000000000E+00 0
 431    8610.00    8630.00  0.000000000000000E+00  0.000000000000000E+00 0
 432    8630.00    8650.00  0.000000000000000E+00  0.000000000000000E+00 0
 433    8650.00    8670.00  0.000000000000000E+00  0.000000000000000E+00 0
 434    8670.00    8690.00  0.000000000000000E+00  0.000000000000000E+00 0
 435    8690.00    8710.00  0.000000000000000E+00  0.000000000000000E+00 0
 436    8710.00    8730.00  0.000000000000000E+00  0.000000000000000E+00 0
 437    8730.00    8750.00  0.000000000000000E+00  0.000000000000000E+00 0
 438    8750.00    8770.00  0.000000000000000E+00  0.000000000000000E+00 0
 439    8770.00    8790.00  0.000000000000000E+00  0.000000000000000E+00 0
 440    8790.00    8810.00  0.000000000000000E+00  0.000000000000000E+00 0
 441    8810.00    8830.00  0.000000000000000E+00  0.000000000000000E+00 0
 442    8830.00    8850.00  0.000000000000000E+00  0.000000000000000E+00 0
 443    8850.00    8870.00  0.000000000000000E+00  0.000000000000000E+00 0
 444    8870.00    8890.00  0.000000000000000E+00  0.000000000000000E+00 0
 445    8890.00    8910.00  0.000000000000000E+00  0.000000000000000E+00 0
 446    8910.00    8930.00  0.000000000000000E+00  0.000000000000000E+00 0
 447    8930.00    8950.00  0.000000000000000E+00  0.000000000000000E+00 0
 448    8950.00    8970.00  0.000000000000000E+00  0.000000000000000E+00 0
 449    8970.00    8990.00  0.000000000000000E+00  0.000000000000000E+00 0
 450    8990.00    9010.00  0.000000000000000E+00  0.000000000000000E+00 0
 451    9010.00    9030.00  0.000000000000000E+00  0.000000000000000E+00 0
 452    9030.00    9050.00  0.000000000000000E+00  0.000000000000000E+00 0
 453    9050.00    9070.00  0.000000000000000E+00  0.000000000000000E+00 0
 454    9070.00    9090.00  0.000000000000000E+00  0.000000000000000E+00 0
 455    9090.00    9110.00  0.000000000000000E+00  0.000000000000000E+00 0
 456    9110.00    9130.00  0.000000000000000E+00  0.000000000000000E+00 0
 457    9130.00    9150.00  0.000000000000000E+00  0.000000000000000E+00 0
 458    9150.00    9170.00  0.000000000000000E+00  0.000000000000000E+00 0
 459    9170.00    9190.00  0.000000000000000E+00  0.000000000000000E+00 0
 460    9190.00    9210.00  0.000000000000000E+00  0.000000000000000E+00 0
 461    9210.00    9230.00  0.000000000000000E+00  0.000000000000000E+00 0
 462    9230.00    9250.00  0.000000000000000E+00  0.000000000000000E+00 0
 463    9250.00    9270.00  0.000000000000000E+00  0.000000000000000E+00 0
 464    9270.00    9290.00  0.000000000000000E+00  0.000000000000000E+00 0
 465    9290.00    9310.00  0.000000000000000E+00  0.000000000000000E+00 0
 466    9310.00    9330.00  0.000000000000000E+00  0.000000000000000E+00 0
 467    9330.00    9350.00  0.000000000000000E+00  0.000000000000000E+00 0
 468    9350.00    9370.00  0.000000000000000E+00  0.000000000000000E+00 0
 469    9370.00    9390.00  0.000000000000000E+00  0.000000000000000E+00 0
 470    9390.00    9410.00  0.000000000000000E+00  0.000000000000000E+00 0
 471    9410.00    9430.00  0.000000000000000E+00  0.000000000000000E+00 0
 472    9430.00    9450.00  0.000000000000000E+00  0.000000000000000E+00 0
 473    9450.00    9470.00  0.000000000000000E+00  0.000000000000000E+00 0
 474    9470.00    9490.00  0.000000000000000E+00  0.000000000000000E+00 0
 475    9490.00    9510.00  0.000000000000000E+00  0.000000000000000E+00 0
 476    9510.00    9530.00  0.000000000000000E+00  0.000000000000000E+00 0
 477    9530.00    9550.00  0.000000000000000E+00  0.000000000000000E+00 0
 478    9550.00    9570.00  0.000000000000000E+00  0.000000000000000E+00 0
 479    9570.00    9590.00  0.000000000000000E+00  0.000000000000000E+00 0
 480    9590.00    9610.00  0.000000000000000E+00  0.000000000000000E+00 0
 481    9610.00    9630.00  0.000000000000000E+00  0.000000000000000E+00 0
 482    9630.00    9650.00  0.000000000000000E+00  0.000000000000000E+00 0
 483    9650.00    9670.00  0.000000000000000E+00  0.000000000000000E+00 0
 484    9670.00    9690.00  0.000000000000000E+00  0.000000000000000E+00 0
 485    9690.00    9710.00  0.000000000000000E+00  0.000000000000000E+00 0
 486    9710.00    9730.00  0.000000000000000E+00  0.000000000000000E+00 0
 487    9730.00    9750.00  0.000000000000000E+00  0.000000000000000E+00 0
 488    9750.00    9770.00  0.000000000000000E+00  0.000000000000000E+00 0
 489    9770.00    9790.00  0.000000000000000E+00  0.000000000000000E+00 0
 490    9790.00    9810.00  0.000000000000000E+00  0.000000000000000E+00 0
 491    9810.00    9830.00  0.000000000000000E+00  0.000000000000000E+00 0
 492    9830.00    9850.00  0.000000000000000E+00  0.000000000000000E+00 0
 493    9850.00    9870.00  0.000000000000000E+00  0.000000000000000E+00 0
 494    9870.00    9890.00  0.000000000000000E+00  0.000000000000000E+00 0
 495    9890.00    9910.00  0.000000000000000E+00  0.000000000000000E+00 0
 496    9910.00    9930.00  0.000000000000000E+00  0.000000000000000E+00 0
 497    9930.00    9950.00  0.000000000000000E+00  0.000000000000000E+00 0
 498    9950.00    9970.00  0.000000000000000E+00  0.000000000000000E+00 0
 499    9970.00    9990.00  0.000000000000000E+00  0.000000000000000E+00 0
 500    9990.00   10010.00  0.000000000000000E+00  0.000000000000000E+00 0
 501   10010.00   10030.00  0.000000000000000E+00  0.000000000000000E+00 0
 502   10030.00   10050.00  0.000000000000000E+00  0.000000000000000E+00 0
 503   10050.00   10070.00  0.000000000000000E+00  0.000000000000000E+00 0
 504   10070.00   10090.00  0.000000000000000E+00  0.000000000000000E+00 0
 505   10090.00   10110.00  0.000000000000000E+00  0.000000000000000E+00 0
 506   10110.00   10130.00  0.000000000000000E+00  0.000000000000000E+00 0
 507   10130.00   10150.00  0.000000000000000E+00  0.000000000000000E+00 0
 508   10150.00   10170.00  0.000000000000000E+00  0.000000000000000E+00 0
 509   10170.00   10190.00  0.000000000000000E+00  0.000000000000000E+00 0
 510   10190.00   10210.00  0.000000000000000E+00  0.000000000000000E+00 0
 511   10210.00   10230.00  0.000000000000000E+00  0.000000000000000E+00 0
 512   10230.00   10250.00  0.000000000000000E+00  0.000000000000000E+00 0
 513   10250.00   10270.00  0.000000000000000E+00  0.000000000000000E+00 0
 514   10270.00   10290.00  0.000000000000000E+00  0.000000000000000E+00 0
 515   10290.00   10310.00  0.000000000000000E+00  0.000000000000000E+00 0
 516   10310.00   10330.00  0.000000000000000E+00  0.000000000000000E+00 0
 517   10330.00   10350.00  0.000000000000000E+00  0.000000000000000E+00 0
 518   10350.00   10370.00  0.000000000000000E+00  0.000000000000000E+00 0
 519   10370.00   10390.00  0.000000000000000E+00  0.000000000000000E+00 0
 520   10390.00   10410.00  0.000000000000000E+00  0.000000000000000E+00 0
 521   10410.00   10430.00  0.000000000000000E+00  0.000000000000000E+00 0
 522   10430.00   10450.00  0.000000000000000E+00  0.000000000000000E+00 0
 523   10450.00   10470.00  0.000000000000000E+00  0.000000000000000E+00 0
 524   10470.00   10490.00  0.000000000000000E+00  0.000000000000000E+00 0
 525   10490.00   10510.00  0.000000000000000E+00  0.000000000000000E+00 0
 526   10510.00   10530.00  0.000000000000000E+00  0.000000000000000E+00 0
 527   10530.00   10550.00  0.000000000000000E+00  0.000000000000000E+00 0
 528   10550.00   10570.00  0.000000000000000E+00  0.000000000000000E+00 0
 529   10570.00   10590.00  0.000000000000000E+00  0.000000000000000E+00 0
 530   10590.00   10610.00  0.000000000000000E+00  0.000000000000000E+00 0
 531   10610.00   10630.00  0.000000000000000E+00  0.000000000000000E+00 0
 532   10630.00   10650.00  0.000000000000000E+00  0.000000000000000E+00 0
 533   10650.00   10670.00  0.000000000000000E+00  0.000000000000000E+00 0
 534   10670.00   10690.00  0.000000000000000E+00  0.000000000000000E+00 0
 535   10690.00   10710.00  0.000000000000000E+00  0.000000000000000E+00 0
 536   10710.00   10730.00  0.000000000000000E+00  0.000000000000000E+00 0
 537   10730.00   10750.00  0.000000000000000E+00  0.000000000000000E+00 0
 538   10750.00   10770.00  0.000000000000000E+00  0.000000000000000E+00 0
 539   10770.00   10790.00  0.000000000000000E+00  0.000000000000000E+00 0
 540   10790.00   10810.00  0.000000000000000E+00  0.000000000000000E+00 0
 541   10810.00   10830.00  0.000000000000000E+00  0.000000000000000E+00 0
 542   10830.00   10850.00  0.000000000000000E+00  0.000000000000000E+00 0
 543   10850.00   10870.00  0.000000000000000E+00  0.000000000000000E+00 0
 544   10870.00   10890.00  0.000000000000000E+00  0.000000000000000E+00 0
 545   10890.00   10910.00  0.000000000000000E+00  0.000000000000000E+00 0
 546   10910.00   10930.00  0.000000000000000E+00  0.000000000000000E+00 0
 547   10930.00   10950.00  0.000000000000000E+00  0.000000000000000E+00 0
 548   10950.00   10970.00  0.000000000000000E+00  0.000000000000000E+00 0
 549   10970.00   10990.00  0.000000000000000E+00  0.000000000000000E+00 0
 550   10990.00   11010.00  0.000000000000000E+00  0.000000000000000E+00 0
 551   11010.00   11030.00  0.000000000000000E+00  0.000000000000000E+00 0
 552   11030.00   11050.00  0.000000000000000E+00  0.000000000000000E+00 0
 553   11050.00   11070.00  0.000000000000000E+00  0.000000000000000E+00 0
 554   11070.00   11090.00  0.000000000000000E+00  0.000000000000000E+00 0
 555   11090.00   11110.00  0.000000000000000E+00  0.000000000000000E+00 0
 556   11110.00   11130.00  0.000000000000000E+00  0.000000000000000E+00 0
 557   11130.00   11150.00  0.000000000000000E+00  0.000000000000000E+00 0
 558   11150.00   11170.00  0.000000000000000E+00  0.000000000000000E+00 0
 559   11170.00   11190.00  0.000000000000000E+00  0.000000000000000E+00 0
 560   11190.00   11210.00  0.000000000000000E+00  0.000000000000000E+00 0
 561   11210.00   11230.00  0.000000000000000E+00  0.000000000000000E+00 0
 562   11230.00   11250.00  0.000000000000000E+00  0.000000000000000E+00 0
 563   11250.00   11270.00  0.000000000000000E+00  0.000000000000000E+00 0
 564   11270.00   11290.00  0.000000000000000E+00  0.000000000000000E+00 0
 565   11290.00   11310.00  0.000000000000000E+00  0.000000000000000E+00 0
 566   11310.00   11330.00  0.000000000000000E+00  0.000000000000000E+00 0
 567   11330.00   11350.00  0.000000000000000E+00  0.000000000000000E+00 0
 568   11350.00   11370.00  0.000000000000000E+00  0.000000000000000E+00 0
 569   11370.00   11390.00  0.000000000000000E+00  0.000000000000000E+00 0
 570   11390.00   11410.00  0.000000000000000E+00  0.000000000000000E+00 0
 571   11410.00   11430.00  0.000000000000000E+00  0.000000000000000E+00 0
 572   11430.00   11450.00  0.000000000000000E+00  0.000000000000000E+00 0
 573   11450.00   11470.00  0.000000000000000E+00  0.000000000000000E+00 0
 574   11470.00   11490.00  0.000000000000000E+00  0.000000000000000E+00 0
 575   11490.00   11510.00  0.000000000000000E+00  0.000000000000000E+00 0
 576   11510.00   11530.00  0.000000000000000E+00  0.000000000000000E+00 0
 577   11530.00   11550.00  0.000000000000000E+00  0.000000000000000E+00 0
 578   11550.00   11570.00  0.000000000000000E+00  0.000000000000000E+00 0
 579   11570.00   11590.00  0.000000000000000E+00  0.000000000000000E+00 0
 580   11590.00   11610.00  0.000000000000000E+00  0.000000000000000E+00 0
 581   11610.00   11630.00  0.000000000000000E+00  0.000000000000000E+00 0
 582   11630.00   11650.00  0.000000000000000E+00  0.000000000000000E+00 0
 583   11650.00   11670.00  0.000000000000000E+00  0.000000000000000E+00 0
 584   11670.00   11690.00  0.000000000000000E+00  0.000000000000000E+00 0
 585   11690.00   11710.00  0.000000000000000E+00  0.000000000000000E+00 0
 586   11710.00   11730.00  0.000000000000000E+00  0.000000000000000E+00 0
 587   11730.00   11750.00  0.000000000000000E+00  0.000000000000000E+00 0
 588   11750.00   11770.00  0.000000000000000E+00  0.000000000000000E+00 0
 589   11770.00   11790.00  0.000000000000000E+00  0.000000000000000E+00 0
 590   11790.00   11810.00  0.000000000000000E+00  0.000000000000000E+00 0
 591   11810.00   11830.00  0.000000000000000E+00  0.000000000000000E+00 0
 592   11830.00   11850.00  0.000000000000000E+00  0.000000000000000E+00 0
 593   11850.00   11870.00  0.000000000000000E+00  0.000000000000000E+00 0
 594   11870.00   11890.00  0.000000000000000E+00  0.000000000000000E+00 0
 595   11890.00   11910.00  0.000000000000000E+00  0.000000000000000E+00 0
 596   11910.00   11930.00  0.000000000000000E+00  0.000000000000000E+00 0
 597   11930.00   11950.00  0.000000000000000E+00  0.000000000000000E+00 0
 598   11950.00   11970.00  0.000000000000000E+00  0.000000000000000E+00 0
 599   11970.00   11990.00  0.000000000000000E+00  0.000000000000000E+00 0
 600   11990.00   12010.00  0.000000000000000E+00  0.000000000000000E+00 0
 601   12010.00   12030.00  0.000000000000000E+00  0.000000000000000E+00 0
 602   12030.00   12050.00  0.000000000000000E+00  0.000000000000000E+00 0
 603   12050.00   12070.00  0.000000000000000E+00  0.000000000000000E+00 0
 604   12070.00   12090.00  0.000000000000000E+00  0.000000000000000E+00 0
 605   12090.00   12110.00  0.000000000000000E+00  0.000000000000000E+00 0
 606   12110.00   12130.00  0.000000000000000E+00  0.000000000000000E+00 0
 607   12130.00   12150.00  0.000000000000000E+00  0.000000000000000E+00 0
 608   12150.00   12170.00  0.000000000000000E+00  0.000000000000000E+00 0
 609   12170.00   12190.00  0.000000000000000E+00  0.000000000000000E+00 0
 610   12190.00   12210.00  0.000000000000000E+00  0.000000000000000E+00 0
 611   12210.00   12230.00  0.000000000000000E+00  0.000000000000000E+00 0
 612   12230.00   12250.00  0.000000000000000E+00  0.000000000000000E+00 0
 613   12250.00   12270.00  0.000000000000000E+00  0.000000000000000E+00 0
 614   12270.00   12290.00  0.000000000000000E+00  0.000000000000000E+00 0
 615   12290.00   12310.00  0.000000000000000E+00  0.000000000000000E+00 0
 616   12310.00   12330.00  0.000000000000000E+00  0.000000000000000E+00 0
 617   12330.00   12350.00  0.000000000000000E+00  0.000000000000000E+00 0
 618   12350.00   12370.00  0.000000000000000E+00  0.000000000000000E+00 0
 619   12370.00   12390.00  0.000000000000000E+00  0.000000000000000E+00 0
 620   12390.00   12410.00  0.000000000000000E+00  0.000000000000000E+00 0
 621   12410.00   12430.00  0.000000000000000E+00  0.000000000000000E+00 0
 622   12430.00   12450.00  0.000000000000000E+00  0.000000000000000E+00 0
 623   12450.00   12470.00  0.000000000000000E+00  0.000000000000000E+00 0
 624   12470.00   12490.00  0.000000000000000E+00  0.000000000000000E+00 0
 625   12490.00   12510.00  0.000000000000000E+00  0.000000000000000E+00 0
 626   12510.00   12530.00  0.000000000000000E+00  0.000000000000000E+00 0
 627   12530.00   12550.00  0.000000000000000E+00  0.000000000000000E+00 0
 628   12550.00   12570.00  0.000000000000000E+00  0.000000000000000E+00 0
 629   12570.00   12590.00  0.000000000000000E+00  0.000000000000000E+00 0
 630   12590.00   12610.00  0.000000000000000E+00  0.000000000000000E+00 0
 631   12610.00   12630.00  0.000000000000000E+00  0.000000000000000E+00 0
 632   12630.00   12650.00  0.000000000000000E+00  0.000000000000000E+00 0
 633   12650.00   12670.00  0.000000000000000E+00  0.000000000000000E+00 0
 634   12670.00   12690.00  0.000000000000000E+00  0.000000000000000E+00 0
 635   12690.00   12710.00  0.000000000000000E+00  0.000000000000000E+00 0
 636   12710.00   12730.00  0.000000000000000E+00  0.000000000000000E+00 0
 637   12730.00   12750.00  0.000000000000000E+00  0.000000000000000E+00 0
 638   12750.00   12770.00  0.000000000000000E+00  0.000000000000000E+00 0
 639   12770.00   12790.00  0.000000000000000E+00  0.000000000000000E+00 0
 640   12790.00   12810.00  0.000000000000000E+00  0.000000000000000E+00 0
 641   12810.00   12830.00  0.000000000000000E+00  0.000000000000000E+00 0
 642   12830.00   12850.00  0.000000000000000E+00  0.000000000000000E+00 0
 643   12850.00   12870.00  0.000000000000000E+00  0.000000000000000E+00 0
 644   12870.00   12890.00  0.000000000000000E+00  0.000000000000000E+00 0
 645   12890.00   12910.00  0.000000000000000E+00  0.000000000000000E+00 0
 646   12910.00   12930.00  0.000000000000000E+00  0.000000000000000E+00 0
 647   12930.00   12950.00  0.000000000000000E+00  0.000000000000000E+00 0
 648   12950.00   12970.00  0.000000000000000E+00  0.000000000000000E+00 0
 649   12970.00   12990.00  0.000000000000000E+00  0.000000000000000E+00 0
 650   12990.00   13010.00  0.000000000000000E+00  0.000000000000000E+00 0
# Underflow:                 2.0157008205169157E-07  2.1269413787585686E-09 160856
# Overflow:                  0.0000000000000000E+00  0.0000000000000000E+00 0
#-------------------------------------------------------------------------------------
# Sum:                       6.8838849221751518E-04  4.0599043496469655E-07 50479000
#=====================================================================================
