# title = Transverse Momentum Jet Pair
# xlabel = $p_{\text{T},\text{j}_1\text{j}_2}\,$[GeV]
# ylabel = $\frac{\text{d}\sigma}{\text{d}p_{\text{T},\text{j}_1\text{j}_2}}\,\left[\frac{\text{fb}}{\text{GeV}}\right]$
# xmin=  0.000E+00
# xmax=  8.000E+02
# ymin=  1.000E-05
# ymax=  1.000E-02
# kmin= -5.000E+01
# kmax=  1.000E+01
# logscale = true
# Renormalization and factorization scale scaled by: 1.0000000000
# Renormalization scaled by: 1.0000000000
# Number of generated events: 1219030012
#
#=====================================================================================
# No.       Left      Right                   Value                   Error Hits
#-------------------------------------------------------------------------------------
   1       0.00      20.00  2.412836474714287E-04  4.233386164614363E-07 66781634
   2      20.00      40.00  6.630581864929040E-04  7.066210664758670E-07 129250210
   3      40.00      60.00  9.595739825207939E-04  8.664911809187023E-07 155154690
   4      60.00      80.00  1.129003723483918E-03  9.185269143816441E-07 168863230
   5      80.00     100.00  1.187418304941229E-03  9.761174178235507E-07 174826244
   6     100.00     120.00  1.159850388486616E-03  9.220282547828386E-07 173675101
   7     120.00     140.00  1.086049114467798E-03  9.214074399558824E-07 167674771
   8     140.00     160.00  9.891264919910329E-04  8.387222969056776E-07 158861080
   9     160.00     180.00  8.817545128351086E-04  7.609359034062202E-07 148667122
  10     180.00     200.00  7.786909015086253E-04  7.216409804847945E-07 137982056
  11     200.00     220.00  6.812998316025985E-04  6.531946010890840E-07 127428691
  12     220.00     240.00  5.930440010618183E-04  6.178412618664348E-07 117414213
  13     240.00     260.00  5.143166905283756E-04  5.384993220696552E-07 108118946
  14     260.00     280.00  4.452130913081761E-04  4.919540717435023E-07 99503807
  15     280.00     300.00  3.850882670890489E-04  4.540725134695688E-07 91628585
  16     300.00     320.00  3.325398741066226E-04  4.200207418981750E-07 84365973
  17     320.00     340.00  2.860109022543996E-04  3.734977502605543E-07 77675684
  18     340.00     360.00  2.467608368655368E-04  3.500270870179782E-07 71564588
  19     360.00     380.00  2.129428873102800E-04  3.196951450827116E-07 66064249
  20     380.00     400.00  1.843232711953697E-04  2.956020085184266E-07 61067672
  21     400.00     420.00  1.594732498116696E-04  2.715958709784923E-07 56562967
  22     420.00     440.00  1.377046617561996E-04  2.519854719804213E-07 52475806
  23     440.00     460.00  1.199625675990246E-04  2.335549579382641E-07 48768389
  24     460.00     480.00  1.041715694791841E-04  2.065061049361153E-07 45411097
  25     480.00     500.00  9.082208922890742E-05  1.935533664601106E-07 42306403
  26     500.00     520.00  7.895678443726790E-05  1.778578847895660E-07 39530525
  27     520.00     540.00  6.931294936119259E-05  1.656396600357784E-07 36958630
  28     540.00     560.00  6.045498702076524E-05  1.520856970422171E-07 34602715
  29     560.00     580.00  5.300843123231486E-05  1.420116258692869E-07 32435036
  30     580.00     600.00  4.644294803249584E-05  1.325394506513968E-07 30460610
  31     600.00     620.00  4.097344350536452E-05  1.230132114354501E-07 28635671
  32     620.00     640.00  3.588478761467166E-05  1.107580877883386E-07 26933468
  33     640.00     660.00  3.176151682501213E-05  1.081413669573361E-07 25367187
  34     660.00     680.00  2.798835485212796E-05  9.826461538645671E-08 23902172
  35     680.00     700.00  2.488621789890583E-05  9.689312504725481E-08 22572427
  36     700.00     720.00  2.203832763916177E-05  8.731135738250208E-08 21317179
  37     720.00     740.00  1.950086241461673E-05  7.687610961320399E-08 20148969
  38     740.00     760.00  1.725754200559540E-05  7.147854084798602E-08 19058142
  39     760.00     780.00  1.541294688368843E-05  6.662060827614148E-08 18042941
  40     780.00     800.00  1.364417669704179E-05  6.212665107425455E-08 17098483
  41     800.00     820.00  1.215249920625195E-05  5.894986965690396E-08 16204390
  42     820.00     840.00  1.085353348203826E-05  5.431980629786385E-08 15380112
  43     840.00     860.00  9.659518393887956E-06  5.103668366469619E-08 14600350
  44     860.00     880.00  8.630994003394652E-06  4.699547060843473E-08 13873316
  45     880.00     900.00  7.725781917721099E-06  4.442849660294492E-08 13182038
  46     900.00     920.00  6.992006508518289E-06  4.350714665884824E-08 12536668
  47     920.00     940.00  6.246786341607123E-06  3.970086634121950E-08 11931256
  48     940.00     960.00  5.647817498557433E-06  3.810638982940519E-08 11366015
  49     960.00     980.00  5.016507477573321E-06  3.429535578020286E-08 10829298
  50     980.00    1000.00  4.547468523532774E-06  3.156583096999733E-08 10323814
  51    1000.00    1020.00  4.096604085825856E-06  2.972340875143770E-08 9837246
  52    1020.00    1040.00  3.644906201540845E-06  2.819902933945939E-08 9385587
  53    1040.00    1060.00  3.338519773754875E-06  2.678044187785303E-08 8962619
  54    1060.00    1080.00  2.976825859798314E-06  2.411358846761517E-08 8555675
  55    1080.00    1100.00  2.682680438365589E-06  2.220550002924780E-08 8171492
  56    1100.00    1120.00  2.425908553166412E-06  2.208432508023225E-08 7813130
  57    1120.00    1140.00  2.217729924468170E-06  2.112458698169986E-08 7467981
  58    1140.00    1160.00  1.971688523100182E-06  1.897260125420850E-08 7138297
  59    1160.00    1180.00  1.820722653620378E-06  1.774230406732427E-08 6830532
  60    1180.00    1200.00  1.599774276670707E-06  1.577543879368695E-08 6531795
  61    1200.00    1220.00  1.500516218656794E-06  1.673669789096726E-08 6258733
  62    1220.00    1240.00  1.350717207617499E-06  1.598712116738612E-08 5991887
  63    1240.00    1260.00  1.208046848466486E-06  1.470498745462480E-08 5746168
  64    1260.00    1280.00  1.107461490053724E-06  1.313442241671758E-08 5504639
  65    1280.00    1300.00  9.909902906802929E-07  1.146492085894796E-08 5274627
  66    1300.00    1320.00  9.181738047723056E-07  1.266589114902770E-08 5062296
  67    1320.00    1340.00  8.308684311977785E-07  1.115704605849993E-08 4854599
  68    1340.00    1360.00  7.585396438192118E-07  1.016301268023193E-08 4660916
  69    1360.00    1380.00  6.880740384705439E-07  9.384808397046581E-09 4469162
  70    1380.00    1400.00  6.338482909337125E-07  9.847889720681012E-09 4291422
  71    1400.00    1420.00  5.721821508303168E-07  9.327813864504649E-09 4120265
  72    1420.00    1440.00  5.085112962753052E-07  7.290805969151731E-09 3957362
  73    1440.00    1460.00  4.793103161339529E-07  7.499066643963218E-09 3807665
  74    1460.00    1480.00  4.253176554089245E-07  6.488645313212566E-09 3660733
  75    1480.00    1500.00  3.766099618153478E-07  5.550626895850868E-09 3516053
  76    1500.00    1520.00  3.610358032618398E-07  6.193798086188653E-09 3382064
  77    1520.00    1540.00  3.259098974267282E-07  5.820602096159055E-09 3253361
  78    1540.00    1560.00  3.036136220715944E-07  5.832556368533701E-09 3124781
  79    1560.00    1580.00  2.707546414267121E-07  5.184918762001078E-09 3007710
  80    1580.00    1600.00  2.531021967614489E-07  5.768598869675974E-09 2893254
  81    1600.00    1620.00  2.313782665484664E-07  4.539237767352087E-09 2787372
  82    1620.00    1640.00  2.072045774844452E-07  4.354058923148324E-09 2684948
  83    1640.00    1660.00  1.892484804548545E-07  4.084510898369823E-09 2582803
  84    1660.00    1680.00  1.754758135617455E-07  3.747384167123427E-09 2486341
  85    1680.00    1700.00  1.616261532023387E-07  3.541359959992474E-09 2393655
  86    1700.00    1720.00  1.505003869042526E-07  3.588779665575028E-09 2309882
  87    1720.00    1740.00  1.311341706479548E-07  2.894316982036743E-09 2222316
  88    1740.00    1760.00  1.196852701144395E-07  2.610023175280951E-09 2145283
  89    1760.00    1780.00  1.103934917362577E-07  2.470503021814615E-09 2064739
  90    1780.00    1800.00  9.719508107000598E-08  2.275099834859502E-09 1992155
  91    1800.00    1820.00  8.748406978328237E-08  1.896265110468071E-09 1918851
  92    1820.00    1840.00  8.180832620195346E-08  1.998226335777388E-09 1853042
  93    1840.00    1860.00  7.948051659049708E-08  2.009825516807255E-09 1786292
  94    1860.00    1880.00  7.259744640796237E-08  2.193629260397269E-09 1723817
  95    1880.00    1900.00  6.616228655020196E-08  1.995348363611328E-09 1662566
  96    1900.00    1920.00  6.125679966391398E-08  1.852972820909167E-09 1605181
  97    1920.00    1940.00  5.599375309645569E-08  1.558571019919893E-09 1548497
  98    1940.00    1960.00  5.267517277051187E-08  1.817110132138187E-09 1491960
  99    1960.00    1980.00  4.364663953556658E-08  1.240429208343705E-09 1442120
 100    1980.00    2000.00  4.305754506690339E-08  1.395689093951407E-09 1391912
 101    2000.00    2020.00  3.872530432320749E-08  1.325201504189866E-09 1343806
 102    2020.00    2040.00  3.542838219021988E-08  1.105987263933976E-09 1296685
 103    2040.00    2060.00  3.490172605708473E-08  1.425577807817366E-09 1252721
 104    2060.00    2080.00  3.067398520522749E-08  1.319616223962343E-09 1208759
 105    2080.00    2100.00  2.765858128169966E-08  9.395407540861826E-10 1169275
 106    2100.00    2120.00  2.575151949573508E-08  8.259631489002733E-10 1128607
 107    2120.00    2140.00  2.502678366666704E-08  9.611514654477727E-10 1088594
 108    2140.00    2160.00  2.229640721141199E-08  8.908208448840551E-10 1051916
 109    2160.00    2180.00  1.963243497077262E-08  7.753276114920098E-10 1016344
 110    2180.00    2200.00  1.815664988450692E-08  6.308506399177055E-10 979672
 111    2200.00    2220.00  1.612832210747463E-08  5.950411421411659E-10 950055
 112    2220.00    2240.00  1.555930820604729E-08  6.615083357018983E-10 916064
 113    2240.00    2260.00  1.441671368199991E-08  5.380438445972299E-10 888059
 114    2260.00    2280.00  1.495574011734492E-08  7.548442651583984E-10 856363
 115    2280.00    2300.00  1.203742712182431E-08  5.078449863788322E-10 825893
 116    2300.00    2320.00  1.122382586413525E-08  5.349447519030543E-10 800133
 117    2320.00    2340.00  9.840778237966201E-09  4.526012766950251E-10 772906
 118    2340.00    2360.00  8.447773398047668E-09  3.423992600100631E-10 747436
 119    2360.00    2380.00  8.756017304495152E-09  4.156383032382750E-10 721595
 120    2380.00    2400.00  8.539293449360807E-09  5.866221235070290E-10 698418
 121    2400.00    2420.00  6.818329481194195E-09  3.592503308560103E-10 675339
 122    2420.00    2440.00  6.313431946364900E-09  3.054557361711894E-10 653281
 123    2440.00    2460.00  6.491631755984022E-09  3.821264087969192E-10 630740
 124    2460.00    2480.00  5.363014609695173E-09  2.795850624932140E-10 610581
 125    2480.00    2500.00  5.065604308005270E-09  2.621132717425744E-10 590208
 126    2500.00    2520.00  4.585708664960323E-09  2.069396636181136E-10 571311
 127    2520.00    2540.00  4.543124018797831E-09  3.586960176739715E-10 553121
 128    2540.00    2560.00  3.874755907330501E-09  2.198333975485996E-10 532720
 129    2560.00    2580.00  3.458783467761291E-09  2.027236200668101E-10 515635
 130    2580.00    2600.00  3.121367843168942E-09  1.735333918260181E-10 498207
 131    2600.00    2620.00  2.926058034663226E-09  1.502175967347892E-10 483822
 132    2620.00    2640.00  2.632582912019614E-09  1.588280089828545E-10 465864
 133    2640.00    2660.00  2.477308876818962E-09  1.570190189998740E-10 452280
 134    2660.00    2680.00  2.276275585714353E-09  1.323808177898062E-10 436733
 135    2680.00    2700.00  2.534513082850459E-09  2.234996388334875E-10 422377
 136    2700.00    2720.00  1.983814275877559E-09  1.488039226784289E-10 408584
 137    2720.00    2740.00  1.829730916402971E-09  1.225806748466032E-10 394747
 138    2740.00    2760.00  1.776921414590175E-09  1.193236836728493E-10 382979
 139    2760.00    2780.00  1.537030413587722E-09  8.513773921069779E-11 371232
 140    2780.00    2800.00  1.535882175927521E-09  1.996343816183900E-10 358310
 141    2800.00    2820.00  1.137320511955111E-09  7.360691961337781E-11 346599
 142    2820.00    2840.00  9.791316561106117E-10  5.451115055279919E-11 335870
 143    2840.00    2860.00  1.106289648726644E-09  1.066932070485863E-10 324654
 144    2860.00    2880.00  9.806364411778677E-10  6.683918332553009E-11 313991
 145    2880.00    2900.00  8.864956627699396E-10  5.831229139360717E-11 303897
 146    2900.00    2920.00  1.115063974845560E-09  1.385143148254085E-10 293423
 147    2920.00    2940.00  6.653010610202744E-10  4.671737058297783E-11 283484
 148    2940.00    2960.00  7.133173474655378E-10  6.273194920231812E-11 274232
 149    2960.00    2980.00  7.294491890347112E-10  7.931460720976261E-11 265189
 150    2980.00    3000.00  5.536586330523767E-10  3.767307604694274E-11 256715
 151    3000.00    3020.00  5.330804571496764E-10  3.785598413058014E-11 247469
 152    3020.00    3040.00  4.804447541230681E-10  3.876586623573220E-11 241279
 153    3040.00    3060.00  4.916615727592210E-10  9.125705369132619E-11 232124
 154    3060.00    3080.00  4.134831850852792E-10  3.283242558665150E-11 224388
 155    3080.00    3100.00  3.840664406500286E-10  3.877419722655906E-11 218335
 156    3100.00    3120.00  3.494440034646845E-10  3.125515040540821E-11 211234
 157    3120.00    3140.00  2.768724224039800E-10  1.901010589162972E-11 203204
 158    3140.00    3160.00  2.741140764829041E-10  2.329779562275727E-11 197355
 159    3160.00    3180.00  2.677117065263861E-10  3.107321845813176E-11 191383
 160    3180.00    3200.00  2.526146938087702E-10  3.205900087908644E-11 183997
 161    3200.00    3220.00  2.749308659446476E-10  4.523824741354673E-11 177915
 162    3220.00    3240.00  1.905750796317701E-10  1.830712086359476E-11 172163
 163    3240.00    3260.00  1.718736250912581E-10  1.893808588280950E-11 165974
 164    3260.00    3280.00  1.831935668839666E-10  1.879180106152957E-11 161333
 165    3280.00    3300.00  1.459983861691199E-10  1.085604101292283E-11 155726
 166    3300.00    3320.00  1.230072923552011E-10  9.821217957321571E-12 151481
 167    3320.00    3340.00  1.544098009564906E-10  1.855641868823044E-11 145202
 168    3340.00    3360.00  1.263859596952296E-10  1.282182010476589E-11 140570
 169    3360.00    3380.00  1.230260103846221E-10  2.292867407810300E-11 135684
 170    3380.00    3400.00  1.108103965838294E-10  1.769475480149959E-11 131660
 171    3400.00    3420.00  8.156714609045028E-11  9.346760912283362E-12 127177
 172    3420.00    3440.00  7.141759872267063E-11  8.791421735206705E-12 123295
 173    3440.00    3460.00  9.805614001636067E-11  1.340365859733496E-11 118692
 174    3460.00    3480.00  6.896304625274788E-11  1.228114514812546E-11 115281
 175    3480.00    3500.00  7.141331740678405E-11  7.658544672978072E-12 110895
 176    3500.00    3520.00  5.149628996842112E-11  6.094218882476650E-12 106714
 177    3520.00    3540.00  4.917379604335388E-11  5.744482850869498E-12 103412
 178    3540.00    3560.00  4.022143932858854E-11  5.152052210051278E-12 100270
 179    3560.00    3580.00  4.086148908475126E-11  4.912960765804374E-12 96575
 180    3580.00    3600.00  5.613971527900462E-11  1.745366457863251E-11 93369
 181    3600.00    3620.00  2.988231708729530E-11  3.258140487893651E-12 90003
 182    3620.00    3640.00  2.710819523078485E-11  2.655327639173209E-12 87611
 183    3640.00    3660.00  3.560963552450702E-11  5.563586273261991E-12 84395
 184    3660.00    3680.00  2.593582585543045E-11  4.008875122115594E-12 81568
 185    3680.00    3700.00  2.494141775352146E-11  3.123540630538750E-12 78586
 186    3700.00    3720.00  1.840510151576264E-11  2.062708362673836E-12 75589
 187    3720.00    3740.00  2.076421205322443E-11  3.496985228848268E-12 73557
 188    3740.00    3760.00  1.875435973018869E-11  3.020811703629756E-12 70811
 189    3760.00    3780.00  1.436866296611976E-11  1.699811370989072E-12 68328
 190    3780.00    3800.00  1.684889655256297E-11  2.227314911684367E-12 65901
 191    3800.00    3820.00  1.176093766235033E-11  1.878587164166454E-12 63438
 192    3820.00    3840.00  1.022081850324536E-11  1.544866629685520E-12 61681
 193    3840.00    3860.00  9.616453573521187E-12  1.207729145669028E-12 59397
 194    3860.00    3880.00  7.208853247155059E-12  1.003496042459345E-12 57655
 195    3880.00    3900.00  1.119887197186835E-11  2.047293185180358E-12 55284
 196    3900.00    3920.00  9.888556295742866E-12  1.743628987199917E-12 53235
 197    3920.00    3940.00  1.104133388353492E-11  2.287085994033034E-12 51350
 198    3940.00    3960.00  5.779454807760124E-12  1.038843517348837E-12 49645
 199    3960.00    3980.00  8.177561242848245E-12  2.080438171192796E-12 47883
 200    3980.00    4000.00  5.668447146393313E-12  1.490851950944253E-12 46058
 201    4000.00    4020.00  6.555777374052971E-12  1.572927390016995E-12 44297
 202    4020.00    4040.00  4.018464027834396E-12  1.098093848222705E-12 42780
 203    4040.00    4060.00  3.486451210609424E-12  7.248485586440064E-13 41778
 204    4060.00    4080.00  4.047055453895053E-12  5.745734030378947E-13 39760
 205    4080.00    4100.00  2.742013953142410E-12  4.496422395525326E-13 38330
 206    4100.00    4120.00  2.266911261006783E-12  3.197609971171007E-13 36706
 207    4120.00    4140.00  3.342017197156554E-12  7.158182125964934E-13 35992
 208    4140.00    4160.00  2.708951113999638E-12  9.635737412017662E-13 34227
 209    4160.00    4180.00  3.144464840283434E-12  8.730289108214574E-13 32968
 210    4180.00    4200.00  1.461372195353034E-12  2.266530963972353E-13 31777
 211    4200.00    4220.00  1.945097114269848E-12  3.668936279762326E-13 30812
 212    4220.00    4240.00  1.081657793084700E-12  1.699134855331872E-13 29323
 213    4240.00    4260.00  1.485660226395240E-12  2.291145532368465E-13 28251
 214    4260.00    4280.00  1.536828651112533E-12  3.702514969961017E-13 27148
 215    4280.00    4300.00  8.419960418931697E-13  1.618348529400838E-13 26022
 216    4300.00    4320.00  7.141016306457996E-13  1.295878734774871E-13 25551
 217    4320.00    4340.00  7.646849380517061E-13  1.303291218874216E-13 24032
 218    4340.00    4360.00  6.420460698902287E-13  1.072202160239027E-13 23129
 219    4360.00    4380.00  5.789016014299319E-13  1.110857812435608E-13 22487
 220    4380.00    4400.00  4.705462418553089E-13  7.513432388578117E-14 21297
 221    4400.00    4420.00  3.783516755190965E-13  3.931483385834853E-14 20429
 222    4420.00    4440.00  3.748141920159867E-13  4.817839557372862E-14 19907
 223    4440.00    4460.00  3.315815694581396E-13  4.138471037211102E-14 19243
 224    4460.00    4480.00  2.576013272583626E-13  4.413250390327256E-14 18553
 225    4480.00    4500.00  2.820560624002212E-13  3.993843338558698E-14 17362
 226    4500.00    4520.00  3.173753110467340E-13  7.316831175768646E-14 16531
 227    4520.00    4540.00  2.456723860996682E-13  4.174259076067009E-14 16247
 228    4540.00    4560.00  2.240354889821588E-13  3.455489849017628E-14 15306
 229    4560.00    4580.00  1.397652288292756E-13  1.613075374803752E-14 14581
 230    4580.00    4600.00  2.063792215115442E-13  3.295781342385305E-14 14163
 231    4600.00    4620.00  1.211537395175978E-13  1.530482536339311E-14 13273
 232    4620.00    4640.00  9.257073125584852E-14  1.057905468444739E-14 13059
 233    4640.00    4660.00  1.232736502408166E-13  2.545495939049443E-14 12371
 234    4660.00    4680.00  9.251037208384622E-14  1.460909348993986E-14 11823
 235    4680.00    4700.00  1.869779264716821E-13  6.858787279706180E-14 11543
 236    4700.00    4720.00  7.495804352675963E-14  1.409807043523549E-14 10798
 237    4720.00    4740.00  5.817374001851667E-14  1.077477103074150E-14 10555
 238    4740.00    4760.00  5.935830524466394E-14  1.064885946129088E-14 9959
 239    4760.00    4780.00  6.047835773022673E-14  1.519270896671739E-14 9525
 240    4780.00    4800.00  3.774077585937363E-14  5.773644255810651E-15 9081
 241    4800.00    4820.00  5.369085063386923E-14  1.275796170929212E-14 8699
 242    4820.00    4840.00  2.202826872137458E-14  3.151999204119197E-15 8248
 243    4840.00    4860.00  2.294190879540878E-14  2.712038996571448E-15 7907
 244    4860.00    4880.00  2.332281384737889E-14  3.930318315830234E-15 7692
 245    4880.00    4900.00  2.047062719928128E-14  4.179111294172896E-15 7195
 246    4900.00    4920.00  1.557266455976488E-14  2.306572675094572E-15 6593
 247    4920.00    4940.00  1.280009166619029E-14  1.461960410939194E-15 6473
 248    4940.00    4960.00  1.013393124664596E-14  1.471486738642454E-15 6117
 249    4960.00    4980.00  1.261872930499962E-14  2.299195083150871E-15 5692
 250    4980.00    5000.00  8.459617734305179E-15  1.054714931083655E-15 5405
 251    5000.00    5020.00  1.684370050973604E-14  5.800003404998863E-15 5281
 252    5020.00    5040.00  6.314727554409354E-15  8.199776685814771E-16 4916
 253    5040.00    5060.00  4.151621086445317E-15  6.195633319362128E-16 4646
 254    5060.00    5080.00  5.481499006502357E-15  1.010224634088021E-15 4351
 255    5080.00    5100.00  6.100788499150401E-15  1.014239329254460E-15 4194
 256    5100.00    5120.00  8.985615293941408E-15  4.543079030022751E-15 4020
 257    5120.00    5140.00  4.626790281322063E-15  1.583613289397485E-15 3685
 258    5140.00    5160.00  3.800086625222404E-15  7.717924618041933E-16 3520
 259    5160.00    5180.00  2.696514137749714E-15  5.601557616730984E-16 3301
 260    5180.00    5200.00  2.815034865578161E-15  7.103053567553375E-16 3255
 261    5200.00    5220.00  9.220225901133949E-16  9.942895082383768E-17 2873
 262    5220.00    5240.00  1.764240085189576E-15  2.973962534572479E-16 2827
 263    5240.00    5260.00  1.097244814720754E-15  1.701564208454967E-16 2655
 264    5260.00    5280.00  1.654103471098056E-15  7.045492670853586E-16 2431
 265    5280.00    5300.00  1.655542727268430E-15  4.552778191033208E-16 2345
 266    5300.00    5320.00  5.878309622791361E-16  7.777381345749682E-17 2100
 267    5320.00    5340.00  1.121760553703380E-15  3.456149814434568E-16 2038
 268    5340.00    5360.00  5.964164123721511E-16  1.796275448842561E-16 1832
 269    5360.00    5380.00  4.535911032865415E-16  8.692761435413258E-17 1794
 270    5380.00    5400.00  5.005595800612787E-16  1.068237381471670E-16 1647
 271    5400.00    5420.00  2.666798784544771E-16  4.749625511632959E-17 1447
 272    5420.00    5440.00  4.077958951755450E-16  1.706466784543550E-16 1468
 273    5440.00    5460.00  4.291072014709003E-16  1.425231189330711E-16 1315
 274    5460.00    5480.00  2.873202294860364E-16  7.274978579455110E-17 1225
 275    5480.00    5500.00  1.237406420026985E-16  2.545945015203036E-17 1065
 276    5500.00    5520.00  1.156505675409247E-16  2.369880043798180E-17 1027
 277    5520.00    5540.00  9.330407502214603E-17  1.825557332663559E-17 960
 278    5540.00    5560.00  1.072934287627372E-16  4.161074784533955E-17 869
 279    5560.00    5580.00  8.178491869548356E-17  2.490146688730545E-17 861
 280    5580.00    5600.00  4.390448785898973E-17  1.189227751028888E-17 752
 281    5600.00    5620.00  4.372032270626843E-17  1.241393896276603E-17 678
 282    5620.00    5640.00  2.637963675820588E-17  5.778273641913150E-18 650
 283    5640.00    5660.00  2.456197738369565E-17  8.458493289140473E-18 576
 284    5660.00    5680.00  3.376062202696181E-17  1.209446132447997E-17 515
 285    5680.00    5700.00  7.411701906133104E-17  4.966605793319658E-17 467
 286    5700.00    5720.00  1.429364116416530E-17  4.011126539857866E-18 431
 287    5720.00    5740.00  5.278830864581415E-18  1.244987138327815E-18 368
 288    5740.00    5760.00  1.083434832577322E-17  3.291672540141783E-18 364
 289    5760.00    5780.00  3.904114672211496E-18  8.610838709432824E-19 319
 290    5780.00    5800.00  5.590767713385837E-18  1.466920404103918E-18 302
 291    5800.00    5820.00  3.958964825395001E-18  1.601843958660005E-18 235
 292    5820.00    5840.00  4.009134879051740E-18  1.917651544205130E-18 228
 293    5840.00    5860.00  1.859578516847527E-18  7.481901243414015E-19 181
 294    5860.00    5880.00  1.812505413859359E-18  1.157070963169043E-18 160
 295    5880.00    5900.00  6.941021479471681E-19  3.878579945597122E-19 138
 296    5900.00    5920.00  5.260463888976371E-19  2.150093524487430E-19 108
 297    5920.00    5940.00  3.376488153939654E-19  9.806453639755772E-20 108
 298    5940.00    5960.00  5.188531360713242E-19  4.001307118301238E-19 88
 299    5960.00    5980.00  4.086498585560332E-19  2.044526936157802E-19 83
 300    5980.00    6000.00  7.559222892208585E-20  2.924918011393788E-20 70
 301    6000.00    6020.00  4.658231373779105E-20  1.502402796923084E-20 62
 302    6020.00    6040.00  1.379058463692461E-18  1.345726338986397E-18 43
 303    6040.00    6060.00  2.042342695949404E-20  9.761691111710627E-21 42
 304    6060.00    6080.00  5.637138191186478E-20  3.016091383591076E-20 33
 305    6080.00    6100.00  2.105259354418884E-20  8.605651741525201E-21 31
 306    6100.00    6120.00  2.877198922026898E-21  1.522510721967525E-21 11
 307    6120.00    6140.00  4.617739921846117E-22  2.100403278279385E-22 20
 308    6140.00    6160.00  2.821002867519597E-21  2.674043866599138E-21 9
 309    6160.00    6180.00  2.548998087516474E-21  1.416671442853817E-21 8
 310    6180.00    6200.00  1.510138853116776E-21  1.423621472839912E-21 7
 311    6200.00    6220.00  5.873118079549159E-23  5.826722422077957E-23 3
 312    6220.00    6240.00  8.929259617579702E-28  8.386542163142991E-28 2
 313    6240.00    6260.00  6.246988547930938E-22  3.701137197067366E-22 3
 314    6260.00    6280.00  0.000000000000000E+00  0.000000000000000E+00 0
 315    6280.00    6300.00  0.000000000000000E+00  0.000000000000000E+00 0
 316    6300.00    6320.00  0.000000000000000E+00  0.000000000000000E+00 0
 317    6320.00    6340.00  0.000000000000000E+00  0.000000000000000E+00 0
 318    6340.00    6360.00  0.000000000000000E+00  0.000000000000000E+00 0
 319    6360.00    6380.00  0.000000000000000E+00  0.000000000000000E+00 0
 320    6380.00    6400.00  0.000000000000000E+00  0.000000000000000E+00 0
 321    6400.00    6420.00  0.000000000000000E+00  0.000000000000000E+00 0
 322    6420.00    6440.00  0.000000000000000E+00  0.000000000000000E+00 0
 323    6440.00    6460.00  0.000000000000000E+00  0.000000000000000E+00 0
 324    6460.00    6480.00  0.000000000000000E+00  0.000000000000000E+00 0
 325    6480.00    6500.00  0.000000000000000E+00  0.000000000000000E+00 0
 326    6500.00    6520.00  0.000000000000000E+00  0.000000000000000E+00 0
 327    6520.00    6540.00  0.000000000000000E+00  0.000000000000000E+00 0
 328    6540.00    6560.00  0.000000000000000E+00  0.000000000000000E+00 0
 329    6560.00    6580.00  0.000000000000000E+00  0.000000000000000E+00 0
 330    6580.00    6600.00  0.000000000000000E+00  0.000000000000000E+00 0
 331    6600.00    6620.00  0.000000000000000E+00  0.000000000000000E+00 0
 332    6620.00    6640.00  0.000000000000000E+00  0.000000000000000E+00 0
 333    6640.00    6660.00  0.000000000000000E+00  0.000000000000000E+00 0
 334    6660.00    6680.00  0.000000000000000E+00  0.000000000000000E+00 0
 335    6680.00    6700.00  0.000000000000000E+00  0.000000000000000E+00 0
 336    6700.00    6720.00  0.000000000000000E+00  0.000000000000000E+00 0
 337    6720.00    6740.00  0.000000000000000E+00  0.000000000000000E+00 0
 338    6740.00    6760.00  0.000000000000000E+00  0.000000000000000E+00 0
 339    6760.00    6780.00  0.000000000000000E+00  0.000000000000000E+00 0
 340    6780.00    6800.00  0.000000000000000E+00  0.000000000000000E+00 0
 341    6800.00    6820.00  0.000000000000000E+00  0.000000000000000E+00 0
 342    6820.00    6840.00  0.000000000000000E+00  0.000000000000000E+00 0
 343    6840.00    6860.00  0.000000000000000E+00  0.000000000000000E+00 0
 344    6860.00    6880.00  0.000000000000000E+00  0.000000000000000E+00 0
 345    6880.00    6900.00  0.000000000000000E+00  0.000000000000000E+00 0
 346    6900.00    6920.00  0.000000000000000E+00  0.000000000000000E+00 0
 347    6920.00    6940.00  0.000000000000000E+00  0.000000000000000E+00 0
 348    6940.00    6960.00  0.000000000000000E+00  0.000000000000000E+00 0
 349    6960.00    6980.00  0.000000000000000E+00  0.000000000000000E+00 0
 350    6980.00    7000.00  0.000000000000000E+00  0.000000000000000E+00 0
 351    7000.00    7020.00  0.000000000000000E+00  0.000000000000000E+00 0
 352    7020.00    7040.00  0.000000000000000E+00  0.000000000000000E+00 0
 353    7040.00    7060.00  0.000000000000000E+00  0.000000000000000E+00 0
 354    7060.00    7080.00  0.000000000000000E+00  0.000000000000000E+00 0
 355    7080.00    7100.00  0.000000000000000E+00  0.000000000000000E+00 0
 356    7100.00    7120.00  0.000000000000000E+00  0.000000000000000E+00 0
 357    7120.00    7140.00  0.000000000000000E+00  0.000000000000000E+00 0
 358    7140.00    7160.00  0.000000000000000E+00  0.000000000000000E+00 0
 359    7160.00    7180.00  0.000000000000000E+00  0.000000000000000E+00 0
 360    7180.00    7200.00  0.000000000000000E+00  0.000000000000000E+00 0
 361    7200.00    7220.00  0.000000000000000E+00  0.000000000000000E+00 0
 362    7220.00    7240.00  0.000000000000000E+00  0.000000000000000E+00 0
 363    7240.00    7260.00  0.000000000000000E+00  0.000000000000000E+00 0
 364    7260.00    7280.00  0.000000000000000E+00  0.000000000000000E+00 0
 365    7280.00    7300.00  0.000000000000000E+00  0.000000000000000E+00 0
 366    7300.00    7320.00  0.000000000000000E+00  0.000000000000000E+00 0
 367    7320.00    7340.00  0.000000000000000E+00  0.000000000000000E+00 0
 368    7340.00    7360.00  0.000000000000000E+00  0.000000000000000E+00 0
 369    7360.00    7380.00  0.000000000000000E+00  0.000000000000000E+00 0
 370    7380.00    7400.00  0.000000000000000E+00  0.000000000000000E+00 0
 371    7400.00    7420.00  0.000000000000000E+00  0.000000000000000E+00 0
 372    7420.00    7440.00  0.000000000000000E+00  0.000000000000000E+00 0
 373    7440.00    7460.00  0.000000000000000E+00  0.000000000000000E+00 0
 374    7460.00    7480.00  0.000000000000000E+00  0.000000000000000E+00 0
 375    7480.00    7500.00  0.000000000000000E+00  0.000000000000000E+00 0
 376    7500.00    7520.00  0.000000000000000E+00  0.000000000000000E+00 0
 377    7520.00    7540.00  0.000000000000000E+00  0.000000000000000E+00 0
 378    7540.00    7560.00  0.000000000000000E+00  0.000000000000000E+00 0
 379    7560.00    7580.00  0.000000000000000E+00  0.000000000000000E+00 0
 380    7580.00    7600.00  0.000000000000000E+00  0.000000000000000E+00 0
 381    7600.00    7620.00  0.000000000000000E+00  0.000000000000000E+00 0
 382    7620.00    7640.00  0.000000000000000E+00  0.000000000000000E+00 0
 383    7640.00    7660.00  0.000000000000000E+00  0.000000000000000E+00 0
 384    7660.00    7680.00  0.000000000000000E+00  0.000000000000000E+00 0
 385    7680.00    7700.00  0.000000000000000E+00  0.000000000000000E+00 0
 386    7700.00    7720.00  0.000000000000000E+00  0.000000000000000E+00 0
 387    7720.00    7740.00  0.000000000000000E+00  0.000000000000000E+00 0
 388    7740.00    7760.00  0.000000000000000E+00  0.000000000000000E+00 0
 389    7760.00    7780.00  0.000000000000000E+00  0.000000000000000E+00 0
 390    7780.00    7800.00  0.000000000000000E+00  0.000000000000000E+00 0
 391    7800.00    7820.00  0.000000000000000E+00  0.000000000000000E+00 0
 392    7820.00    7840.00  0.000000000000000E+00  0.000000000000000E+00 0
 393    7840.00    7860.00  0.000000000000000E+00  0.000000000000000E+00 0
 394    7860.00    7880.00  0.000000000000000E+00  0.000000000000000E+00 0
 395    7880.00    7900.00  0.000000000000000E+00  0.000000000000000E+00 0
 396    7900.00    7920.00  0.000000000000000E+00  0.000000000000000E+00 0
 397    7920.00    7940.00  0.000000000000000E+00  0.000000000000000E+00 0
 398    7940.00    7960.00  0.000000000000000E+00  0.000000000000000E+00 0
 399    7960.00    7980.00  0.000000000000000E+00  0.000000000000000E+00 0
 400    7980.00    8000.00  0.000000000000000E+00  0.000000000000000E+00 0
 401    8000.00    8020.00  0.000000000000000E+00  0.000000000000000E+00 0
 402    8020.00    8040.00  0.000000000000000E+00  0.000000000000000E+00 0
 403    8040.00    8060.00  0.000000000000000E+00  0.000000000000000E+00 0
 404    8060.00    8080.00  0.000000000000000E+00  0.000000000000000E+00 0
 405    8080.00    8100.00  0.000000000000000E+00  0.000000000000000E+00 0
 406    8100.00    8120.00  0.000000000000000E+00  0.000000000000000E+00 0
 407    8120.00    8140.00  0.000000000000000E+00  0.000000000000000E+00 0
 408    8140.00    8160.00  0.000000000000000E+00  0.000000000000000E+00 0
 409    8160.00    8180.00  0.000000000000000E+00  0.000000000000000E+00 0
 410    8180.00    8200.00  0.000000000000000E+00  0.000000000000000E+00 0
 411    8200.00    8220.00  0.000000000000000E+00  0.000000000000000E+00 0
 412    8220.00    8240.00  0.000000000000000E+00  0.000000000000000E+00 0
 413    8240.00    8260.00  0.000000000000000E+00  0.000000000000000E+00 0
 414    8260.00    8280.00  0.000000000000000E+00  0.000000000000000E+00 0
 415    8280.00    8300.00  0.000000000000000E+00  0.000000000000000E+00 0
 416    8300.00    8320.00  0.000000000000000E+00  0.000000000000000E+00 0
 417    8320.00    8340.00  0.000000000000000E+00  0.000000000000000E+00 0
 418    8340.00    8360.00  0.000000000000000E+00  0.000000000000000E+00 0
 419    8360.00    8380.00  0.000000000000000E+00  0.000000000000000E+00 0
 420    8380.00    8400.00  0.000000000000000E+00  0.000000000000000E+00 0
 421    8400.00    8420.00  0.000000000000000E+00  0.000000000000000E+00 0
 422    8420.00    8440.00  0.000000000000000E+00  0.000000000000000E+00 0
 423    8440.00    8460.00  0.000000000000000E+00  0.000000000000000E+00 0
 424    8460.00    8480.00  0.000000000000000E+00  0.000000000000000E+00 0
 425    8480.00    8500.00  0.000000000000000E+00  0.000000000000000E+00 0
 426    8500.00    8520.00  0.000000000000000E+00  0.000000000000000E+00 0
 427    8520.00    8540.00  0.000000000000000E+00  0.000000000000000E+00 0
 428    8540.00    8560.00  0.000000000000000E+00  0.000000000000000E+00 0
 429    8560.00    8580.00  0.000000000000000E+00  0.000000000000000E+00 0
 430    8580.00    8600.00  0.000000000000000E+00  0.000000000000000E+00 0
 431    8600.00    8620.00  0.000000000000000E+00  0.000000000000000E+00 0
 432    8620.00    8640.00  0.000000000000000E+00  0.000000000000000E+00 0
 433    8640.00    8660.00  0.000000000000000E+00  0.000000000000000E+00 0
 434    8660.00    8680.00  0.000000000000000E+00  0.000000000000000E+00 0
 435    8680.00    8700.00  0.000000000000000E+00  0.000000000000000E+00 0
 436    8700.00    8720.00  0.000000000000000E+00  0.000000000000000E+00 0
 437    8720.00    8740.00  0.000000000000000E+00  0.000000000000000E+00 0
 438    8740.00    8760.00  0.000000000000000E+00  0.000000000000000E+00 0
 439    8760.00    8780.00  0.000000000000000E+00  0.000000000000000E+00 0
 440    8780.00    8800.00  0.000000000000000E+00  0.000000000000000E+00 0
 441    8800.00    8820.00  0.000000000000000E+00  0.000000000000000E+00 0
 442    8820.00    8840.00  0.000000000000000E+00  0.000000000000000E+00 0
 443    8840.00    8860.00  0.000000000000000E+00  0.000000000000000E+00 0
 444    8860.00    8880.00  0.000000000000000E+00  0.000000000000000E+00 0
 445    8880.00    8900.00  0.000000000000000E+00  0.000000000000000E+00 0
 446    8900.00    8920.00  0.000000000000000E+00  0.000000000000000E+00 0
 447    8920.00    8940.00  0.000000000000000E+00  0.000000000000000E+00 0
 448    8940.00    8960.00  0.000000000000000E+00  0.000000000000000E+00 0
 449    8960.00    8980.00  0.000000000000000E+00  0.000000000000000E+00 0
 450    8980.00    9000.00  0.000000000000000E+00  0.000000000000000E+00 0
 451    9000.00    9020.00  0.000000000000000E+00  0.000000000000000E+00 0
 452    9020.00    9040.00  0.000000000000000E+00  0.000000000000000E+00 0
 453    9040.00    9060.00  0.000000000000000E+00  0.000000000000000E+00 0
 454    9060.00    9080.00  0.000000000000000E+00  0.000000000000000E+00 0
 455    9080.00    9100.00  0.000000000000000E+00  0.000000000000000E+00 0
 456    9100.00    9120.00  0.000000000000000E+00  0.000000000000000E+00 0
 457    9120.00    9140.00  0.000000000000000E+00  0.000000000000000E+00 0
 458    9140.00    9160.00  0.000000000000000E+00  0.000000000000000E+00 0
 459    9160.00    9180.00  0.000000000000000E+00  0.000000000000000E+00 0
 460    9180.00    9200.00  0.000000000000000E+00  0.000000000000000E+00 0
 461    9200.00    9220.00  0.000000000000000E+00  0.000000000000000E+00 0
 462    9220.00    9240.00  0.000000000000000E+00  0.000000000000000E+00 0
 463    9240.00    9260.00  0.000000000000000E+00  0.000000000000000E+00 0
 464    9260.00    9280.00  0.000000000000000E+00  0.000000000000000E+00 0
 465    9280.00    9300.00  0.000000000000000E+00  0.000000000000000E+00 0
 466    9300.00    9320.00  0.000000000000000E+00  0.000000000000000E+00 0
 467    9320.00    9340.00  0.000000000000000E+00  0.000000000000000E+00 0
 468    9340.00    9360.00  0.000000000000000E+00  0.000000000000000E+00 0
 469    9360.00    9380.00  0.000000000000000E+00  0.000000000000000E+00 0
 470    9380.00    9400.00  0.000000000000000E+00  0.000000000000000E+00 0
 471    9400.00    9420.00  0.000000000000000E+00  0.000000000000000E+00 0
 472    9420.00    9440.00  0.000000000000000E+00  0.000000000000000E+00 0
 473    9440.00    9460.00  0.000000000000000E+00  0.000000000000000E+00 0
 474    9460.00    9480.00  0.000000000000000E+00  0.000000000000000E+00 0
 475    9480.00    9500.00  0.000000000000000E+00  0.000000000000000E+00 0
 476    9500.00    9520.00  0.000000000000000E+00  0.000000000000000E+00 0
 477    9520.00    9540.00  0.000000000000000E+00  0.000000000000000E+00 0
 478    9540.00    9560.00  0.000000000000000E+00  0.000000000000000E+00 0
 479    9560.00    9580.00  0.000000000000000E+00  0.000000000000000E+00 0
 480    9580.00    9600.00  0.000000000000000E+00  0.000000000000000E+00 0
 481    9600.00    9620.00  0.000000000000000E+00  0.000000000000000E+00 0
 482    9620.00    9640.00  0.000000000000000E+00  0.000000000000000E+00 0
 483    9640.00    9660.00  0.000000000000000E+00  0.000000000000000E+00 0
 484    9660.00    9680.00  0.000000000000000E+00  0.000000000000000E+00 0
 485    9680.00    9700.00  0.000000000000000E+00  0.000000000000000E+00 0
 486    9700.00    9720.00  0.000000000000000E+00  0.000000000000000E+00 0
 487    9720.00    9740.00  0.000000000000000E+00  0.000000000000000E+00 0
 488    9740.00    9760.00  0.000000000000000E+00  0.000000000000000E+00 0
 489    9760.00    9780.00  0.000000000000000E+00  0.000000000000000E+00 0
 490    9780.00    9800.00  0.000000000000000E+00  0.000000000000000E+00 0
 491    9800.00    9820.00  0.000000000000000E+00  0.000000000000000E+00 0
 492    9820.00    9840.00  0.000000000000000E+00  0.000000000000000E+00 0
 493    9840.00    9860.00  0.000000000000000E+00  0.000000000000000E+00 0
 494    9860.00    9880.00  0.000000000000000E+00  0.000000000000000E+00 0
 495    9880.00    9900.00  0.000000000000000E+00  0.000000000000000E+00 0
 496    9900.00    9920.00  0.000000000000000E+00  0.000000000000000E+00 0
 497    9920.00    9940.00  0.000000000000000E+00  0.000000000000000E+00 0
 498    9940.00    9960.00  0.000000000000000E+00  0.000000000000000E+00 0
 499    9960.00    9980.00  0.000000000000000E+00  0.000000000000000E+00 0
 500    9980.00   10000.00  0.000000000000000E+00  0.000000000000000E+00 0
 501   10000.00   10020.00  0.000000000000000E+00  0.000000000000000E+00 0
 502   10020.00   10040.00  0.000000000000000E+00  0.000000000000000E+00 0
 503   10040.00   10060.00  0.000000000000000E+00  0.000000000000000E+00 0
 504   10060.00   10080.00  0.000000000000000E+00  0.000000000000000E+00 0
 505   10080.00   10100.00  0.000000000000000E+00  0.000000000000000E+00 0
 506   10100.00   10120.00  0.000000000000000E+00  0.000000000000000E+00 0
 507   10120.00   10140.00  0.000000000000000E+00  0.000000000000000E+00 0
 508   10140.00   10160.00  0.000000000000000E+00  0.000000000000000E+00 0
 509   10160.00   10180.00  0.000000000000000E+00  0.000000000000000E+00 0
 510   10180.00   10200.00  0.000000000000000E+00  0.000000000000000E+00 0
 511   10200.00   10220.00  0.000000000000000E+00  0.000000000000000E+00 0
 512   10220.00   10240.00  0.000000000000000E+00  0.000000000000000E+00 0
 513   10240.00   10260.00  0.000000000000000E+00  0.000000000000000E+00 0
 514   10260.00   10280.00  0.000000000000000E+00  0.000000000000000E+00 0
 515   10280.00   10300.00  0.000000000000000E+00  0.000000000000000E+00 0
 516   10300.00   10320.00  0.000000000000000E+00  0.000000000000000E+00 0
 517   10320.00   10340.00  0.000000000000000E+00  0.000000000000000E+00 0
 518   10340.00   10360.00  0.000000000000000E+00  0.000000000000000E+00 0
 519   10360.00   10380.00  0.000000000000000E+00  0.000000000000000E+00 0
 520   10380.00   10400.00  0.000000000000000E+00  0.000000000000000E+00 0
 521   10400.00   10420.00  0.000000000000000E+00  0.000000000000000E+00 0
 522   10420.00   10440.00  0.000000000000000E+00  0.000000000000000E+00 0
 523   10440.00   10460.00  0.000000000000000E+00  0.000000000000000E+00 0
 524   10460.00   10480.00  0.000000000000000E+00  0.000000000000000E+00 0
 525   10480.00   10500.00  0.000000000000000E+00  0.000000000000000E+00 0
 526   10500.00   10520.00  0.000000000000000E+00  0.000000000000000E+00 0
 527   10520.00   10540.00  0.000000000000000E+00  0.000000000000000E+00 0
 528   10540.00   10560.00  0.000000000000000E+00  0.000000000000000E+00 0
 529   10560.00   10580.00  0.000000000000000E+00  0.000000000000000E+00 0
 530   10580.00   10600.00  0.000000000000000E+00  0.000000000000000E+00 0
 531   10600.00   10620.00  0.000000000000000E+00  0.000000000000000E+00 0
 532   10620.00   10640.00  0.000000000000000E+00  0.000000000000000E+00 0
 533   10640.00   10660.00  0.000000000000000E+00  0.000000000000000E+00 0
 534   10660.00   10680.00  0.000000000000000E+00  0.000000000000000E+00 0
 535   10680.00   10700.00  0.000000000000000E+00  0.000000000000000E+00 0
 536   10700.00   10720.00  0.000000000000000E+00  0.000000000000000E+00 0
 537   10720.00   10740.00  0.000000000000000E+00  0.000000000000000E+00 0
 538   10740.00   10760.00  0.000000000000000E+00  0.000000000000000E+00 0
 539   10760.00   10780.00  0.000000000000000E+00  0.000000000000000E+00 0
 540   10780.00   10800.00  0.000000000000000E+00  0.000000000000000E+00 0
 541   10800.00   10820.00  0.000000000000000E+00  0.000000000000000E+00 0
 542   10820.00   10840.00  0.000000000000000E+00  0.000000000000000E+00 0
 543   10840.00   10860.00  0.000000000000000E+00  0.000000000000000E+00 0
 544   10860.00   10880.00  0.000000000000000E+00  0.000000000000000E+00 0
 545   10880.00   10900.00  0.000000000000000E+00  0.000000000000000E+00 0
 546   10900.00   10920.00  0.000000000000000E+00  0.000000000000000E+00 0
 547   10920.00   10940.00  0.000000000000000E+00  0.000000000000000E+00 0
 548   10940.00   10960.00  0.000000000000000E+00  0.000000000000000E+00 0
 549   10960.00   10980.00  0.000000000000000E+00  0.000000000000000E+00 0
 550   10980.00   11000.00  0.000000000000000E+00  0.000000000000000E+00 0
 551   11000.00   11020.00  0.000000000000000E+00  0.000000000000000E+00 0
 552   11020.00   11040.00  0.000000000000000E+00  0.000000000000000E+00 0
 553   11040.00   11060.00  0.000000000000000E+00  0.000000000000000E+00 0
 554   11060.00   11080.00  0.000000000000000E+00  0.000000000000000E+00 0
 555   11080.00   11100.00  0.000000000000000E+00  0.000000000000000E+00 0
 556   11100.00   11120.00  0.000000000000000E+00  0.000000000000000E+00 0
 557   11120.00   11140.00  0.000000000000000E+00  0.000000000000000E+00 0
 558   11140.00   11160.00  0.000000000000000E+00  0.000000000000000E+00 0
 559   11160.00   11180.00  0.000000000000000E+00  0.000000000000000E+00 0
 560   11180.00   11200.00  0.000000000000000E+00  0.000000000000000E+00 0
 561   11200.00   11220.00  0.000000000000000E+00  0.000000000000000E+00 0
 562   11220.00   11240.00  0.000000000000000E+00  0.000000000000000E+00 0
 563   11240.00   11260.00  0.000000000000000E+00  0.000000000000000E+00 0
 564   11260.00   11280.00  0.000000000000000E+00  0.000000000000000E+00 0
 565   11280.00   11300.00  0.000000000000000E+00  0.000000000000000E+00 0
 566   11300.00   11320.00  0.000000000000000E+00  0.000000000000000E+00 0
 567   11320.00   11340.00  0.000000000000000E+00  0.000000000000000E+00 0
 568   11340.00   11360.00  0.000000000000000E+00  0.000000000000000E+00 0
 569   11360.00   11380.00  0.000000000000000E+00  0.000000000000000E+00 0
 570   11380.00   11400.00  0.000000000000000E+00  0.000000000000000E+00 0
 571   11400.00   11420.00  0.000000000000000E+00  0.000000000000000E+00 0
 572   11420.00   11440.00  0.000000000000000E+00  0.000000000000000E+00 0
 573   11440.00   11460.00  0.000000000000000E+00  0.000000000000000E+00 0
 574   11460.00   11480.00  0.000000000000000E+00  0.000000000000000E+00 0
 575   11480.00   11500.00  0.000000000000000E+00  0.000000000000000E+00 0
 576   11500.00   11520.00  0.000000000000000E+00  0.000000000000000E+00 0
 577   11520.00   11540.00  0.000000000000000E+00  0.000000000000000E+00 0
 578   11540.00   11560.00  0.000000000000000E+00  0.000000000000000E+00 0
 579   11560.00   11580.00  0.000000000000000E+00  0.000000000000000E+00 0
 580   11580.00   11600.00  0.000000000000000E+00  0.000000000000000E+00 0
 581   11600.00   11620.00  0.000000000000000E+00  0.000000000000000E+00 0
 582   11620.00   11640.00  0.000000000000000E+00  0.000000000000000E+00 0
 583   11640.00   11660.00  0.000000000000000E+00  0.000000000000000E+00 0
 584   11660.00   11680.00  0.000000000000000E+00  0.000000000000000E+00 0
 585   11680.00   11700.00  0.000000000000000E+00  0.000000000000000E+00 0
 586   11700.00   11720.00  0.000000000000000E+00  0.000000000000000E+00 0
 587   11720.00   11740.00  0.000000000000000E+00  0.000000000000000E+00 0
 588   11740.00   11760.00  0.000000000000000E+00  0.000000000000000E+00 0
 589   11760.00   11780.00  0.000000000000000E+00  0.000000000000000E+00 0
 590   11780.00   11800.00  0.000000000000000E+00  0.000000000000000E+00 0
 591   11800.00   11820.00  0.000000000000000E+00  0.000000000000000E+00 0
 592   11820.00   11840.00  0.000000000000000E+00  0.000000000000000E+00 0
 593   11840.00   11860.00  0.000000000000000E+00  0.000000000000000E+00 0
 594   11860.00   11880.00  0.000000000000000E+00  0.000000000000000E+00 0
 595   11880.00   11900.00  0.000000000000000E+00  0.000000000000000E+00 0
 596   11900.00   11920.00  0.000000000000000E+00  0.000000000000000E+00 0
 597   11920.00   11940.00  0.000000000000000E+00  0.000000000000000E+00 0
 598   11940.00   11960.00  0.000000000000000E+00  0.000000000000000E+00 0
 599   11960.00   11980.00  0.000000000000000E+00  0.000000000000000E+00 0
 600   11980.00   12000.00  0.000000000000000E+00  0.000000000000000E+00 0
 601   12000.00   12020.00  0.000000000000000E+00  0.000000000000000E+00 0
 602   12020.00   12040.00  0.000000000000000E+00  0.000000000000000E+00 0
 603   12040.00   12060.00  0.000000000000000E+00  0.000000000000000E+00 0
 604   12060.00   12080.00  0.000000000000000E+00  0.000000000000000E+00 0
 605   12080.00   12100.00  0.000000000000000E+00  0.000000000000000E+00 0
 606   12100.00   12120.00  0.000000000000000E+00  0.000000000000000E+00 0
 607   12120.00   12140.00  0.000000000000000E+00  0.000000000000000E+00 0
 608   12140.00   12160.00  0.000000000000000E+00  0.000000000000000E+00 0
 609   12160.00   12180.00  0.000000000000000E+00  0.000000000000000E+00 0
 610   12180.00   12200.00  0.000000000000000E+00  0.000000000000000E+00 0
 611   12200.00   12220.00  0.000000000000000E+00  0.000000000000000E+00 0
 612   12220.00   12240.00  0.000000000000000E+00  0.000000000000000E+00 0
 613   12240.00   12260.00  0.000000000000000E+00  0.000000000000000E+00 0
 614   12260.00   12280.00  0.000000000000000E+00  0.000000000000000E+00 0
 615   12280.00   12300.00  0.000000000000000E+00  0.000000000000000E+00 0
 616   12300.00   12320.00  0.000000000000000E+00  0.000000000000000E+00 0
 617   12320.00   12340.00  0.000000000000000E+00  0.000000000000000E+00 0
 618   12340.00   12360.00  0.000000000000000E+00  0.000000000000000E+00 0
 619   12360.00   12380.00  0.000000000000000E+00  0.000000000000000E+00 0
 620   12380.00   12400.00  0.000000000000000E+00  0.000000000000000E+00 0
 621   12400.00   12420.00  0.000000000000000E+00  0.000000000000000E+00 0
 622   12420.00   12440.00  0.000000000000000E+00  0.000000000000000E+00 0
 623   12440.00   12460.00  0.000000000000000E+00  0.000000000000000E+00 0
 624   12460.00   12480.00  0.000000000000000E+00  0.000000000000000E+00 0
 625   12480.00   12500.00  0.000000000000000E+00  0.000000000000000E+00 0
 626   12500.00   12520.00  0.000000000000000E+00  0.000000000000000E+00 0
 627   12520.00   12540.00  0.000000000000000E+00  0.000000000000000E+00 0
 628   12540.00   12560.00  0.000000000000000E+00  0.000000000000000E+00 0
 629   12560.00   12580.00  0.000000000000000E+00  0.000000000000000E+00 0
 630   12580.00   12600.00  0.000000000000000E+00  0.000000000000000E+00 0
 631   12600.00   12620.00  0.000000000000000E+00  0.000000000000000E+00 0
 632   12620.00   12640.00  0.000000000000000E+00  0.000000000000000E+00 0
 633   12640.00   12660.00  0.000000000000000E+00  0.000000000000000E+00 0
 634   12660.00   12680.00  0.000000000000000E+00  0.000000000000000E+00 0
 635   12680.00   12700.00  0.000000000000000E+00  0.000000000000000E+00 0
 636   12700.00   12720.00  0.000000000000000E+00  0.000000000000000E+00 0
 637   12720.00   12740.00  0.000000000000000E+00  0.000000000000000E+00 0
 638   12740.00   12760.00  0.000000000000000E+00  0.000000000000000E+00 0
 639   12760.00   12780.00  0.000000000000000E+00  0.000000000000000E+00 0
 640   12780.00   12800.00  0.000000000000000E+00  0.000000000000000E+00 0
 641   12800.00   12820.00  0.000000000000000E+00  0.000000000000000E+00 0
 642   12820.00   12840.00  0.000000000000000E+00  0.000000000000000E+00 0
 643   12840.00   12860.00  0.000000000000000E+00  0.000000000000000E+00 0
 644   12860.00   12880.00  0.000000000000000E+00  0.000000000000000E+00 0
 645   12880.00   12900.00  0.000000000000000E+00  0.000000000000000E+00 0
 646   12900.00   12920.00  0.000000000000000E+00  0.000000000000000E+00 0
 647   12920.00   12940.00  0.000000000000000E+00  0.000000000000000E+00 0
 648   12940.00   12960.00  0.000000000000000E+00  0.000000000000000E+00 0
 649   12960.00   12980.00  0.000000000000000E+00  0.000000000000000E+00 0
 650   12980.00   13000.00  0.000000000000000E+00  0.000000000000000E+00 0
# Underflow:                 0.0000000000000000E+00  0.0000000000000000E+00 0
# Overflow:                  0.0000000000000000E+00  0.0000000000000000E+00 0
#-------------------------------------------------------------------------------------
# Sum:                       2.1721161818680709E-03  1.1544811787505085E-06 71479000
#=====================================================================================
