# title = W boson Transverse Momentum
# xlabel = $p_{\text{T},\text{W}}\,$[GeV]
# ylabel = $\frac{\text{d}\sigma}{\text{d}p_{\text{T},\text{W}}}\,\left[\frac{\text{fb}}{\text{GeV}}\right]$
# xmin=  0.000E+00
# xmax=  8.000E+02
# ymin=  1.000E-06
# ymax=  1.000E-02
# kmin= -5.000E+01
# kmax=  1.000E+01
# logscale = true
# Renormalization and factorization scale scaled by: 1.0000000000
# Renormalization scaled by: 1.0000000000
# Number of generated events: 1019943521
#
#=====================================================================================
# No.       Left      Right                   Value                   Error Hits
#-------------------------------------------------------------------------------------
   1       0.00      20.00  7.538332776004402E-07  1.244358562399298E-09 5308728
   2      20.00      40.00  1.861995705380774E-06  2.158371855018779E-09 8346745
   3      40.00      60.00  2.215477216356032E-06  2.461164897479230E-09 8328704
   4      60.00      80.00  2.052647894934952E-06  2.411588158247675E-09 7380957
   5      80.00     100.00  1.747216549573936E-06  2.282353024741205E-09 6431261
   6     100.00     120.00  1.428781417374331E-06  2.070655230346630E-09 5553687
   7     120.00     140.00  1.139023451703252E-06  1.787561022284860E-09 4769266
   8     140.00     160.00  8.967546348053831E-07  1.560934328799715E-09 4085614
   9     160.00     180.00  7.026468335305539E-07  1.353899933388619E-09 3511502
  10     180.00     200.00  5.544650884363253E-07  1.186832338931903E-09 3028902
  11     200.00     220.00  4.343192596861580E-07  9.989851238149258E-10 2626989
  12     220.00     240.00  3.419337903847476E-07  8.567464356330940E-10 2284758
  13     240.00     260.00  2.697260448131810E-07  7.429541034485147E-10 2004491
  14     260.00     280.00  2.134514382044704E-07  6.409851445812294E-10 1764462
  15     280.00     300.00  1.697934500619799E-07  5.687771542564612E-10 1561856
  16     300.00     320.00  1.338604842951322E-07  4.794892063199371E-10 1387951
  17     320.00     340.00  1.070297584948536E-07  4.157187997705078E-10 1239184
  18     340.00     360.00  8.584976617699860E-08  3.587448845213879E-10 1110851
  19     360.00     380.00  6.903159511240158E-08  3.056257569889307E-10 999523
  20     380.00     400.00  5.500659859082893E-08  2.630980054039098E-10 903369
  21     400.00     420.00  4.466541142241894E-08  2.338062868470681E-10 819618
  22     420.00     440.00  3.617242030386048E-08  1.982410202673430E-10 745319
  23     440.00     460.00  2.945136509955566E-08  1.735437397874331E-10 677646
  24     460.00     480.00  2.392788236540686E-08  1.505272500182808E-10 621001
  25     480.00     500.00  1.936801244599937E-08  1.312017005037426E-10 568460
  26     500.00     520.00  1.612358986957569E-08  1.148880596561540E-10 522556
  27     520.00     540.00  1.306742873868006E-08  9.732452678842676E-11 481280
  28     540.00     560.00  1.090758388396047E-08  8.634747899075819E-11 444071
  29     560.00     580.00  8.974389916044483E-09  7.422582282735303E-11 409761
  30     580.00     600.00  7.568665364072051E-09  6.701555986314261E-11 380493
  31     600.00     620.00  6.224083075693335E-09  5.680048826542199E-11 353410
  32     620.00     640.00  5.248270763812593E-09  5.078186374308157E-11 327842
  33     640.00     660.00  4.343678179107013E-09  4.405403094112829E-11 305129
  34     660.00     680.00  3.622210331003129E-09  3.788483127164375E-11 283177
  35     680.00     700.00  3.055354931399226E-09  3.527654108562426E-11 264556
  36     700.00     720.00  2.587139169691148E-09  2.970511181286698E-11 247713
  37     720.00     740.00  2.179866509265070E-09  2.476634550296455E-11 231101
  38     740.00     760.00  1.855721624315032E-09  2.338997707302067E-11 216788
  39     760.00     780.00  1.591944289909721E-09  1.982407451322484E-11 203783
  40     780.00     800.00  1.356359705344707E-09  1.749675491842270E-11 190190
  41     800.00     820.00  1.136480323208616E-09  1.532189242007852E-11 179151
  42     820.00     840.00  9.759658894080211E-10  1.312963876581622E-11 168460
  43     840.00     860.00  8.420188932907212E-10  1.230190540845934E-11 158073
  44     860.00     880.00  7.352999262291992E-10  1.051148367895503E-11 148975
  45     880.00     900.00  6.193335386293936E-10  9.094999191726690E-12 139525
  46     900.00     920.00  5.531773946646621E-10  8.910446648757874E-12 131840
  47     920.00     940.00  4.678036114658593E-10  7.142109218678163E-12 124946
  48     940.00     960.00  4.012615456115730E-10  6.481734886686974E-12 117295
  49     960.00     980.00  3.488914719079017E-10  5.884920248335113E-12 110727
  50     980.00    1000.00  3.077126773526374E-10  5.439294321498180E-12 105414
  51    1000.00    1020.00  2.746192969987826E-10  6.483526163204988E-12 99794
  52    1020.00    1040.00  2.355958876824035E-10  4.548794238968012E-12 93797
  53    1040.00    1060.00  1.973083088514039E-10  3.426866709475714E-12 89323
  54    1060.00    1080.00  1.829183807993517E-10  3.320662219258544E-12 84145
  55    1080.00    1100.00  1.597248512606464E-10  3.183407293561650E-12 79899
  56    1100.00    1120.00  1.391424467421642E-10  2.680142044147412E-12 75991
  57    1120.00    1140.00  1.256984085324418E-10  2.515966690255658E-12 72236
  58    1140.00    1160.00  1.103190796458706E-10  2.393182296690131E-12 68600
  59    1160.00    1180.00  9.287435310665439E-11  2.024477239512069E-12 65153
  60    1180.00    1200.00  8.459767548002833E-11  2.015125036695729E-12 62142
  61    1200.00    1220.00  7.595301304258224E-11  1.625088632542205E-12 59738
  62    1220.00    1240.00  6.784010207618151E-11  1.625430624135010E-12 56020
  63    1240.00    1260.00  6.215107172172310E-11  1.692496348150177E-12 53516
  64    1260.00    1280.00  5.020741213620623E-11  1.332186453394066E-12 51123
  65    1280.00    1300.00  4.721746511101511E-11  1.247296677668574E-12 48634
  66    1300.00    1320.00  4.204638058092048E-11  1.098456907016168E-12 45794
  67    1320.00    1340.00  3.735839102124422E-11  9.516657030810958E-13 44491
  68    1340.00    1360.00  3.439340491056481E-11  1.045048298711611E-12 42567
  69    1360.00    1380.00  3.144682085671086E-11  8.945476471311957E-13 40606
  70    1380.00    1400.00  2.667280669343514E-11  7.424844160708862E-13 38600
  71    1400.00    1420.00  2.324851347201353E-11  6.355573261366454E-13 36405
  72    1420.00    1440.00  2.288939960542326E-11  8.416115665698054E-13 35104
  73    1440.00    1460.00  2.008553504038218E-11  6.459876725285684E-13 33297
  74    1460.00    1480.00  1.935600026766309E-11  7.310113050567123E-13 32225
  75    1480.00    1500.00  1.572853681421261E-11  4.816904806608198E-13 30250
  76    1500.00    1520.00  1.469244820588231E-11  4.833170979049796E-13 29408
  77    1520.00    1540.00  1.244841441453946E-11  4.197773345655277E-13 28484
  78    1540.00    1560.00  1.197077157481186E-11  4.718433155539804E-13 26840
  79    1560.00    1580.00  1.066698183813757E-11  3.907658183758309E-13 25710
  80    1580.00    1600.00  9.544901912035981E-12  4.131800911804500E-13 24675
  81    1600.00    1620.00  9.330107474909454E-12  3.441234645519014E-13 23527
  82    1620.00    1640.00  7.421568237386051E-12  3.079119922575196E-13 22634
  83    1640.00    1660.00  6.984819938068268E-12  2.673454763725548E-13 21570
  84    1660.00    1680.00  6.700074635283087E-12  3.114198526075504E-13 20547
  85    1680.00    1700.00  6.294686267551853E-12  3.391099111408362E-13 20009
  86    1700.00    1720.00  5.595329348410046E-12  2.663714932275190E-13 19134
  87    1720.00    1740.00  4.898411067054543E-12  2.142664718888067E-13 18458
  88    1740.00    1760.00  4.441622995065712E-12  2.004493439430781E-13 17413
  89    1760.00    1780.00  4.040620119933834E-12  1.655848727693128E-13 16616
  90    1780.00    1800.00  3.532268935819196E-12  1.667980274227322E-13 16013
  91    1800.00    1820.00  3.266239804447439E-12  1.617639339942549E-13 15365
  92    1820.00    1840.00  3.014596461200230E-12  1.947931161501567E-13 14610
  93    1840.00    1860.00  2.978123655241633E-12  1.882305881043792E-13 14130
  94    1860.00    1880.00  2.650324833069344E-12  1.720112958756603E-13 13665
  95    1880.00    1900.00  2.568759117060487E-12  2.557458760593877E-13 13158
  96    1900.00    1920.00  2.153483697702858E-12  1.257343160968279E-13 12558
  97    1920.00    1940.00  2.058235398080328E-12  1.414837076532906E-13 12026
  98    1940.00    1960.00  1.771932098856030E-12  1.126289090528489E-13 11685
  99    1960.00    1980.00  1.551922562813928E-12  8.685352920440895E-14 11088
 100    1980.00    2000.00  1.381717281733202E-12  7.113708186571872E-14 10842
 101    2000.00    2020.00  1.308354608725606E-12  8.012805098977645E-14 10482
 102    2020.00    2040.00  1.335162414090479E-12  9.145245775710148E-14 10059
 103    2040.00    2060.00  9.645999730678866E-13  5.848360215329988E-14 9261
 104    2060.00    2080.00  1.076555616407635E-12  6.553650610846329E-14 9373
 105    2080.00    2100.00  9.588632568240249E-13  6.336108087141524E-14 8727
 106    2100.00    2120.00  8.857827417790622E-13  5.680276784660344E-14 8525
 107    2120.00    2140.00  7.241362856585099E-13  4.978044834543990E-14 8244
 108    2140.00    2160.00  7.609443833385128E-13  6.482857751383077E-14 7942
 109    2160.00    2180.00  6.802298494401868E-13  5.790261083672824E-14 7593
 110    2180.00    2200.00  6.032638958461318E-13  4.041779192300428E-14 7195
 111    2200.00    2220.00  5.871859873785633E-13  6.537164026208621E-14 7000
 112    2220.00    2240.00  5.262492107852766E-13  4.578257267130825E-14 6772
 113    2240.00    2260.00  5.061639085598190E-13  3.707726476780460E-14 6392
 114    2260.00    2280.00  4.223293927993848E-13  3.102486398445577E-14 6246
 115    2280.00    2300.00  3.850597463779735E-13  2.877867104424227E-14 5984
 116    2300.00    2320.00  3.830551724062358E-13  3.052892775991687E-14 5729
 117    2320.00    2340.00  3.189977462524176E-13  2.213442183966926E-14 5505
 118    2340.00    2360.00  3.244876431709726E-13  2.439312866055461E-14 5421
 119    2360.00    2380.00  3.042400432737075E-13  3.332886262705429E-14 5054
 120    2380.00    2400.00  2.666310587823111E-13  1.910519729935272E-14 4790
 121    2400.00    2420.00  2.231587697474804E-13  1.409760352429181E-14 4784
 122    2420.00    2440.00  2.582116570985014E-13  2.232929779299392E-14 4588
 123    2440.00    2460.00  1.931262229863338E-13  1.378495398338089E-14 4290
 124    2460.00    2480.00  1.930306756334628E-13  1.607057775251882E-14 4280
 125    2480.00    2500.00  1.729230853358728E-13  1.314156785474569E-14 4085
 126    2500.00    2520.00  1.681418044359019E-13  1.719343761368577E-14 3869
 127    2520.00    2540.00  1.486505558941926E-13  1.103976824903031E-14 3813
 128    2540.00    2560.00  1.674691626014522E-13  1.699463359057671E-14 3587
 129    2560.00    2580.00  1.466308059772770E-13  1.429768144395145E-14 3523
 130    2580.00    2600.00  1.456901033628481E-13  1.654790909389792E-14 3436
 131    2600.00    2620.00  1.159570808889995E-13  9.399112257480978E-15 3248
 132    2620.00    2640.00  1.023966328893766E-13  9.205623212952034E-15 3169
 133    2640.00    2660.00  9.954069554980834E-14  8.890486605327122E-15 2998
 134    2660.00    2680.00  1.218493832283537E-13  1.724002648914417E-14 2940
 135    2680.00    2700.00  8.818632250542504E-14  8.081768938521052E-15 2697
 136    2700.00    2720.00  7.650734870967028E-14  5.774532339621637E-15 2661
 137    2720.00    2740.00  7.431118726621837E-14  5.801915082005887E-15 2670
 138    2740.00    2760.00  7.760167820293595E-14  8.607567874839403E-15 2517
 139    2760.00    2780.00  7.703972935760223E-14  8.623739388040994E-15 2408
 140    2780.00    2800.00  7.218923461768644E-14  7.358024736834832E-15 2310
 141    2800.00    2820.00  6.756976792508942E-14  8.011153505089722E-15 2208
 142    2820.00    2840.00  5.433913857554475E-14  5.269755319092598E-15 2158
 143    2840.00    2860.00  4.368998007153844E-14  3.928555798228441E-15 2005
 144    2860.00    2880.00  5.229144262420008E-14  6.932561192601527E-15 1960
 145    2880.00    2900.00  4.347247114758889E-14  8.718740563646775E-15 1937
 146    2900.00    2920.00  5.989578975583255E-14  7.360127486111850E-15 1896
 147    2920.00    2940.00  4.508044450437090E-14  4.247414706910252E-15 1789
 148    2940.00    2960.00  3.871923191459048E-14  3.699807613934427E-15 1786
 149    2960.00    2980.00  3.522274410853348E-14  3.604413899642694E-15 1673
 150    2980.00    3000.00  3.055028391272387E-14  2.903603045199605E-15 1585
 151    3000.00    3020.00  2.495912960203583E-14  2.089830767953318E-15 1503
 152    3020.00    3040.00  3.006085588081192E-14  3.905511636240997E-15 1429
 153    3040.00    3060.00  3.086578648033460E-14  3.061852870219559E-15 1421
 154    3060.00    3080.00  2.530756410159513E-14  2.630811613492355E-15 1382
 155    3080.00    3100.00  2.411946856996991E-14  2.446102325286715E-15 1297
 156    3100.00    3120.00  3.195763860910614E-14  6.169450883293382E-15 1284
 157    3120.00    3140.00  2.864842735044527E-14  4.514211758919568E-15 1242
 158    3140.00    3160.00  2.347562381371142E-14  2.545168362975884E-15 1209
 159    3160.00    3180.00  2.493982947981678E-14  5.576811709556040E-15 1132
 160    3180.00    3200.00  1.751545708637605E-14  1.902343707777700E-15 1094
 161    3200.00    3220.00  1.935745840877804E-14  2.248034019702144E-15 1088
 162    3220.00    3240.00  1.662156255186453E-14  2.495545714042645E-15 980
 163    3240.00    3260.00  2.377367138383095E-14  4.594468889131061E-15 1013
 164    3260.00    3280.00  1.308480907315074E-14  1.521932984706844E-15 958
 165    3280.00    3300.00  1.415467934670301E-14  2.490739738029299E-15 879
 166    3300.00    3320.00  1.539341098712998E-14  2.365425194656040E-15 852
 167    3320.00    3340.00  1.593425411003672E-14  3.996706554114090E-15 859
 168    3340.00    3360.00  1.259361752368544E-14  1.783654204775518E-15 854
 169    3360.00    3380.00  1.350258427988685E-14  2.656782177156310E-15 745
 170    3380.00    3400.00  1.187291028788036E-14  2.469761621429898E-15 791
 171    3400.00    3420.00  7.390156511292691E-15  1.106227327717109E-15 685
 172    3420.00    3440.00  9.040336703777230E-15  1.648281470365285E-15 642
 173    3440.00    3460.00  1.814040468674916E-14  5.875586741934564E-15 654
 174    3460.00    3480.00  8.883541323536451E-15  1.383266529929551E-15 652
 175    3480.00    3500.00  7.312978503148878E-15  9.831338361101698E-16 589
 176    3500.00    3520.00  7.171896624886877E-15  9.043964972793855E-16 614
 177    3520.00    3540.00  6.676121413698758E-15  1.915913139517497E-15 555
 178    3540.00    3560.00  5.052356838483890E-15  8.474785690280269E-16 518
 179    3560.00    3580.00  4.481201097385228E-15  6.923610592703143E-16 499
 180    3580.00    3600.00  4.230142699197067E-15  7.552215156197208E-16 497
 181    3600.00    3620.00  5.457661662040857E-15  1.196658424732177E-15 484
 182    3620.00    3640.00  9.324849995993633E-15  3.863281884915360E-15 467
 183    3640.00    3660.00  4.057946485331088E-15  6.737388169930060E-16 429
 184    3660.00    3680.00  4.540598066254653E-15  1.035310298462929E-15 449
 185    3680.00    3700.00  3.747429687654017E-15  8.540930905742913E-16 399
 186    3700.00    3720.00  4.818072911691633E-15  1.100993738337119E-15 415
 187    3720.00    3740.00  7.586037020833166E-15  2.289512387203836E-15 387
 188    3740.00    3760.00  4.365508212138707E-15  1.103529776844007E-15 351
 189    3760.00    3780.00  3.131065619593994E-15  5.468356011991717E-16 348
 190    3780.00    3800.00  2.506842796052575E-15  3.507291744098495E-16 357
 191    3800.00    3820.00  2.940111960130108E-15  5.984029053445553E-16 321
 192    3820.00    3840.00  4.812859368278926E-15  1.454580396652818E-15 321
 193    3840.00    3860.00  3.702574159666010E-15  1.450060024542621E-15 282
 194    3860.00    3880.00  2.325640956500122E-15  5.439468347212533E-16 291
 195    3880.00    3900.00  2.908404789372281E-15  9.802827938750900E-16 263
 196    3900.00    3920.00  2.033837734517524E-15  6.594790578849772E-16 254
 197    3920.00    3940.00  2.090163983689853E-15  4.778302723077819E-16 265
 198    3940.00    3960.00  2.080986033575537E-15  4.189546660816921E-16 252
 199    3960.00    3980.00  1.289493894606108E-15  3.052008433220865E-16 244
 200    3980.00    4000.00  1.794708584043675E-15  7.141472324484556E-16 208
 201    4000.00    4020.00  2.074239788470337E-15  7.130013964969763E-16 227
 202    4020.00    4040.00  1.761156128015010E-15  5.832532644499958E-16 188
 203    4040.00    4060.00  8.021188827929929E-16  2.230076618433340E-16 185
 204    4060.00    4080.00  1.917107140532568E-15  6.657963546347550E-16 205
 205    4080.00    4100.00  1.924245709732635E-15  5.108843559170375E-16 182
 206    4100.00    4120.00  6.769698578578192E-16  1.344287233656764E-16 154
 207    4120.00    4140.00  1.714937211459023E-15  4.746332748828241E-16 168
 208    4140.00    4160.00  4.555178188995055E-16  9.871610322413068E-17 135
 209    4160.00    4180.00  4.874610613975350E-16  1.210803367546989E-16 135
 210    4180.00    4200.00  7.023454675098470E-16  1.860536777989293E-16 143
 211    4200.00    4220.00  9.899786341990461E-16  3.614481511057031E-16 147
 212    4220.00    4240.00  9.235585834978144E-16  3.724726057291848E-16 135
 213    4240.00    4260.00  1.050064207870144E-15  3.457533245590780E-16 121
 214    4260.00    4280.00  6.079490148919750E-16  2.383704897625185E-16 108
 215    4280.00    4300.00  5.004761019586176E-16  1.159305728023900E-16 149
 216    4300.00    4320.00  1.075222173905662E-15  3.810273687282174E-16 110
 217    4320.00    4340.00  2.625702525368379E-16  5.179188631606549E-17 102
 218    4340.00    4360.00  4.425526758478870E-16  1.920018969473842E-16 105
 219    4360.00    4380.00  1.217264195935620E-15  7.744890071876219E-16 99
 220    4380.00    4400.00  6.855563668222755E-16  2.047301454458138E-16 89
 221    4400.00    4420.00  3.330365907448567E-16  1.179098538664978E-16 90
 222    4420.00    4440.00  5.258134223868024E-16  2.012741026348148E-16 81
 223    4440.00    4460.00  2.477656135086062E-16  9.987968215499445E-17 71
 224    4460.00    4480.00  8.116818345069485E-17  2.571307791154610E-17 59
 225    4480.00    4500.00  2.343938476889978E-16  1.300095131219456E-16 76
 226    4500.00    4520.00  7.400971470599376E-16  5.939812595419194E-16 48
 227    4520.00    4540.00  1.615839893584449E-16  7.198236680763697E-17 60
 228    4540.00    4560.00  2.391766208907798E-16  9.779400177525760E-17 63
 229    4560.00    4580.00  1.845751810789011E-16  6.187887840147086E-17 62
 230    4580.00    4600.00  1.391514745612091E-16  5.432362135959221E-17 66
 231    4600.00    4620.00  1.912127387049648E-16  8.507120935940572E-17 48
 232    4620.00    4640.00  1.495456075344132E-16  6.497199484717265E-17 57
 233    4640.00    4660.00  3.744982852478018E-17  1.101779501721068E-17 44
 234    4660.00    4680.00  4.455617680168360E-17  2.209037426941435E-17 47
 235    4680.00    4700.00  4.794111227625430E-17  2.078375717631149E-17 43
 236    4700.00    4720.00  1.487876692943548E-16  7.972677738769269E-17 34
 237    4720.00    4740.00  4.602780369669153E-17  3.545218468870228E-17 28
 238    4740.00    4760.00  2.161601645193776E-17  9.437726829627537E-18 29
 239    4760.00    4780.00  3.346705889204163E-17  1.107795075126526E-17 41
 240    4780.00    4800.00  1.102315486434214E-16  6.717468241878710E-17 31
 241    4800.00    4820.00  7.772883166965915E-18  2.734031711066774E-18 25
 242    4820.00    4840.00  2.831460778439725E-17  1.746464549915952E-17 30
 243    4840.00    4860.00  9.973840395835032E-17  7.742502308903376E-17 28
 244    4860.00    4880.00  2.662689071801717E-17  1.570691281301309E-17 30
 245    4880.00    4900.00  1.342900874366254E-17  7.767800875305545E-18 17
 246    4900.00    4920.00  1.010884627720518E-17  4.800715591179893E-18 18
 247    4920.00    4940.00  2.223909215912922E-17  1.075741995066668E-17 28
 248    4940.00    4960.00  2.046200949551173E-17  1.327625531867000E-17 14
 249    4960.00    4980.00  1.258377780678225E-17  6.644823370729797E-18 17
 250    4980.00    5000.00  1.130240194240905E-17  6.136973357509945E-18 21
 251    5000.00    5020.00  8.965913164393276E-18  6.746137885793833E-18 16
 252    5020.00    5040.00  6.683997585786357E-18  4.797574231819739E-18 13
 253    5040.00    5060.00  9.733051339324316E-18  4.572713308975285E-18 18
 254    5060.00    5080.00  3.329949508354051E-18  1.929605470972640E-18 16
 255    5080.00    5100.00  6.863266297848577E-18  4.335161469744498E-18 17
 256    5100.00    5120.00  5.840993004884993E-18  2.738803817652649E-18 9
 257    5120.00    5140.00  1.435975056672029E-18  1.141435980683396E-18 6
 258    5140.00    5160.00  1.943078192517703E-18  1.133258182960010E-18 11
 259    5160.00    5180.00  2.788562277143741E-18  1.758277017549942E-18 14
 260    5180.00    5200.00  1.378307861444974E-18  1.260191134248416E-18 7
 261    5200.00    5220.00  6.213223262449582E-19  4.207674076813671E-19 5
 262    5220.00    5240.00  8.507774776216587E-19  7.431048150630269E-19 4
 263    5240.00    5260.00  5.088099646962398E-18  4.407928190805253E-18 8
 264    5260.00    5280.00  1.859288451295692E-18  1.342752948658565E-18 9
 265    5280.00    5300.00  2.528523496220152E-17  2.179240412588402E-17 7
 266    5300.00    5320.00  7.864806664089300E-19  6.515208587751357E-19 6
 267    5320.00    5340.00  5.014533615776465E-20  4.554499394910394E-20 3
 268    5340.00    5360.00  3.892466030089730E-18  3.855174504343471E-18 5
 269    5360.00    5380.00  5.861141717267821E-19  2.983995518539879E-19 6
 270    5380.00    5400.00  3.834834130604113E-19  3.602037502019455E-19 4
 271    5400.00    5420.00  4.559105327828388E-18  3.874577895436024E-18 8
 272    5420.00    5440.00  1.709217973100281E-19  1.236288586795264E-19 3
 273    5440.00    5460.00  9.506718506226445E-20  6.447731988178861E-20 5
 274    5460.00    5480.00  0.000000000000000E+00  0.000000000000000E+00 0
 275    5480.00    5500.00  6.257297566735884E-21  6.257297563668411E-21 1
 276    5500.00    5520.00  2.055494745855432E-18  1.895755036690462E-18 4
 277    5520.00    5540.00  1.786143305445185E-20  1.310827357877154E-20 4
 278    5540.00    5560.00  1.147695505555746E-18  1.147695504993119E-18 1
 279    5560.00    5580.00  8.636648261037936E-22  8.636648256804052E-22 1
 280    5580.00    5600.00  1.337137106423608E-20  1.337137105768113E-20 1
 281    5600.00    5620.00  8.593364386698792E-23  8.593364382486126E-23 1
 282    5620.00    5640.00  0.000000000000000E+00  0.000000000000000E+00 0
 283    5640.00    5660.00  6.201954074875525E-21  4.981457250518582E-21 2
 284    5660.00    5680.00  1.613266895627186E-21  1.613266894836325E-21 1
 285    5680.00    5700.00  8.498854746925684E-23  8.498854742759348E-23 1
 286    5700.00    5720.00  0.000000000000000E+00  0.000000000000000E+00 0
 287    5720.00    5740.00  3.320445303790612E-19  3.311113403657792E-19 2
 288    5740.00    5760.00  2.678083591470412E-24  2.622431345016195E-24 2
 289    5760.00    5780.00  0.000000000000000E+00  0.000000000000000E+00 0
 290    5780.00    5800.00  3.325462063490470E-23  3.325462061860251E-23 1
 291    5800.00    5820.00  0.000000000000000E+00  0.000000000000000E+00 0
 292    5820.00    5840.00  0.000000000000000E+00  0.000000000000000E+00 0
 293    5840.00    5860.00  6.314899663837261E-21  4.473564498657922E-21 2
 294    5860.00    5880.00  0.000000000000000E+00  0.000000000000000E+00 0
 295    5880.00    5900.00  0.000000000000000E+00  0.000000000000000E+00 0
 296    5900.00    5920.00  0.000000000000000E+00  0.000000000000000E+00 0
 297    5920.00    5940.00  0.000000000000000E+00  0.000000000000000E+00 0
 298    5940.00    5960.00  0.000000000000000E+00  0.000000000000000E+00 0
 299    5960.00    5980.00  0.000000000000000E+00  0.000000000000000E+00 0
 300    5980.00    6000.00  0.000000000000000E+00  0.000000000000000E+00 0
 301    6000.00    6020.00  0.000000000000000E+00  0.000000000000000E+00 0
 302    6020.00    6040.00  0.000000000000000E+00  0.000000000000000E+00 0
 303    6040.00    6060.00  0.000000000000000E+00  0.000000000000000E+00 0
 304    6060.00    6080.00  0.000000000000000E+00  0.000000000000000E+00 0
 305    6080.00    6100.00  0.000000000000000E+00  0.000000000000000E+00 0
 306    6100.00    6120.00  0.000000000000000E+00  0.000000000000000E+00 0
 307    6120.00    6140.00  0.000000000000000E+00  0.000000000000000E+00 0
 308    6140.00    6160.00  0.000000000000000E+00  0.000000000000000E+00 0
 309    6160.00    6180.00  0.000000000000000E+00  0.000000000000000E+00 0
 310    6180.00    6200.00  0.000000000000000E+00  0.000000000000000E+00 0
 311    6200.00    6220.00  0.000000000000000E+00  0.000000000000000E+00 0
 312    6220.00    6240.00  0.000000000000000E+00  0.000000000000000E+00 0
 313    6240.00    6260.00  0.000000000000000E+00  0.000000000000000E+00 0
 314    6260.00    6280.00  0.000000000000000E+00  0.000000000000000E+00 0
 315    6280.00    6300.00  0.000000000000000E+00  0.000000000000000E+00 0
 316    6300.00    6320.00  0.000000000000000E+00  0.000000000000000E+00 0
 317    6320.00    6340.00  0.000000000000000E+00  0.000000000000000E+00 0
 318    6340.00    6360.00  0.000000000000000E+00  0.000000000000000E+00 0
 319    6360.00    6380.00  0.000000000000000E+00  0.000000000000000E+00 0
 320    6380.00    6400.00  0.000000000000000E+00  0.000000000000000E+00 0
 321    6400.00    6420.00  0.000000000000000E+00  0.000000000000000E+00 0
 322    6420.00    6440.00  0.000000000000000E+00  0.000000000000000E+00 0
 323    6440.00    6460.00  0.000000000000000E+00  0.000000000000000E+00 0
 324    6460.00    6480.00  0.000000000000000E+00  0.000000000000000E+00 0
 325    6480.00    6500.00  0.000000000000000E+00  0.000000000000000E+00 0
 326    6500.00    6520.00  0.000000000000000E+00  0.000000000000000E+00 0
 327    6520.00    6540.00  0.000000000000000E+00  0.000000000000000E+00 0
 328    6540.00    6560.00  0.000000000000000E+00  0.000000000000000E+00 0
 329    6560.00    6580.00  0.000000000000000E+00  0.000000000000000E+00 0
 330    6580.00    6600.00  0.000000000000000E+00  0.000000000000000E+00 0
 331    6600.00    6620.00  0.000000000000000E+00  0.000000000000000E+00 0
 332    6620.00    6640.00  0.000000000000000E+00  0.000000000000000E+00 0
 333    6640.00    6660.00  0.000000000000000E+00  0.000000000000000E+00 0
 334    6660.00    6680.00  0.000000000000000E+00  0.000000000000000E+00 0
 335    6680.00    6700.00  0.000000000000000E+00  0.000000000000000E+00 0
 336    6700.00    6720.00  0.000000000000000E+00  0.000000000000000E+00 0
 337    6720.00    6740.00  0.000000000000000E+00  0.000000000000000E+00 0
 338    6740.00    6760.00  0.000000000000000E+00  0.000000000000000E+00 0
 339    6760.00    6780.00  0.000000000000000E+00  0.000000000000000E+00 0
 340    6780.00    6800.00  0.000000000000000E+00  0.000000000000000E+00 0
 341    6800.00    6820.00  0.000000000000000E+00  0.000000000000000E+00 0
 342    6820.00    6840.00  0.000000000000000E+00  0.000000000000000E+00 0
 343    6840.00    6860.00  0.000000000000000E+00  0.000000000000000E+00 0
 344    6860.00    6880.00  0.000000000000000E+00  0.000000000000000E+00 0
 345    6880.00    6900.00  0.000000000000000E+00  0.000000000000000E+00 0
 346    6900.00    6920.00  0.000000000000000E+00  0.000000000000000E+00 0
 347    6920.00    6940.00  0.000000000000000E+00  0.000000000000000E+00 0
 348    6940.00    6960.00  0.000000000000000E+00  0.000000000000000E+00 0
 349    6960.00    6980.00  0.000000000000000E+00  0.000000000000000E+00 0
 350    6980.00    7000.00  0.000000000000000E+00  0.000000000000000E+00 0
 351    7000.00    7020.00  0.000000000000000E+00  0.000000000000000E+00 0
 352    7020.00    7040.00  0.000000000000000E+00  0.000000000000000E+00 0
 353    7040.00    7060.00  0.000000000000000E+00  0.000000000000000E+00 0
 354    7060.00    7080.00  0.000000000000000E+00  0.000000000000000E+00 0
 355    7080.00    7100.00  0.000000000000000E+00  0.000000000000000E+00 0
 356    7100.00    7120.00  0.000000000000000E+00  0.000000000000000E+00 0
 357    7120.00    7140.00  0.000000000000000E+00  0.000000000000000E+00 0
 358    7140.00    7160.00  0.000000000000000E+00  0.000000000000000E+00 0
 359    7160.00    7180.00  0.000000000000000E+00  0.000000000000000E+00 0
 360    7180.00    7200.00  0.000000000000000E+00  0.000000000000000E+00 0
 361    7200.00    7220.00  0.000000000000000E+00  0.000000000000000E+00 0
 362    7220.00    7240.00  0.000000000000000E+00  0.000000000000000E+00 0
 363    7240.00    7260.00  0.000000000000000E+00  0.000000000000000E+00 0
 364    7260.00    7280.00  0.000000000000000E+00  0.000000000000000E+00 0
 365    7280.00    7300.00  0.000000000000000E+00  0.000000000000000E+00 0
 366    7300.00    7320.00  0.000000000000000E+00  0.000000000000000E+00 0
 367    7320.00    7340.00  0.000000000000000E+00  0.000000000000000E+00 0
 368    7340.00    7360.00  0.000000000000000E+00  0.000000000000000E+00 0
 369    7360.00    7380.00  0.000000000000000E+00  0.000000000000000E+00 0
 370    7380.00    7400.00  0.000000000000000E+00  0.000000000000000E+00 0
 371    7400.00    7420.00  0.000000000000000E+00  0.000000000000000E+00 0
 372    7420.00    7440.00  0.000000000000000E+00  0.000000000000000E+00 0
 373    7440.00    7460.00  0.000000000000000E+00  0.000000000000000E+00 0
 374    7460.00    7480.00  0.000000000000000E+00  0.000000000000000E+00 0
 375    7480.00    7500.00  0.000000000000000E+00  0.000000000000000E+00 0
 376    7500.00    7520.00  0.000000000000000E+00  0.000000000000000E+00 0
 377    7520.00    7540.00  0.000000000000000E+00  0.000000000000000E+00 0
 378    7540.00    7560.00  0.000000000000000E+00  0.000000000000000E+00 0
 379    7560.00    7580.00  0.000000000000000E+00  0.000000000000000E+00 0
 380    7580.00    7600.00  0.000000000000000E+00  0.000000000000000E+00 0
 381    7600.00    7620.00  0.000000000000000E+00  0.000000000000000E+00 0
 382    7620.00    7640.00  0.000000000000000E+00  0.000000000000000E+00 0
 383    7640.00    7660.00  0.000000000000000E+00  0.000000000000000E+00 0
 384    7660.00    7680.00  0.000000000000000E+00  0.000000000000000E+00 0
 385    7680.00    7700.00  0.000000000000000E+00  0.000000000000000E+00 0
 386    7700.00    7720.00  0.000000000000000E+00  0.000000000000000E+00 0
 387    7720.00    7740.00  0.000000000000000E+00  0.000000000000000E+00 0
 388    7740.00    7760.00  0.000000000000000E+00  0.000000000000000E+00 0
 389    7760.00    7780.00  0.000000000000000E+00  0.000000000000000E+00 0
 390    7780.00    7800.00  0.000000000000000E+00  0.000000000000000E+00 0
 391    7800.00    7820.00  0.000000000000000E+00  0.000000000000000E+00 0
 392    7820.00    7840.00  0.000000000000000E+00  0.000000000000000E+00 0
 393    7840.00    7860.00  0.000000000000000E+00  0.000000000000000E+00 0
 394    7860.00    7880.00  0.000000000000000E+00  0.000000000000000E+00 0
 395    7880.00    7900.00  0.000000000000000E+00  0.000000000000000E+00 0
 396    7900.00    7920.00  0.000000000000000E+00  0.000000000000000E+00 0
 397    7920.00    7940.00  0.000000000000000E+00  0.000000000000000E+00 0
 398    7940.00    7960.00  0.000000000000000E+00  0.000000000000000E+00 0
 399    7960.00    7980.00  0.000000000000000E+00  0.000000000000000E+00 0
 400    7980.00    8000.00  0.000000000000000E+00  0.000000000000000E+00 0
 401    8000.00    8020.00  0.000000000000000E+00  0.000000000000000E+00 0
 402    8020.00    8040.00  0.000000000000000E+00  0.000000000000000E+00 0
 403    8040.00    8060.00  0.000000000000000E+00  0.000000000000000E+00 0
 404    8060.00    8080.00  0.000000000000000E+00  0.000000000000000E+00 0
 405    8080.00    8100.00  0.000000000000000E+00  0.000000000000000E+00 0
 406    8100.00    8120.00  0.000000000000000E+00  0.000000000000000E+00 0
 407    8120.00    8140.00  0.000000000000000E+00  0.000000000000000E+00 0
 408    8140.00    8160.00  0.000000000000000E+00  0.000000000000000E+00 0
 409    8160.00    8180.00  0.000000000000000E+00  0.000000000000000E+00 0
 410    8180.00    8200.00  0.000000000000000E+00  0.000000000000000E+00 0
 411    8200.00    8220.00  0.000000000000000E+00  0.000000000000000E+00 0
 412    8220.00    8240.00  0.000000000000000E+00  0.000000000000000E+00 0
 413    8240.00    8260.00  0.000000000000000E+00  0.000000000000000E+00 0
 414    8260.00    8280.00  0.000000000000000E+00  0.000000000000000E+00 0
 415    8280.00    8300.00  0.000000000000000E+00  0.000000000000000E+00 0
 416    8300.00    8320.00  0.000000000000000E+00  0.000000000000000E+00 0
 417    8320.00    8340.00  0.000000000000000E+00  0.000000000000000E+00 0
 418    8340.00    8360.00  0.000000000000000E+00  0.000000000000000E+00 0
 419    8360.00    8380.00  0.000000000000000E+00  0.000000000000000E+00 0
 420    8380.00    8400.00  0.000000000000000E+00  0.000000000000000E+00 0
 421    8400.00    8420.00  0.000000000000000E+00  0.000000000000000E+00 0
 422    8420.00    8440.00  0.000000000000000E+00  0.000000000000000E+00 0
 423    8440.00    8460.00  0.000000000000000E+00  0.000000000000000E+00 0
 424    8460.00    8480.00  0.000000000000000E+00  0.000000000000000E+00 0
 425    8480.00    8500.00  0.000000000000000E+00  0.000000000000000E+00 0
 426    8500.00    8520.00  0.000000000000000E+00  0.000000000000000E+00 0
 427    8520.00    8540.00  0.000000000000000E+00  0.000000000000000E+00 0
 428    8540.00    8560.00  0.000000000000000E+00  0.000000000000000E+00 0
 429    8560.00    8580.00  0.000000000000000E+00  0.000000000000000E+00 0
 430    8580.00    8600.00  0.000000000000000E+00  0.000000000000000E+00 0
 431    8600.00    8620.00  0.000000000000000E+00  0.000000000000000E+00 0
 432    8620.00    8640.00  0.000000000000000E+00  0.000000000000000E+00 0
 433    8640.00    8660.00  0.000000000000000E+00  0.000000000000000E+00 0
 434    8660.00    8680.00  0.000000000000000E+00  0.000000000000000E+00 0
 435    8680.00    8700.00  0.000000000000000E+00  0.000000000000000E+00 0
 436    8700.00    8720.00  0.000000000000000E+00  0.000000000000000E+00 0
 437    8720.00    8740.00  0.000000000000000E+00  0.000000000000000E+00 0
 438    8740.00    8760.00  0.000000000000000E+00  0.000000000000000E+00 0
 439    8760.00    8780.00  0.000000000000000E+00  0.000000000000000E+00 0
 440    8780.00    8800.00  0.000000000000000E+00  0.000000000000000E+00 0
 441    8800.00    8820.00  0.000000000000000E+00  0.000000000000000E+00 0
 442    8820.00    8840.00  0.000000000000000E+00  0.000000000000000E+00 0
 443    8840.00    8860.00  0.000000000000000E+00  0.000000000000000E+00 0
 444    8860.00    8880.00  0.000000000000000E+00  0.000000000000000E+00 0
 445    8880.00    8900.00  0.000000000000000E+00  0.000000000000000E+00 0
 446    8900.00    8920.00  0.000000000000000E+00  0.000000000000000E+00 0
 447    8920.00    8940.00  0.000000000000000E+00  0.000000000000000E+00 0
 448    8940.00    8960.00  0.000000000000000E+00  0.000000000000000E+00 0
 449    8960.00    8980.00  0.000000000000000E+00  0.000000000000000E+00 0
 450    8980.00    9000.00  0.000000000000000E+00  0.000000000000000E+00 0
 451    9000.00    9020.00  0.000000000000000E+00  0.000000000000000E+00 0
 452    9020.00    9040.00  0.000000000000000E+00  0.000000000000000E+00 0
 453    9040.00    9060.00  0.000000000000000E+00  0.000000000000000E+00 0
 454    9060.00    9080.00  0.000000000000000E+00  0.000000000000000E+00 0
 455    9080.00    9100.00  0.000000000000000E+00  0.000000000000000E+00 0
 456    9100.00    9120.00  0.000000000000000E+00  0.000000000000000E+00 0
 457    9120.00    9140.00  0.000000000000000E+00  0.000000000000000E+00 0
 458    9140.00    9160.00  0.000000000000000E+00  0.000000000000000E+00 0
 459    9160.00    9180.00  0.000000000000000E+00  0.000000000000000E+00 0
 460    9180.00    9200.00  0.000000000000000E+00  0.000000000000000E+00 0
 461    9200.00    9220.00  0.000000000000000E+00  0.000000000000000E+00 0
 462    9220.00    9240.00  0.000000000000000E+00  0.000000000000000E+00 0
 463    9240.00    9260.00  0.000000000000000E+00  0.000000000000000E+00 0
 464    9260.00    9280.00  0.000000000000000E+00  0.000000000000000E+00 0
 465    9280.00    9300.00  0.000000000000000E+00  0.000000000000000E+00 0
 466    9300.00    9320.00  0.000000000000000E+00  0.000000000000000E+00 0
 467    9320.00    9340.00  0.000000000000000E+00  0.000000000000000E+00 0
 468    9340.00    9360.00  0.000000000000000E+00  0.000000000000000E+00 0
 469    9360.00    9380.00  0.000000000000000E+00  0.000000000000000E+00 0
 470    9380.00    9400.00  0.000000000000000E+00  0.000000000000000E+00 0
 471    9400.00    9420.00  0.000000000000000E+00  0.000000000000000E+00 0
 472    9420.00    9440.00  0.000000000000000E+00  0.000000000000000E+00 0
 473    9440.00    9460.00  0.000000000000000E+00  0.000000000000000E+00 0
 474    9460.00    9480.00  0.000000000000000E+00  0.000000000000000E+00 0
 475    9480.00    9500.00  0.000000000000000E+00  0.000000000000000E+00 0
 476    9500.00    9520.00  0.000000000000000E+00  0.000000000000000E+00 0
 477    9520.00    9540.00  0.000000000000000E+00  0.000000000000000E+00 0
 478    9540.00    9560.00  0.000000000000000E+00  0.000000000000000E+00 0
 479    9560.00    9580.00  0.000000000000000E+00  0.000000000000000E+00 0
 480    9580.00    9600.00  0.000000000000000E+00  0.000000000000000E+00 0
 481    9600.00    9620.00  0.000000000000000E+00  0.000000000000000E+00 0
 482    9620.00    9640.00  0.000000000000000E+00  0.000000000000000E+00 0
 483    9640.00    9660.00  0.000000000000000E+00  0.000000000000000E+00 0
 484    9660.00    9680.00  0.000000000000000E+00  0.000000000000000E+00 0
 485    9680.00    9700.00  0.000000000000000E+00  0.000000000000000E+00 0
 486    9700.00    9720.00  0.000000000000000E+00  0.000000000000000E+00 0
 487    9720.00    9740.00  0.000000000000000E+00  0.000000000000000E+00 0
 488    9740.00    9760.00  0.000000000000000E+00  0.000000000000000E+00 0
 489    9760.00    9780.00  0.000000000000000E+00  0.000000000000000E+00 0
 490    9780.00    9800.00  0.000000000000000E+00  0.000000000000000E+00 0
 491    9800.00    9820.00  0.000000000000000E+00  0.000000000000000E+00 0
 492    9820.00    9840.00  0.000000000000000E+00  0.000000000000000E+00 0
 493    9840.00    9860.00  0.000000000000000E+00  0.000000000000000E+00 0
 494    9860.00    9880.00  0.000000000000000E+00  0.000000000000000E+00 0
 495    9880.00    9900.00  0.000000000000000E+00  0.000000000000000E+00 0
 496    9900.00    9920.00  0.000000000000000E+00  0.000000000000000E+00 0
 497    9920.00    9940.00  0.000000000000000E+00  0.000000000000000E+00 0
 498    9940.00    9960.00  0.000000000000000E+00  0.000000000000000E+00 0
 499    9960.00    9980.00  0.000000000000000E+00  0.000000000000000E+00 0
 500    9980.00   10000.00  0.000000000000000E+00  0.000000000000000E+00 0
 501   10000.00   10020.00  0.000000000000000E+00  0.000000000000000E+00 0
 502   10020.00   10040.00  0.000000000000000E+00  0.000000000000000E+00 0
 503   10040.00   10060.00  0.000000000000000E+00  0.000000000000000E+00 0
 504   10060.00   10080.00  0.000000000000000E+00  0.000000000000000E+00 0
 505   10080.00   10100.00  0.000000000000000E+00  0.000000000000000E+00 0
 506   10100.00   10120.00  0.000000000000000E+00  0.000000000000000E+00 0
 507   10120.00   10140.00  0.000000000000000E+00  0.000000000000000E+00 0
 508   10140.00   10160.00  0.000000000000000E+00  0.000000000000000E+00 0
 509   10160.00   10180.00  0.000000000000000E+00  0.000000000000000E+00 0
 510   10180.00   10200.00  0.000000000000000E+00  0.000000000000000E+00 0
 511   10200.00   10220.00  0.000000000000000E+00  0.000000000000000E+00 0
 512   10220.00   10240.00  0.000000000000000E+00  0.000000000000000E+00 0
 513   10240.00   10260.00  0.000000000000000E+00  0.000000000000000E+00 0
 514   10260.00   10280.00  0.000000000000000E+00  0.000000000000000E+00 0
 515   10280.00   10300.00  0.000000000000000E+00  0.000000000000000E+00 0
 516   10300.00   10320.00  0.000000000000000E+00  0.000000000000000E+00 0
 517   10320.00   10340.00  0.000000000000000E+00  0.000000000000000E+00 0
 518   10340.00   10360.00  0.000000000000000E+00  0.000000000000000E+00 0
 519   10360.00   10380.00  0.000000000000000E+00  0.000000000000000E+00 0
 520   10380.00   10400.00  0.000000000000000E+00  0.000000000000000E+00 0
 521   10400.00   10420.00  0.000000000000000E+00  0.000000000000000E+00 0
 522   10420.00   10440.00  0.000000000000000E+00  0.000000000000000E+00 0
 523   10440.00   10460.00  0.000000000000000E+00  0.000000000000000E+00 0
 524   10460.00   10480.00  0.000000000000000E+00  0.000000000000000E+00 0
 525   10480.00   10500.00  0.000000000000000E+00  0.000000000000000E+00 0
 526   10500.00   10520.00  0.000000000000000E+00  0.000000000000000E+00 0
 527   10520.00   10540.00  0.000000000000000E+00  0.000000000000000E+00 0
 528   10540.00   10560.00  0.000000000000000E+00  0.000000000000000E+00 0
 529   10560.00   10580.00  0.000000000000000E+00  0.000000000000000E+00 0
 530   10580.00   10600.00  0.000000000000000E+00  0.000000000000000E+00 0
 531   10600.00   10620.00  0.000000000000000E+00  0.000000000000000E+00 0
 532   10620.00   10640.00  0.000000000000000E+00  0.000000000000000E+00 0
 533   10640.00   10660.00  0.000000000000000E+00  0.000000000000000E+00 0
 534   10660.00   10680.00  0.000000000000000E+00  0.000000000000000E+00 0
 535   10680.00   10700.00  0.000000000000000E+00  0.000000000000000E+00 0
 536   10700.00   10720.00  0.000000000000000E+00  0.000000000000000E+00 0
 537   10720.00   10740.00  0.000000000000000E+00  0.000000000000000E+00 0
 538   10740.00   10760.00  0.000000000000000E+00  0.000000000000000E+00 0
 539   10760.00   10780.00  0.000000000000000E+00  0.000000000000000E+00 0
 540   10780.00   10800.00  0.000000000000000E+00  0.000000000000000E+00 0
 541   10800.00   10820.00  0.000000000000000E+00  0.000000000000000E+00 0
 542   10820.00   10840.00  0.000000000000000E+00  0.000000000000000E+00 0
 543   10840.00   10860.00  0.000000000000000E+00  0.000000000000000E+00 0
 544   10860.00   10880.00  0.000000000000000E+00  0.000000000000000E+00 0
 545   10880.00   10900.00  0.000000000000000E+00  0.000000000000000E+00 0
 546   10900.00   10920.00  0.000000000000000E+00  0.000000000000000E+00 0
 547   10920.00   10940.00  0.000000000000000E+00  0.000000000000000E+00 0
 548   10940.00   10960.00  0.000000000000000E+00  0.000000000000000E+00 0
 549   10960.00   10980.00  0.000000000000000E+00  0.000000000000000E+00 0
 550   10980.00   11000.00  0.000000000000000E+00  0.000000000000000E+00 0
 551   11000.00   11020.00  0.000000000000000E+00  0.000000000000000E+00 0
 552   11020.00   11040.00  0.000000000000000E+00  0.000000000000000E+00 0
 553   11040.00   11060.00  0.000000000000000E+00  0.000000000000000E+00 0
 554   11060.00   11080.00  0.000000000000000E+00  0.000000000000000E+00 0
 555   11080.00   11100.00  0.000000000000000E+00  0.000000000000000E+00 0
 556   11100.00   11120.00  0.000000000000000E+00  0.000000000000000E+00 0
 557   11120.00   11140.00  0.000000000000000E+00  0.000000000000000E+00 0
 558   11140.00   11160.00  0.000000000000000E+00  0.000000000000000E+00 0
 559   11160.00   11180.00  0.000000000000000E+00  0.000000000000000E+00 0
 560   11180.00   11200.00  0.000000000000000E+00  0.000000000000000E+00 0
 561   11200.00   11220.00  0.000000000000000E+00  0.000000000000000E+00 0
 562   11220.00   11240.00  0.000000000000000E+00  0.000000000000000E+00 0
 563   11240.00   11260.00  0.000000000000000E+00  0.000000000000000E+00 0
 564   11260.00   11280.00  0.000000000000000E+00  0.000000000000000E+00 0
 565   11280.00   11300.00  0.000000000000000E+00  0.000000000000000E+00 0
 566   11300.00   11320.00  0.000000000000000E+00  0.000000000000000E+00 0
 567   11320.00   11340.00  0.000000000000000E+00  0.000000000000000E+00 0
 568   11340.00   11360.00  0.000000000000000E+00  0.000000000000000E+00 0
 569   11360.00   11380.00  0.000000000000000E+00  0.000000000000000E+00 0
 570   11380.00   11400.00  0.000000000000000E+00  0.000000000000000E+00 0
 571   11400.00   11420.00  0.000000000000000E+00  0.000000000000000E+00 0
 572   11420.00   11440.00  0.000000000000000E+00  0.000000000000000E+00 0
 573   11440.00   11460.00  0.000000000000000E+00  0.000000000000000E+00 0
 574   11460.00   11480.00  0.000000000000000E+00  0.000000000000000E+00 0
 575   11480.00   11500.00  0.000000000000000E+00  0.000000000000000E+00 0
 576   11500.00   11520.00  0.000000000000000E+00  0.000000000000000E+00 0
 577   11520.00   11540.00  0.000000000000000E+00  0.000000000000000E+00 0
 578   11540.00   11560.00  0.000000000000000E+00  0.000000000000000E+00 0
 579   11560.00   11580.00  0.000000000000000E+00  0.000000000000000E+00 0
 580   11580.00   11600.00  0.000000000000000E+00  0.000000000000000E+00 0
 581   11600.00   11620.00  0.000000000000000E+00  0.000000000000000E+00 0
 582   11620.00   11640.00  0.000000000000000E+00  0.000000000000000E+00 0
 583   11640.00   11660.00  0.000000000000000E+00  0.000000000000000E+00 0
 584   11660.00   11680.00  0.000000000000000E+00  0.000000000000000E+00 0
 585   11680.00   11700.00  0.000000000000000E+00  0.000000000000000E+00 0
 586   11700.00   11720.00  0.000000000000000E+00  0.000000000000000E+00 0
 587   11720.00   11740.00  0.000000000000000E+00  0.000000000000000E+00 0
 588   11740.00   11760.00  0.000000000000000E+00  0.000000000000000E+00 0
 589   11760.00   11780.00  0.000000000000000E+00  0.000000000000000E+00 0
 590   11780.00   11800.00  0.000000000000000E+00  0.000000000000000E+00 0
 591   11800.00   11820.00  0.000000000000000E+00  0.000000000000000E+00 0
 592   11820.00   11840.00  0.000000000000000E+00  0.000000000000000E+00 0
 593   11840.00   11860.00  0.000000000000000E+00  0.000000000000000E+00 0
 594   11860.00   11880.00  0.000000000000000E+00  0.000000000000000E+00 0
 595   11880.00   11900.00  0.000000000000000E+00  0.000000000000000E+00 0
 596   11900.00   11920.00  0.000000000000000E+00  0.000000000000000E+00 0
 597   11920.00   11940.00  0.000000000000000E+00  0.000000000000000E+00 0
 598   11940.00   11960.00  0.000000000000000E+00  0.000000000000000E+00 0
 599   11960.00   11980.00  0.000000000000000E+00  0.000000000000000E+00 0
 600   11980.00   12000.00  0.000000000000000E+00  0.000000000000000E+00 0
 601   12000.00   12020.00  0.000000000000000E+00  0.000000000000000E+00 0
 602   12020.00   12040.00  0.000000000000000E+00  0.000000000000000E+00 0
 603   12040.00   12060.00  0.000000000000000E+00  0.000000000000000E+00 0
 604   12060.00   12080.00  0.000000000000000E+00  0.000000000000000E+00 0
 605   12080.00   12100.00  0.000000000000000E+00  0.000000000000000E+00 0
 606   12100.00   12120.00  0.000000000000000E+00  0.000000000000000E+00 0
 607   12120.00   12140.00  0.000000000000000E+00  0.000000000000000E+00 0
 608   12140.00   12160.00  0.000000000000000E+00  0.000000000000000E+00 0
 609   12160.00   12180.00  0.000000000000000E+00  0.000000000000000E+00 0
 610   12180.00   12200.00  0.000000000000000E+00  0.000000000000000E+00 0
 611   12200.00   12220.00  0.000000000000000E+00  0.000000000000000E+00 0
 612   12220.00   12240.00  0.000000000000000E+00  0.000000000000000E+00 0
 613   12240.00   12260.00  0.000000000000000E+00  0.000000000000000E+00 0
 614   12260.00   12280.00  0.000000000000000E+00  0.000000000000000E+00 0
 615   12280.00   12300.00  0.000000000000000E+00  0.000000000000000E+00 0
 616   12300.00   12320.00  0.000000000000000E+00  0.000000000000000E+00 0
 617   12320.00   12340.00  0.000000000000000E+00  0.000000000000000E+00 0
 618   12340.00   12360.00  0.000000000000000E+00  0.000000000000000E+00 0
 619   12360.00   12380.00  0.000000000000000E+00  0.000000000000000E+00 0
 620   12380.00   12400.00  0.000000000000000E+00  0.000000000000000E+00 0
 621   12400.00   12420.00  0.000000000000000E+00  0.000000000000000E+00 0
 622   12420.00   12440.00  0.000000000000000E+00  0.000000000000000E+00 0
 623   12440.00   12460.00  0.000000000000000E+00  0.000000000000000E+00 0
 624   12460.00   12480.00  0.000000000000000E+00  0.000000000000000E+00 0
 625   12480.00   12500.00  0.000000000000000E+00  0.000000000000000E+00 0
 626   12500.00   12520.00  0.000000000000000E+00  0.000000000000000E+00 0
 627   12520.00   12540.00  0.000000000000000E+00  0.000000000000000E+00 0
 628   12540.00   12560.00  0.000000000000000E+00  0.000000000000000E+00 0
 629   12560.00   12580.00  0.000000000000000E+00  0.000000000000000E+00 0
 630   12580.00   12600.00  0.000000000000000E+00  0.000000000000000E+00 0
 631   12600.00   12620.00  0.000000000000000E+00  0.000000000000000E+00 0
 632   12620.00   12640.00  0.000000000000000E+00  0.000000000000000E+00 0
 633   12640.00   12660.00  0.000000000000000E+00  0.000000000000000E+00 0
 634   12660.00   12680.00  0.000000000000000E+00  0.000000000000000E+00 0
 635   12680.00   12700.00  0.000000000000000E+00  0.000000000000000E+00 0
 636   12700.00   12720.00  0.000000000000000E+00  0.000000000000000E+00 0
 637   12720.00   12740.00  0.000000000000000E+00  0.000000000000000E+00 0
 638   12740.00   12760.00  0.000000000000000E+00  0.000000000000000E+00 0
 639   12760.00   12780.00  0.000000000000000E+00  0.000000000000000E+00 0
 640   12780.00   12800.00  0.000000000000000E+00  0.000000000000000E+00 0
 641   12800.00   12820.00  0.000000000000000E+00  0.000000000000000E+00 0
 642   12820.00   12840.00  0.000000000000000E+00  0.000000000000000E+00 0
 643   12840.00   12860.00  0.000000000000000E+00  0.000000000000000E+00 0
 644   12860.00   12880.00  0.000000000000000E+00  0.000000000000000E+00 0
 645   12880.00   12900.00  0.000000000000000E+00  0.000000000000000E+00 0
 646   12900.00   12920.00  0.000000000000000E+00  0.000000000000000E+00 0
 647   12920.00   12940.00  0.000000000000000E+00  0.000000000000000E+00 0
 648   12940.00   12960.00  0.000000000000000E+00  0.000000000000000E+00 0
 649   12960.00   12980.00  0.000000000000000E+00  0.000000000000000E+00 0
 650   12980.00   13000.00  0.000000000000000E+00  0.000000000000000E+00 0
# Underflow:                 0.0000000000000000E+00  0.0000000000000000E+00 0
# Overflow:                  0.0000000000000000E+00  0.0000000000000000E+00 0
#-------------------------------------------------------------------------------------
# Sum:                       3.0967724085578427E-04  1.2709227729351855E-07 84479000
#=====================================================================================
