# title = Missing Transverse Momentum
# xlabel = $p_{\text{T},\text{miss}}\,$[GeV]
# ylabel = $\frac{\text{d}\sigma}{\text{d}p_{\text{T},\text{miss}}}\,\left[\frac{\text{fb}}{\text{GeV}}\right]$
# xmin=  0.000E+00
# xmax=  8.000E+02
# ymin=  1.000E-06
# ymax=  1.000E-02
# kmin= -5.000E+01
# kmax=  1.000E+01
# logscale = true
# Renormalization and factorization scale scaled by: 1.0000000000
# Renormalization scaled by: 1.0000000000
# Number of generated events: 1019943521
#
#=====================================================================================
# No.       Left      Right                   Value                   Error Hits
#-------------------------------------------------------------------------------------
   1      10.00      30.00  4.725747591173503E-06  3.841281408767991E-09 17048701
   2      30.00      50.00  4.240856497863679E-06  3.410870668763898E-09 18781329
   3      50.00      70.00  2.476517357500759E-06  2.413864126799344E-09 11342812
   4      70.00      90.00  1.306680259243825E-06  1.675787237939192E-09 7083236
   5      90.00     110.00  7.081105147464067E-07  1.157531235521308E-09 4811936
   6     110.00     130.00  4.233515858724879E-07  8.546463233127729E-10 3570225
   7     130.00     150.00  2.690468670679208E-07  6.233321096139753E-10 2764983
   8     150.00     170.00  1.752468400446636E-07  4.697929407239116E-10 2197228
   9     170.00     190.00  1.179794500653953E-07  3.609974812120598E-10 1781520
  10     190.00     210.00  8.116049776151341E-08  2.855126039992611E-10 1469460
  11     210.00     230.00  5.631180113213116E-08  2.148133560830033E-10 1229324
  12     230.00     250.00  3.980697940488667E-08  1.711579282270256E-10 1038759
  13     250.00     270.00  2.845502236704733E-08  1.351731834244268E-10 885148
  14     270.00     290.00  2.072420913293723E-08  1.070915722602447E-10 763082
  15     290.00     310.00  1.502647863879446E-08  8.509210707207160E-11 661062
  16     310.00     330.00  1.116337190351329E-08  6.738482290155438E-11 577230
  17     330.00     350.00  8.332852751958272E-09  5.570578136055182E-11 506476
  18     350.00     370.00  6.286489797832151E-09  4.643802046749059E-11 447927
  19     370.00     390.00  4.783078141741042E-09  4.062600254144508E-11 397634
  20     390.00     410.00  3.589733036417947E-09  2.963511796100929E-11 353149
  21     410.00     430.00  2.793680152820490E-09  2.450950479826975E-11 317012
  22     430.00     450.00  2.135352701798561E-09  1.976280247830330E-11 284748
  23     450.00     470.00  1.691945971227762E-09  2.294058175231770E-11 255227
  24     470.00     490.00  1.332323042812761E-09  1.424425696186780E-11 231127
  25     490.00     510.00  1.041464710097774E-09  1.118034618650441E-11 210477
  26     510.00     530.00  8.314333599103512E-10  9.577856267141711E-12 190003
  27     530.00     550.00  6.540761637132660E-10  8.181311255153321E-12 173814
  28     550.00     570.00  5.206323477588101E-10  6.599321979425016E-12 158101
  29     570.00     590.00  4.188863962746595E-10  5.497736809831198E-12 144859
  30     590.00     610.00  3.381080998245104E-10  4.938049077751719E-12 132732
  31     610.00     630.00  2.774803901501108E-10  4.206684831532049E-12 121918
  32     630.00     650.00  2.287455438714813E-10  3.721703138715523E-12 111896
  33     650.00     670.00  1.855255620162173E-10  2.903811276473609E-12 103300
  34     670.00     690.00  1.521373840072888E-10  2.668422516982662E-12 95046
  35     690.00     710.00  1.267944250293267E-10  2.172188812920072E-12 88029
  36     710.00     730.00  1.056496926997909E-10  1.964716312823851E-12 81776
  37     730.00     750.00  8.823413706342611E-11  1.657485754772338E-12 75457
  38     750.00     770.00  6.997399341685267E-11  1.224519473305067E-12 69904
  39     770.00     790.00  6.041381491103710E-11  1.329041853708482E-12 64669
  40     790.00     810.00  4.989103113574712E-11  9.922369206650952E-13 60394
  41     810.00     830.00  4.125846317037963E-11  8.495275640492025E-13 56157
  42     830.00     850.00  3.604265667411123E-11  7.894874462425110E-13 51910
  43     850.00     870.00  3.110614965068431E-11  9.836654022076414E-13 48973
  44     870.00     890.00  2.433174173107532E-11  6.257813407146731E-13 45544
  45     890.00     910.00  2.144672306807500E-11  5.158726094608770E-13 42010
  46     910.00     930.00  1.921348419364639E-11  6.304343086377565E-13 39812
  47     930.00     950.00  1.561593840336964E-11  3.821024300602342E-13 37332
  48     950.00     970.00  1.426010056489834E-11  4.763583187394453E-13 34749
  49     970.00     990.00  1.115188607316897E-11  2.936520639420047E-13 33037
  50     990.00    1010.00  1.055853072145040E-11  3.321033463706251E-13 30787
  51    1010.00    1030.00  8.661836681663751E-12  2.373296592842090E-13 28901
  52    1030.00    1050.00  7.439497202385929E-12  2.421327981630788E-13 27012
  53    1050.00    1070.00  6.887926520292097E-12  2.310981196798497E-13 25434
  54    1070.00    1090.00  5.503108231250172E-12  1.752978688924134E-13 24000
  55    1090.00    1110.00  5.149598681527385E-12  1.889457584048599E-13 22545
  56    1110.00    1130.00  4.059810610798724E-12  1.542133318307832E-13 21256
  57    1130.00    1150.00  3.810189890292907E-12  1.458328340209978E-13 20055
  58    1150.00    1170.00  3.218235761716088E-12  1.142540293593527E-13 18706
  59    1170.00    1190.00  2.947755188368778E-12  1.195733201897941E-13 17853
  60    1190.00    1210.00  2.341361773806184E-12  8.892910475325587E-14 17001
  61    1210.00    1230.00  2.246476602472443E-12  1.032023993712192E-13 15899
  62    1230.00    1250.00  1.840093591656747E-12  7.367528373751432E-14 15054
  63    1250.00    1270.00  1.659987641915891E-12  6.641981840192376E-14 14274
  64    1270.00    1290.00  1.518943745939601E-12  7.202311451582971E-14 13533
  65    1290.00    1310.00  1.220306779285783E-12  4.998154367089151E-14 12668
  66    1310.00    1330.00  1.054344103523025E-12  4.327466877387243E-14 12003
  67    1330.00    1350.00  1.069031093434021E-12  5.836150562546842E-14 11479
  68    1350.00    1370.00  8.221597526004334E-13  3.998939469073391E-14 10767
  69    1370.00    1390.00  8.123054444459080E-13  4.622432464009651E-14 10232
  70    1390.00    1410.00  6.284337093947003E-13  3.165995526185730E-14 9549
  71    1410.00    1430.00  6.384537390778158E-13  4.117320113985630E-14 9095
  72    1430.00    1450.00  5.118831452524623E-13  2.859813936413573E-14 8733
  73    1450.00    1470.00  4.723095910701507E-13  2.770226372726887E-14 8202
  74    1470.00    1490.00  4.372506381912730E-13  3.260341233019640E-14 7667
  75    1490.00    1510.00  3.512361686519274E-13  1.804436232644610E-14 7300
  76    1510.00    1530.00  3.271471408365112E-13  1.887240539064927E-14 6977
  77    1530.00    1550.00  3.271738942193162E-13  2.961395149066358E-14 6705
  78    1550.00    1570.00  2.775728237463989E-13  1.967434238077936E-14 6344
  79    1570.00    1590.00  2.500067921396972E-13  3.565099542827740E-14 6026
  80    1590.00    1610.00  2.202626851123278E-13  1.750446043225101E-14 5670
  81    1610.00    1630.00  1.805854053704407E-13  1.040318379527521E-14 5543
  82    1630.00    1650.00  1.657493111853381E-13  1.693851264617625E-14 5019
  83    1650.00    1670.00  1.554949498678757E-13  1.079288164585568E-14 4874
  84    1670.00    1690.00  1.350307354016531E-13  1.078337539970634E-14 4701
  85    1690.00    1710.00  1.052178968176426E-13  7.832245667858457E-15 4367
  86    1710.00    1730.00  1.092620763794665E-13  8.750723472084170E-15 4220
  87    1730.00    1750.00  9.228613744324755E-14  7.408636182295492E-15 4047
  88    1750.00    1770.00  7.636573004769657E-14  5.282522273267360E-15 3839
  89    1770.00    1790.00  7.289389802891145E-14  5.279397699565078E-15 3688
  90    1790.00    1810.00  7.632591003606175E-14  6.529124072668571E-15 3487
  91    1810.00    1830.00  6.199531709185108E-14  1.003802024038699E-14 3247
  92    1830.00    1850.00  5.939697354763100E-14  5.684018726802852E-15 3168
  93    1850.00    1870.00  5.858381858549123E-14  8.123361219543305E-15 2982
  94    1870.00    1890.00  4.230919408831290E-14  2.758669992080496E-15 2890
  95    1890.00    1910.00  5.583178145980665E-14  7.801561320513517E-15 2783
  96    1910.00    1930.00  3.376915102284274E-14  2.475924080283038E-15 2574
  97    1930.00    1950.00  3.842111481350744E-14  2.831054544953574E-15 2495
  98    1950.00    1970.00  3.161399234432661E-14  2.554415908375467E-15 2438
  99    1970.00    1990.00  3.181561237673044E-14  5.641758958067386E-15 2268
 100    1990.00    2010.00  2.559734915388993E-14  2.015800530871680E-15 2215
 101    2010.00    2030.00  2.545457069947384E-14  5.008356195072381E-15 2178
 102    2030.00    2050.00  1.657315657191890E-14  1.232651796219960E-15 1933
 103    2050.00    2070.00  1.820267320003462E-14  2.960593160047430E-15 1862
 104    2070.00    2090.00  2.027995861002067E-14  1.905681426648666E-15 1762
 105    2090.00    2110.00  1.691839049540552E-14  2.713449404607256E-15 1749
 106    2110.00    2130.00  1.496799054909612E-14  1.634776172212260E-15 1615
 107    2130.00    2150.00  1.198493931944072E-14  1.230047861368960E-15 1545
 108    2150.00    2170.00  1.752923746128138E-14  2.769729270080478E-15 1486
 109    2170.00    2190.00  9.434758321676268E-15  8.041418686917178E-16 1424
 110    2190.00    2210.00  1.355911873878301E-14  2.255170921184520E-15 1367
 111    2210.00    2230.00  9.062726746166221E-15  1.108960708266091E-15 1276
 112    2230.00    2250.00  1.079914565469076E-14  1.810099093144217E-15 1255
 113    2250.00    2270.00  8.200041611098714E-15  1.081407732507138E-15 1164
 114    2270.00    2290.00  6.976134812797858E-15  8.742680878514735E-16 1126
 115    2290.00    2310.00  7.632662200855665E-15  9.251931777715782E-16 1084
 116    2310.00    2330.00  7.287591749797161E-15  8.958251432535356E-16 1044
 117    2330.00    2350.00  8.729462896952362E-15  2.752029627562366E-15 957
 118    2350.00    2370.00  5.031120903894434E-15  6.267978157892297E-16 966
 119    2370.00    2390.00  5.120464977134966E-15  8.698411836921467E-16 892
 120    2390.00    2410.00  7.971622953461583E-15  2.346074186102312E-15 895
 121    2410.00    2430.00  3.273009349305469E-15  3.891219845000964E-16 782
 122    2430.00    2450.00  4.509426943304508E-15  7.379987386606169E-16 835
 123    2450.00    2470.00  3.818520688606248E-15  4.952507652289023E-16 768
 124    2470.00    2490.00  3.784243230751219E-15  8.357904188539679E-16 696
 125    2490.00    2510.00  3.371402687262101E-15  7.616891776936149E-16 654
 126    2510.00    2530.00  2.812746036188606E-15  5.125637652263096E-16 644
 127    2530.00    2550.00  2.575696053588144E-15  3.541593801895536E-16 628
 128    2550.00    2570.00  3.332289319317691E-15  9.018338735426451E-16 607
 129    2570.00    2590.00  2.291508815455264E-15  4.012788141030935E-16 574
 130    2590.00    2610.00  2.460853399554717E-15  9.034650119725812E-16 556
 131    2610.00    2630.00  2.239653293100008E-15  5.018207048586340E-16 559
 132    2630.00    2650.00  1.810909207018510E-15  2.834095324924229E-16 509
 133    2650.00    2670.00  1.013707964577020E-15  1.148333803312927E-16 516
 134    2670.00    2690.00  1.626056384451845E-15  3.402460523906301E-16 490
 135    2690.00    2710.00  1.361258757328648E-15  4.018947708123688E-16 395
 136    2710.00    2730.00  1.181922914928615E-15  1.781393248133083E-16 442
 137    2730.00    2750.00  1.451669549427970E-15  3.403357191403537E-16 428
 138    2750.00    2770.00  1.019179331012226E-15  2.228524336008437E-16 399
 139    2770.00    2790.00  6.669314550310747E-16  9.060547917000937E-17 377
 140    2790.00    2810.00  6.303013632220995E-16  9.690630395014223E-17 312
 141    2810.00    2830.00  1.038894212665007E-15  2.950434077712717E-16 318
 142    2830.00    2850.00  1.169809556588420E-15  4.175218595709111E-16 362
 143    2850.00    2870.00  7.701883397942468E-16  1.471601907962854E-16 307
 144    2870.00    2890.00  9.094480897035667E-16  2.905554799838320E-16 290
 145    2890.00    2910.00  3.624010246080946E-16  6.153863575470739E-17 257
 146    2910.00    2930.00  5.383519711726977E-16  1.315884746029642E-16 242
 147    2930.00    2950.00  3.655657552435800E-16  5.745860087019772E-17 275
 148    2950.00    2970.00  5.868014981365017E-16  1.776437230252604E-16 254
 149    2970.00    2990.00  6.127225364058313E-16  1.632751629350841E-16 249
 150    2990.00    3010.00  3.062854287989566E-16  5.413141440970219E-17 244
 151    3010.00    3030.00  2.971106754202168E-16  6.230872783895930E-17 207
 152    3030.00    3050.00  3.277660910957856E-16  1.113587840080839E-16 201
 153    3050.00    3070.00  4.363079661424943E-16  1.894750905330546E-16 196
 154    3070.00    3090.00  3.659675933028409E-16  1.252005112360152E-16 218
 155    3090.00    3110.00  2.691383875714862E-16  7.253160138217352E-17 181
 156    3110.00    3130.00  3.369207995930617E-16  1.063819614364049E-16 164
 157    3130.00    3150.00  3.358013038213372E-16  1.216300973967593E-16 163
 158    3150.00    3170.00  2.812825978474034E-16  1.153898760465730E-16 167
 159    3170.00    3190.00  2.484198643241614E-16  1.108511908718392E-16 131
 160    3190.00    3210.00  1.484690926184653E-16  6.854184668542482E-17 123
 161    3210.00    3230.00  2.793371536068340E-16  9.035839326921968E-17 131
 162    3230.00    3250.00  2.371320303406981E-16  8.308979056410473E-17 140
 163    3250.00    3270.00  1.524031337760907E-16  5.501388127216561E-17 113
 164    3270.00    3290.00  1.190914809576703E-16  3.409740128123068E-17 118
 165    3290.00    3310.00  3.509828849188434E-16  1.913887858489772E-16 119
 166    3310.00    3330.00  9.941482175937259E-17  4.391430607088119E-17 118
 167    3330.00    3350.00  8.454154271156742E-17  1.905022449786437E-17 100
 168    3350.00    3370.00  8.857509601908127E-17  3.560451914373142E-17 99
 169    3370.00    3390.00  4.312646832435716E-17  1.033934472603869E-17 100
 170    3390.00    3410.00  8.979993009785393E-17  2.781458217156807E-17 76
 171    3410.00    3430.00  6.363703894849395E-17  2.080540687020312E-17 79
 172    3430.00    3450.00  4.017138672049516E-17  1.368615081528878E-17 63
 173    3450.00    3470.00  2.833756254205684E-17  5.780678655683559E-18 87
 174    3470.00    3490.00  9.822273653034550E-17  5.018313273461663E-17 86
 175    3490.00    3510.00  4.288145770501566E-17  1.502376947999539E-17 64
 176    3510.00    3530.00  1.741036372003597E-16  9.752131164162030E-17 69
 177    3530.00    3550.00  2.963576415687316E-17  1.166829875804351E-17 68
 178    3550.00    3570.00  2.133623177131062E-17  6.699555664631713E-18 61
 179    3570.00    3590.00  5.054246526219246E-17  1.749641108330103E-17 58
 180    3590.00    3610.00  1.721988645495548E-17  3.656369386792274E-18 58
 181    3610.00    3630.00  2.492277860206474E-17  7.380136019401059E-18 51
 182    3630.00    3650.00  1.490756331100938E-17  3.996805362327350E-18 52
 183    3650.00    3670.00  2.509460358810371E-17  1.033476380172181E-17 59
 184    3670.00    3690.00  1.835698359879394E-17  5.839936365688232E-18 41
 185    3690.00    3710.00  2.497251689547476E-17  9.726006188018599E-18 37
 186    3710.00    3730.00  1.658887306690649E-17  6.859458737508751E-18 39
 187    3730.00    3750.00  8.962803235908784E-18  2.524715341887850E-18 44
 188    3750.00    3770.00  1.615466451031580E-17  5.722342338876196E-18 36
 189    3770.00    3790.00  7.271235530241755E-18  2.089821062098644E-18 36
 190    3790.00    3810.00  1.092176092988465E-17  5.737002280111250E-18 27
 191    3810.00    3830.00  6.878720030910329E-17  3.589458497455859E-17 37
 192    3830.00    3850.00  1.043647174683173E-17  3.958231449877368E-18 31
 193    3850.00    3870.00  1.278976900430539E-17  7.965179744033845E-18 29
 194    3870.00    3890.00  6.037239165711977E-18  3.082203550521836E-18 23
 195    3890.00    3910.00  1.181181120343625E-17  4.896978861897356E-18 25
 196    3910.00    3930.00  5.595205988346811E-18  3.441184024396639E-18 22
 197    3930.00    3950.00  5.325907101277481E-18  2.239389486922138E-18 19
 198    3950.00    3970.00  3.075256900614550E-18  1.242970495214760E-18 22
 199    3970.00    3990.00  1.225330973737621E-16  1.177537384089592E-16 19
 200    3990.00    4010.00  7.329723049071145E-18  4.084678962539574E-18 25
 201    4010.00    4030.00  1.593882789669813E-18  1.031562416612461E-18 17
 202    4030.00    4050.00  1.068808169100668E-18  5.349117583665497E-19 17
 203    4050.00    4070.00  6.910357375365791E-19  3.855932785027581E-19 11
 204    4070.00    4090.00  1.125158358284146E-18  5.256560809343590E-19 12
 205    4090.00    4110.00  4.354437193594532E-18  2.453145416910731E-18 15
 206    4110.00    4130.00  4.121394151536659E-18  1.826952125255454E-18 17
 207    4130.00    4150.00  1.020312044260402E-18  5.301328382329003E-19 17
 208    4150.00    4170.00  1.183605847971929E-17  7.776849781310993E-18 12
 209    4170.00    4190.00  1.251234462897166E-18  7.505470723870555E-19 14
 210    4190.00    4210.00  1.308815904651483E-19  5.293494382322877E-20 10
 211    4210.00    4230.00  4.344370753631170E-18  4.008627536952069E-18 17
 212    4230.00    4250.00  3.076403438460358E-19  2.088027638330998E-19 10
 213    4250.00    4270.00  2.404517164604348E-18  1.592307528610240E-18 8
 214    4270.00    4290.00  5.068607276255990E-19  2.669070244353015E-19 12
 215    4290.00    4310.00  5.310041584114805E-19  2.429068325824141E-19 13
 216    4310.00    4330.00  1.151855339824208E-19  5.699963555286322E-20 10
 217    4330.00    4350.00  1.164492800737681E-18  8.594123820168965E-19 8
 218    4350.00    4370.00  1.176080306818123E-19  1.075469158820825E-19 8
 219    4370.00    4390.00  2.579070167447966E-19  1.587988474118233E-19 10
 220    4390.00    4410.00  8.559857092099009E-20  7.244472452517725E-20 3
 221    4410.00    4430.00  7.211516269810201E-20  6.720228662333885E-20 5
 222    4430.00    4450.00  6.364270806443802E-19  6.014899848351092E-19 2
 223    4450.00    4470.00  9.227513669214223E-19  8.793354027365693E-19 2
 224    4470.00    4490.00  1.733237699455244E-20  1.572486324452246E-20 5
 225    4490.00    4510.00  6.936924673906049E-20  6.376116793285363E-20 2
 226    4510.00    4530.00  2.689628584577144E-19  1.692635204000038E-19 8
 227    4530.00    4550.00  2.331823397716084E-19  1.577009632811467E-19 7
 228    4550.00    4570.00  8.093778939004657E-20  8.090070581318734E-20 2
 229    4570.00    4590.00  2.350892310243668E-21  2.350892309091206E-21 1
 230    4590.00    4610.00  1.590514461398898E-19  9.229523780489486E-20 5
 231    4610.00    4630.00  0.000000000000000E+00  0.000000000000000E+00 0
 232    4630.00    4650.00  1.299100206707125E-19  1.236378611542751E-19 3
 233    4650.00    4670.00  0.000000000000000E+00  0.000000000000000E+00 0
 234    4670.00    4690.00  7.438272581264735E-22  6.602662781593716E-22 2
 235    4690.00    4710.00  6.150239178791276E-19  4.398636583095820E-19 3
 236    4710.00    4730.00  4.232876885556457E-19  4.099222428593153E-19 3
 237    4730.00    4750.00  1.274294342407010E-20  1.236297924966838E-20 2
 238    4750.00    4770.00  1.017242557591594E-21  1.017242557092918E-21 1
 239    4770.00    4790.00  3.068249696116330E-20  2.998315008685640E-20 2
 240    4790.00    4810.00  3.618291980270789E-21  2.937581884684963E-21 2
 241    4810.00    4830.00  3.342589445669197E-22  3.342589444030582E-22 1
 242    4830.00    4850.00  3.216750438910957E-21  3.189054591541449E-21 3
 243    4850.00    4870.00  0.000000000000000E+00  0.000000000000000E+00 0
 244    4870.00    4890.00  6.767760873754610E-21  6.185796033718634E-21 2
 245    4890.00    4910.00  1.038707145509536E-20  1.037396626110586E-20 2
 246    4910.00    4930.00  0.000000000000000E+00  0.000000000000000E+00 0
 247    4930.00    4950.00  0.000000000000000E+00  0.000000000000000E+00 0
 248    4950.00    4970.00  2.411455566752414E-23  2.411455565570263E-23 1
 249    4970.00    4990.00  2.192861319042813E-23  2.192861317967821E-23 1
 250    4990.00    5010.00  0.000000000000000E+00  0.000000000000000E+00 0
 251    5010.00    5030.00  0.000000000000000E+00  0.000000000000000E+00 0
 252    5030.00    5050.00  0.000000000000000E+00  0.000000000000000E+00 0
 253    5050.00    5070.00  0.000000000000000E+00  0.000000000000000E+00 0
 254    5070.00    5090.00  0.000000000000000E+00  0.000000000000000E+00 0
 255    5090.00    5110.00  1.135899488065726E-20  9.861378973345328E-21 3
 256    5110.00    5130.00  1.160988758816251E-19  1.160988758247107E-19 1
 257    5130.00    5150.00  1.430228821364539E-21  1.430228820663408E-21 1
 258    5150.00    5170.00  0.000000000000000E+00  0.000000000000000E+00 0
 259    5170.00    5190.00  0.000000000000000E+00  0.000000000000000E+00 0
 260    5190.00    5210.00  0.000000000000000E+00  0.000000000000000E+00 0
 261    5210.00    5230.00  0.000000000000000E+00  0.000000000000000E+00 0
 262    5230.00    5250.00  0.000000000000000E+00  0.000000000000000E+00 0
 263    5250.00    5270.00  2.740462013313017E-22  2.740462011969579E-22 1
 264    5270.00    5290.00  8.593364386698792E-23  8.593364382486126E-23 1
 265    5290.00    5310.00  5.625570583092854E-26  5.625570580335068E-26 1
 266    5310.00    5330.00  0.000000000000000E+00  0.000000000000000E+00 0
 267    5330.00    5350.00  0.000000000000000E+00  0.000000000000000E+00 0
 268    5350.00    5370.00  8.498854746925684E-23  8.498854742759348E-23 1
 269    5370.00    5390.00  0.000000000000000E+00  0.000000000000000E+00 0
 270    5390.00    5410.00  0.000000000000000E+00  0.000000000000000E+00 0
 271    5410.00    5430.00  0.000000000000000E+00  0.000000000000000E+00 0
 272    5430.00    5450.00  0.000000000000000E+00  0.000000000000000E+00 0
 273    5450.00    5470.00  0.000000000000000E+00  0.000000000000000E+00 0
 274    5470.00    5490.00  0.000000000000000E+00  0.000000000000000E+00 0
 275    5490.00    5510.00  0.000000000000000E+00  0.000000000000000E+00 0
 276    5510.00    5530.00  8.636648261037936E-22  8.636648256804052E-22 1
 277    5530.00    5550.00  0.000000000000000E+00  0.000000000000000E+00 0
 278    5550.00    5570.00  0.000000000000000E+00  0.000000000000000E+00 0
 279    5570.00    5590.00  0.000000000000000E+00  0.000000000000000E+00 0
 280    5590.00    5610.00  0.000000000000000E+00  0.000000000000000E+00 0
 281    5610.00    5630.00  0.000000000000000E+00  0.000000000000000E+00 0
 282    5630.00    5650.00  0.000000000000000E+00  0.000000000000000E+00 0
 283    5650.00    5670.00  0.000000000000000E+00  0.000000000000000E+00 0
 284    5670.00    5690.00  0.000000000000000E+00  0.000000000000000E+00 0
 285    5690.00    5710.00  0.000000000000000E+00  0.000000000000000E+00 0
 286    5710.00    5730.00  0.000000000000000E+00  0.000000000000000E+00 0
 287    5730.00    5750.00  0.000000000000000E+00  0.000000000000000E+00 0
 288    5750.00    5770.00  0.000000000000000E+00  0.000000000000000E+00 0
 289    5770.00    5790.00  0.000000000000000E+00  0.000000000000000E+00 0
 290    5790.00    5810.00  0.000000000000000E+00  0.000000000000000E+00 0
 291    5810.00    5830.00  0.000000000000000E+00  0.000000000000000E+00 0
 292    5830.00    5850.00  0.000000000000000E+00  0.000000000000000E+00 0
 293    5850.00    5870.00  0.000000000000000E+00  0.000000000000000E+00 0
 294    5870.00    5890.00  0.000000000000000E+00  0.000000000000000E+00 0
 295    5890.00    5910.00  0.000000000000000E+00  0.000000000000000E+00 0
 296    5910.00    5930.00  0.000000000000000E+00  0.000000000000000E+00 0
 297    5930.00    5950.00  0.000000000000000E+00  0.000000000000000E+00 0
 298    5950.00    5970.00  0.000000000000000E+00  0.000000000000000E+00 0
 299    5970.00    5990.00  0.000000000000000E+00  0.000000000000000E+00 0
 300    5990.00    6010.00  0.000000000000000E+00  0.000000000000000E+00 0
 301    6010.00    6030.00  0.000000000000000E+00  0.000000000000000E+00 0
 302    6030.00    6050.00  0.000000000000000E+00  0.000000000000000E+00 0
 303    6050.00    6070.00  0.000000000000000E+00  0.000000000000000E+00 0
 304    6070.00    6090.00  0.000000000000000E+00  0.000000000000000E+00 0
 305    6090.00    6110.00  0.000000000000000E+00  0.000000000000000E+00 0
 306    6110.00    6130.00  0.000000000000000E+00  0.000000000000000E+00 0
 307    6130.00    6150.00  0.000000000000000E+00  0.000000000000000E+00 0
 308    6150.00    6170.00  0.000000000000000E+00  0.000000000000000E+00 0
 309    6170.00    6190.00  0.000000000000000E+00  0.000000000000000E+00 0
 310    6190.00    6210.00  0.000000000000000E+00  0.000000000000000E+00 0
 311    6210.00    6230.00  0.000000000000000E+00  0.000000000000000E+00 0
 312    6230.00    6250.00  0.000000000000000E+00  0.000000000000000E+00 0
 313    6250.00    6270.00  0.000000000000000E+00  0.000000000000000E+00 0
 314    6270.00    6290.00  0.000000000000000E+00  0.000000000000000E+00 0
 315    6290.00    6310.00  0.000000000000000E+00  0.000000000000000E+00 0
 316    6310.00    6330.00  0.000000000000000E+00  0.000000000000000E+00 0
 317    6330.00    6350.00  0.000000000000000E+00  0.000000000000000E+00 0
 318    6350.00    6370.00  0.000000000000000E+00  0.000000000000000E+00 0
 319    6370.00    6390.00  0.000000000000000E+00  0.000000000000000E+00 0
 320    6390.00    6410.00  0.000000000000000E+00  0.000000000000000E+00 0
 321    6410.00    6430.00  0.000000000000000E+00  0.000000000000000E+00 0
 322    6430.00    6450.00  0.000000000000000E+00  0.000000000000000E+00 0
 323    6450.00    6470.00  0.000000000000000E+00  0.000000000000000E+00 0
 324    6470.00    6490.00  0.000000000000000E+00  0.000000000000000E+00 0
 325    6490.00    6510.00  0.000000000000000E+00  0.000000000000000E+00 0
 326    6510.00    6530.00  0.000000000000000E+00  0.000000000000000E+00 0
 327    6530.00    6550.00  0.000000000000000E+00  0.000000000000000E+00 0
 328    6550.00    6570.00  0.000000000000000E+00  0.000000000000000E+00 0
 329    6570.00    6590.00  0.000000000000000E+00  0.000000000000000E+00 0
 330    6590.00    6610.00  0.000000000000000E+00  0.000000000000000E+00 0
 331    6610.00    6630.00  0.000000000000000E+00  0.000000000000000E+00 0
 332    6630.00    6650.00  0.000000000000000E+00  0.000000000000000E+00 0
 333    6650.00    6670.00  0.000000000000000E+00  0.000000000000000E+00 0
 334    6670.00    6690.00  0.000000000000000E+00  0.000000000000000E+00 0
 335    6690.00    6710.00  0.000000000000000E+00  0.000000000000000E+00 0
 336    6710.00    6730.00  0.000000000000000E+00  0.000000000000000E+00 0
 337    6730.00    6750.00  0.000000000000000E+00  0.000000000000000E+00 0
 338    6750.00    6770.00  0.000000000000000E+00  0.000000000000000E+00 0
 339    6770.00    6790.00  0.000000000000000E+00  0.000000000000000E+00 0
 340    6790.00    6810.00  0.000000000000000E+00  0.000000000000000E+00 0
 341    6810.00    6830.00  0.000000000000000E+00  0.000000000000000E+00 0
 342    6830.00    6850.00  0.000000000000000E+00  0.000000000000000E+00 0
 343    6850.00    6870.00  0.000000000000000E+00  0.000000000000000E+00 0
 344    6870.00    6890.00  0.000000000000000E+00  0.000000000000000E+00 0
 345    6890.00    6910.00  0.000000000000000E+00  0.000000000000000E+00 0
 346    6910.00    6930.00  0.000000000000000E+00  0.000000000000000E+00 0
 347    6930.00    6950.00  0.000000000000000E+00  0.000000000000000E+00 0
 348    6950.00    6970.00  0.000000000000000E+00  0.000000000000000E+00 0
 349    6970.00    6990.00  0.000000000000000E+00  0.000000000000000E+00 0
 350    6990.00    7010.00  0.000000000000000E+00  0.000000000000000E+00 0
 351    7010.00    7030.00  0.000000000000000E+00  0.000000000000000E+00 0
 352    7030.00    7050.00  0.000000000000000E+00  0.000000000000000E+00 0
 353    7050.00    7070.00  0.000000000000000E+00  0.000000000000000E+00 0
 354    7070.00    7090.00  0.000000000000000E+00  0.000000000000000E+00 0
 355    7090.00    7110.00  0.000000000000000E+00  0.000000000000000E+00 0
 356    7110.00    7130.00  0.000000000000000E+00  0.000000000000000E+00 0
 357    7130.00    7150.00  0.000000000000000E+00  0.000000000000000E+00 0
 358    7150.00    7170.00  0.000000000000000E+00  0.000000000000000E+00 0
 359    7170.00    7190.00  0.000000000000000E+00  0.000000000000000E+00 0
 360    7190.00    7210.00  0.000000000000000E+00  0.000000000000000E+00 0
 361    7210.00    7230.00  0.000000000000000E+00  0.000000000000000E+00 0
 362    7230.00    7250.00  0.000000000000000E+00  0.000000000000000E+00 0
 363    7250.00    7270.00  0.000000000000000E+00  0.000000000000000E+00 0
 364    7270.00    7290.00  0.000000000000000E+00  0.000000000000000E+00 0
 365    7290.00    7310.00  0.000000000000000E+00  0.000000000000000E+00 0
 366    7310.00    7330.00  0.000000000000000E+00  0.000000000000000E+00 0
 367    7330.00    7350.00  0.000000000000000E+00  0.000000000000000E+00 0
 368    7350.00    7370.00  0.000000000000000E+00  0.000000000000000E+00 0
 369    7370.00    7390.00  0.000000000000000E+00  0.000000000000000E+00 0
 370    7390.00    7410.00  0.000000000000000E+00  0.000000000000000E+00 0
 371    7410.00    7430.00  0.000000000000000E+00  0.000000000000000E+00 0
 372    7430.00    7450.00  0.000000000000000E+00  0.000000000000000E+00 0
 373    7450.00    7470.00  0.000000000000000E+00  0.000000000000000E+00 0
 374    7470.00    7490.00  0.000000000000000E+00  0.000000000000000E+00 0
 375    7490.00    7510.00  0.000000000000000E+00  0.000000000000000E+00 0
 376    7510.00    7530.00  0.000000000000000E+00  0.000000000000000E+00 0
 377    7530.00    7550.00  0.000000000000000E+00  0.000000000000000E+00 0
 378    7550.00    7570.00  0.000000000000000E+00  0.000000000000000E+00 0
 379    7570.00    7590.00  0.000000000000000E+00  0.000000000000000E+00 0
 380    7590.00    7610.00  0.000000000000000E+00  0.000000000000000E+00 0
 381    7610.00    7630.00  0.000000000000000E+00  0.000000000000000E+00 0
 382    7630.00    7650.00  0.000000000000000E+00  0.000000000000000E+00 0
 383    7650.00    7670.00  0.000000000000000E+00  0.000000000000000E+00 0
 384    7670.00    7690.00  0.000000000000000E+00  0.000000000000000E+00 0
 385    7690.00    7710.00  0.000000000000000E+00  0.000000000000000E+00 0
 386    7710.00    7730.00  0.000000000000000E+00  0.000000000000000E+00 0
 387    7730.00    7750.00  0.000000000000000E+00  0.000000000000000E+00 0
 388    7750.00    7770.00  0.000000000000000E+00  0.000000000000000E+00 0
 389    7770.00    7790.00  0.000000000000000E+00  0.000000000000000E+00 0
 390    7790.00    7810.00  0.000000000000000E+00  0.000000000000000E+00 0
 391    7810.00    7830.00  0.000000000000000E+00  0.000000000000000E+00 0
 392    7830.00    7850.00  0.000000000000000E+00  0.000000000000000E+00 0
 393    7850.00    7870.00  0.000000000000000E+00  0.000000000000000E+00 0
 394    7870.00    7890.00  0.000000000000000E+00  0.000000000000000E+00 0
 395    7890.00    7910.00  0.000000000000000E+00  0.000000000000000E+00 0
 396    7910.00    7930.00  0.000000000000000E+00  0.000000000000000E+00 0
 397    7930.00    7950.00  0.000000000000000E+00  0.000000000000000E+00 0
 398    7950.00    7970.00  0.000000000000000E+00  0.000000000000000E+00 0
 399    7970.00    7990.00  0.000000000000000E+00  0.000000000000000E+00 0
 400    7990.00    8010.00  0.000000000000000E+00  0.000000000000000E+00 0
 401    8010.00    8030.00  0.000000000000000E+00  0.000000000000000E+00 0
 402    8030.00    8050.00  0.000000000000000E+00  0.000000000000000E+00 0
 403    8050.00    8070.00  0.000000000000000E+00  0.000000000000000E+00 0
 404    8070.00    8090.00  0.000000000000000E+00  0.000000000000000E+00 0
 405    8090.00    8110.00  0.000000000000000E+00  0.000000000000000E+00 0
 406    8110.00    8130.00  0.000000000000000E+00  0.000000000000000E+00 0
 407    8130.00    8150.00  0.000000000000000E+00  0.000000000000000E+00 0
 408    8150.00    8170.00  0.000000000000000E+00  0.000000000000000E+00 0
 409    8170.00    8190.00  0.000000000000000E+00  0.000000000000000E+00 0
 410    8190.00    8210.00  0.000000000000000E+00  0.000000000000000E+00 0
 411    8210.00    8230.00  0.000000000000000E+00  0.000000000000000E+00 0
 412    8230.00    8250.00  0.000000000000000E+00  0.000000000000000E+00 0
 413    8250.00    8270.00  0.000000000000000E+00  0.000000000000000E+00 0
 414    8270.00    8290.00  0.000000000000000E+00  0.000000000000000E+00 0
 415    8290.00    8310.00  0.000000000000000E+00  0.000000000000000E+00 0
 416    8310.00    8330.00  0.000000000000000E+00  0.000000000000000E+00 0
 417    8330.00    8350.00  0.000000000000000E+00  0.000000000000000E+00 0
 418    8350.00    8370.00  0.000000000000000E+00  0.000000000000000E+00 0
 419    8370.00    8390.00  0.000000000000000E+00  0.000000000000000E+00 0
 420    8390.00    8410.00  0.000000000000000E+00  0.000000000000000E+00 0
 421    8410.00    8430.00  0.000000000000000E+00  0.000000000000000E+00 0
 422    8430.00    8450.00  0.000000000000000E+00  0.000000000000000E+00 0
 423    8450.00    8470.00  0.000000000000000E+00  0.000000000000000E+00 0
 424    8470.00    8490.00  0.000000000000000E+00  0.000000000000000E+00 0
 425    8490.00    8510.00  0.000000000000000E+00  0.000000000000000E+00 0
 426    8510.00    8530.00  0.000000000000000E+00  0.000000000000000E+00 0
 427    8530.00    8550.00  0.000000000000000E+00  0.000000000000000E+00 0
 428    8550.00    8570.00  0.000000000000000E+00  0.000000000000000E+00 0
 429    8570.00    8590.00  0.000000000000000E+00  0.000000000000000E+00 0
 430    8590.00    8610.00  0.000000000000000E+00  0.000000000000000E+00 0
 431    8610.00    8630.00  0.000000000000000E+00  0.000000000000000E+00 0
 432    8630.00    8650.00  0.000000000000000E+00  0.000000000000000E+00 0
 433    8650.00    8670.00  0.000000000000000E+00  0.000000000000000E+00 0
 434    8670.00    8690.00  0.000000000000000E+00  0.000000000000000E+00 0
 435    8690.00    8710.00  0.000000000000000E+00  0.000000000000000E+00 0
 436    8710.00    8730.00  0.000000000000000E+00  0.000000000000000E+00 0
 437    8730.00    8750.00  0.000000000000000E+00  0.000000000000000E+00 0
 438    8750.00    8770.00  0.000000000000000E+00  0.000000000000000E+00 0
 439    8770.00    8790.00  0.000000000000000E+00  0.000000000000000E+00 0
 440    8790.00    8810.00  0.000000000000000E+00  0.000000000000000E+00 0
 441    8810.00    8830.00  0.000000000000000E+00  0.000000000000000E+00 0
 442    8830.00    8850.00  0.000000000000000E+00  0.000000000000000E+00 0
 443    8850.00    8870.00  0.000000000000000E+00  0.000000000000000E+00 0
 444    8870.00    8890.00  0.000000000000000E+00  0.000000000000000E+00 0
 445    8890.00    8910.00  0.000000000000000E+00  0.000000000000000E+00 0
 446    8910.00    8930.00  0.000000000000000E+00  0.000000000000000E+00 0
 447    8930.00    8950.00  0.000000000000000E+00  0.000000000000000E+00 0
 448    8950.00    8970.00  0.000000000000000E+00  0.000000000000000E+00 0
 449    8970.00    8990.00  0.000000000000000E+00  0.000000000000000E+00 0
 450    8990.00    9010.00  0.000000000000000E+00  0.000000000000000E+00 0
 451    9010.00    9030.00  0.000000000000000E+00  0.000000000000000E+00 0
 452    9030.00    9050.00  0.000000000000000E+00  0.000000000000000E+00 0
 453    9050.00    9070.00  0.000000000000000E+00  0.000000000000000E+00 0
 454    9070.00    9090.00  0.000000000000000E+00  0.000000000000000E+00 0
 455    9090.00    9110.00  0.000000000000000E+00  0.000000000000000E+00 0
 456    9110.00    9130.00  0.000000000000000E+00  0.000000000000000E+00 0
 457    9130.00    9150.00  0.000000000000000E+00  0.000000000000000E+00 0
 458    9150.00    9170.00  0.000000000000000E+00  0.000000000000000E+00 0
 459    9170.00    9190.00  0.000000000000000E+00  0.000000000000000E+00 0
 460    9190.00    9210.00  0.000000000000000E+00  0.000000000000000E+00 0
 461    9210.00    9230.00  0.000000000000000E+00  0.000000000000000E+00 0
 462    9230.00    9250.00  0.000000000000000E+00  0.000000000000000E+00 0
 463    9250.00    9270.00  0.000000000000000E+00  0.000000000000000E+00 0
 464    9270.00    9290.00  0.000000000000000E+00  0.000000000000000E+00 0
 465    9290.00    9310.00  0.000000000000000E+00  0.000000000000000E+00 0
 466    9310.00    9330.00  0.000000000000000E+00  0.000000000000000E+00 0
 467    9330.00    9350.00  0.000000000000000E+00  0.000000000000000E+00 0
 468    9350.00    9370.00  0.000000000000000E+00  0.000000000000000E+00 0
 469    9370.00    9390.00  0.000000000000000E+00  0.000000000000000E+00 0
 470    9390.00    9410.00  0.000000000000000E+00  0.000000000000000E+00 0
 471    9410.00    9430.00  0.000000000000000E+00  0.000000000000000E+00 0
 472    9430.00    9450.00  0.000000000000000E+00  0.000000000000000E+00 0
 473    9450.00    9470.00  0.000000000000000E+00  0.000000000000000E+00 0
 474    9470.00    9490.00  0.000000000000000E+00  0.000000000000000E+00 0
 475    9490.00    9510.00  0.000000000000000E+00  0.000000000000000E+00 0
 476    9510.00    9530.00  0.000000000000000E+00  0.000000000000000E+00 0
 477    9530.00    9550.00  0.000000000000000E+00  0.000000000000000E+00 0
 478    9550.00    9570.00  0.000000000000000E+00  0.000000000000000E+00 0
 479    9570.00    9590.00  0.000000000000000E+00  0.000000000000000E+00 0
 480    9590.00    9610.00  0.000000000000000E+00  0.000000000000000E+00 0
 481    9610.00    9630.00  0.000000000000000E+00  0.000000000000000E+00 0
 482    9630.00    9650.00  0.000000000000000E+00  0.000000000000000E+00 0
 483    9650.00    9670.00  0.000000000000000E+00  0.000000000000000E+00 0
 484    9670.00    9690.00  0.000000000000000E+00  0.000000000000000E+00 0
 485    9690.00    9710.00  0.000000000000000E+00  0.000000000000000E+00 0
 486    9710.00    9730.00  0.000000000000000E+00  0.000000000000000E+00 0
 487    9730.00    9750.00  0.000000000000000E+00  0.000000000000000E+00 0
 488    9750.00    9770.00  0.000000000000000E+00  0.000000000000000E+00 0
 489    9770.00    9790.00  0.000000000000000E+00  0.000000000000000E+00 0
 490    9790.00    9810.00  0.000000000000000E+00  0.000000000000000E+00 0
 491    9810.00    9830.00  0.000000000000000E+00  0.000000000000000E+00 0
 492    9830.00    9850.00  0.000000000000000E+00  0.000000000000000E+00 0
 493    9850.00    9870.00  0.000000000000000E+00  0.000000000000000E+00 0
 494    9870.00    9890.00  0.000000000000000E+00  0.000000000000000E+00 0
 495    9890.00    9910.00  0.000000000000000E+00  0.000000000000000E+00 0
 496    9910.00    9930.00  0.000000000000000E+00  0.000000000000000E+00 0
 497    9930.00    9950.00  0.000000000000000E+00  0.000000000000000E+00 0
 498    9950.00    9970.00  0.000000000000000E+00  0.000000000000000E+00 0
 499    9970.00    9990.00  0.000000000000000E+00  0.000000000000000E+00 0
 500    9990.00   10010.00  0.000000000000000E+00  0.000000000000000E+00 0
 501   10010.00   10030.00  0.000000000000000E+00  0.000000000000000E+00 0
 502   10030.00   10050.00  0.000000000000000E+00  0.000000000000000E+00 0
 503   10050.00   10070.00  0.000000000000000E+00  0.000000000000000E+00 0
 504   10070.00   10090.00  0.000000000000000E+00  0.000000000000000E+00 0
 505   10090.00   10110.00  0.000000000000000E+00  0.000000000000000E+00 0
 506   10110.00   10130.00  0.000000000000000E+00  0.000000000000000E+00 0
 507   10130.00   10150.00  0.000000000000000E+00  0.000000000000000E+00 0
 508   10150.00   10170.00  0.000000000000000E+00  0.000000000000000E+00 0
 509   10170.00   10190.00  0.000000000000000E+00  0.000000000000000E+00 0
 510   10190.00   10210.00  0.000000000000000E+00  0.000000000000000E+00 0
 511   10210.00   10230.00  0.000000000000000E+00  0.000000000000000E+00 0
 512   10230.00   10250.00  0.000000000000000E+00  0.000000000000000E+00 0
 513   10250.00   10270.00  0.000000000000000E+00  0.000000000000000E+00 0
 514   10270.00   10290.00  0.000000000000000E+00  0.000000000000000E+00 0
 515   10290.00   10310.00  0.000000000000000E+00  0.000000000000000E+00 0
 516   10310.00   10330.00  0.000000000000000E+00  0.000000000000000E+00 0
 517   10330.00   10350.00  0.000000000000000E+00  0.000000000000000E+00 0
 518   10350.00   10370.00  0.000000000000000E+00  0.000000000000000E+00 0
 519   10370.00   10390.00  0.000000000000000E+00  0.000000000000000E+00 0
 520   10390.00   10410.00  0.000000000000000E+00  0.000000000000000E+00 0
 521   10410.00   10430.00  0.000000000000000E+00  0.000000000000000E+00 0
 522   10430.00   10450.00  0.000000000000000E+00  0.000000000000000E+00 0
 523   10450.00   10470.00  0.000000000000000E+00  0.000000000000000E+00 0
 524   10470.00   10490.00  0.000000000000000E+00  0.000000000000000E+00 0
 525   10490.00   10510.00  0.000000000000000E+00  0.000000000000000E+00 0
 526   10510.00   10530.00  0.000000000000000E+00  0.000000000000000E+00 0
 527   10530.00   10550.00  0.000000000000000E+00  0.000000000000000E+00 0
 528   10550.00   10570.00  0.000000000000000E+00  0.000000000000000E+00 0
 529   10570.00   10590.00  0.000000000000000E+00  0.000000000000000E+00 0
 530   10590.00   10610.00  0.000000000000000E+00  0.000000000000000E+00 0
 531   10610.00   10630.00  0.000000000000000E+00  0.000000000000000E+00 0
 532   10630.00   10650.00  0.000000000000000E+00  0.000000000000000E+00 0
 533   10650.00   10670.00  0.000000000000000E+00  0.000000000000000E+00 0
 534   10670.00   10690.00  0.000000000000000E+00  0.000000000000000E+00 0
 535   10690.00   10710.00  0.000000000000000E+00  0.000000000000000E+00 0
 536   10710.00   10730.00  0.000000000000000E+00  0.000000000000000E+00 0
 537   10730.00   10750.00  0.000000000000000E+00  0.000000000000000E+00 0
 538   10750.00   10770.00  0.000000000000000E+00  0.000000000000000E+00 0
 539   10770.00   10790.00  0.000000000000000E+00  0.000000000000000E+00 0
 540   10790.00   10810.00  0.000000000000000E+00  0.000000000000000E+00 0
 541   10810.00   10830.00  0.000000000000000E+00  0.000000000000000E+00 0
 542   10830.00   10850.00  0.000000000000000E+00  0.000000000000000E+00 0
 543   10850.00   10870.00  0.000000000000000E+00  0.000000000000000E+00 0
 544   10870.00   10890.00  0.000000000000000E+00  0.000000000000000E+00 0
 545   10890.00   10910.00  0.000000000000000E+00  0.000000000000000E+00 0
 546   10910.00   10930.00  0.000000000000000E+00  0.000000000000000E+00 0
 547   10930.00   10950.00  0.000000000000000E+00  0.000000000000000E+00 0
 548   10950.00   10970.00  0.000000000000000E+00  0.000000000000000E+00 0
 549   10970.00   10990.00  0.000000000000000E+00  0.000000000000000E+00 0
 550   10990.00   11010.00  0.000000000000000E+00  0.000000000000000E+00 0
 551   11010.00   11030.00  0.000000000000000E+00  0.000000000000000E+00 0
 552   11030.00   11050.00  0.000000000000000E+00  0.000000000000000E+00 0
 553   11050.00   11070.00  0.000000000000000E+00  0.000000000000000E+00 0
 554   11070.00   11090.00  0.000000000000000E+00  0.000000000000000E+00 0
 555   11090.00   11110.00  0.000000000000000E+00  0.000000000000000E+00 0
 556   11110.00   11130.00  0.000000000000000E+00  0.000000000000000E+00 0
 557   11130.00   11150.00  0.000000000000000E+00  0.000000000000000E+00 0
 558   11150.00   11170.00  0.000000000000000E+00  0.000000000000000E+00 0
 559   11170.00   11190.00  0.000000000000000E+00  0.000000000000000E+00 0
 560   11190.00   11210.00  0.000000000000000E+00  0.000000000000000E+00 0
 561   11210.00   11230.00  0.000000000000000E+00  0.000000000000000E+00 0
 562   11230.00   11250.00  0.000000000000000E+00  0.000000000000000E+00 0
 563   11250.00   11270.00  0.000000000000000E+00  0.000000000000000E+00 0
 564   11270.00   11290.00  0.000000000000000E+00  0.000000000000000E+00 0
 565   11290.00   11310.00  0.000000000000000E+00  0.000000000000000E+00 0
 566   11310.00   11330.00  0.000000000000000E+00  0.000000000000000E+00 0
 567   11330.00   11350.00  0.000000000000000E+00  0.000000000000000E+00 0
 568   11350.00   11370.00  0.000000000000000E+00  0.000000000000000E+00 0
 569   11370.00   11390.00  0.000000000000000E+00  0.000000000000000E+00 0
 570   11390.00   11410.00  0.000000000000000E+00  0.000000000000000E+00 0
 571   11410.00   11430.00  0.000000000000000E+00  0.000000000000000E+00 0
 572   11430.00   11450.00  0.000000000000000E+00  0.000000000000000E+00 0
 573   11450.00   11470.00  0.000000000000000E+00  0.000000000000000E+00 0
 574   11470.00   11490.00  0.000000000000000E+00  0.000000000000000E+00 0
 575   11490.00   11510.00  0.000000000000000E+00  0.000000000000000E+00 0
 576   11510.00   11530.00  0.000000000000000E+00  0.000000000000000E+00 0
 577   11530.00   11550.00  0.000000000000000E+00  0.000000000000000E+00 0
 578   11550.00   11570.00  0.000000000000000E+00  0.000000000000000E+00 0
 579   11570.00   11590.00  0.000000000000000E+00  0.000000000000000E+00 0
 580   11590.00   11610.00  0.000000000000000E+00  0.000000000000000E+00 0
 581   11610.00   11630.00  0.000000000000000E+00  0.000000000000000E+00 0
 582   11630.00   11650.00  0.000000000000000E+00  0.000000000000000E+00 0
 583   11650.00   11670.00  0.000000000000000E+00  0.000000000000000E+00 0
 584   11670.00   11690.00  0.000000000000000E+00  0.000000000000000E+00 0
 585   11690.00   11710.00  0.000000000000000E+00  0.000000000000000E+00 0
 586   11710.00   11730.00  0.000000000000000E+00  0.000000000000000E+00 0
 587   11730.00   11750.00  0.000000000000000E+00  0.000000000000000E+00 0
 588   11750.00   11770.00  0.000000000000000E+00  0.000000000000000E+00 0
 589   11770.00   11790.00  0.000000000000000E+00  0.000000000000000E+00 0
 590   11790.00   11810.00  0.000000000000000E+00  0.000000000000000E+00 0
 591   11810.00   11830.00  0.000000000000000E+00  0.000000000000000E+00 0
 592   11830.00   11850.00  0.000000000000000E+00  0.000000000000000E+00 0
 593   11850.00   11870.00  0.000000000000000E+00  0.000000000000000E+00 0
 594   11870.00   11890.00  0.000000000000000E+00  0.000000000000000E+00 0
 595   11890.00   11910.00  0.000000000000000E+00  0.000000000000000E+00 0
 596   11910.00   11930.00  0.000000000000000E+00  0.000000000000000E+00 0
 597   11930.00   11950.00  0.000000000000000E+00  0.000000000000000E+00 0
 598   11950.00   11970.00  0.000000000000000E+00  0.000000000000000E+00 0
 599   11970.00   11990.00  0.000000000000000E+00  0.000000000000000E+00 0
 600   11990.00   12010.00  0.000000000000000E+00  0.000000000000000E+00 0
 601   12010.00   12030.00  0.000000000000000E+00  0.000000000000000E+00 0
 602   12030.00   12050.00  0.000000000000000E+00  0.000000000000000E+00 0
 603   12050.00   12070.00  0.000000000000000E+00  0.000000000000000E+00 0
 604   12070.00   12090.00  0.000000000000000E+00  0.000000000000000E+00 0
 605   12090.00   12110.00  0.000000000000000E+00  0.000000000000000E+00 0
 606   12110.00   12130.00  0.000000000000000E+00  0.000000000000000E+00 0
 607   12130.00   12150.00  0.000000000000000E+00  0.000000000000000E+00 0
 608   12150.00   12170.00  0.000000000000000E+00  0.000000000000000E+00 0
 609   12170.00   12190.00  0.000000000000000E+00  0.000000000000000E+00 0
 610   12190.00   12210.00  0.000000000000000E+00  0.000000000000000E+00 0
 611   12210.00   12230.00  0.000000000000000E+00  0.000000000000000E+00 0
 612   12230.00   12250.00  0.000000000000000E+00  0.000000000000000E+00 0
 613   12250.00   12270.00  0.000000000000000E+00  0.000000000000000E+00 0
 614   12270.00   12290.00  0.000000000000000E+00  0.000000000000000E+00 0
 615   12290.00   12310.00  0.000000000000000E+00  0.000000000000000E+00 0
 616   12310.00   12330.00  0.000000000000000E+00  0.000000000000000E+00 0
 617   12330.00   12350.00  0.000000000000000E+00  0.000000000000000E+00 0
 618   12350.00   12370.00  0.000000000000000E+00  0.000000000000000E+00 0
 619   12370.00   12390.00  0.000000000000000E+00  0.000000000000000E+00 0
 620   12390.00   12410.00  0.000000000000000E+00  0.000000000000000E+00 0
 621   12410.00   12430.00  0.000000000000000E+00  0.000000000000000E+00 0
 622   12430.00   12450.00  0.000000000000000E+00  0.000000000000000E+00 0
 623   12450.00   12470.00  0.000000000000000E+00  0.000000000000000E+00 0
 624   12470.00   12490.00  0.000000000000000E+00  0.000000000000000E+00 0
 625   12490.00   12510.00  0.000000000000000E+00  0.000000000000000E+00 0
 626   12510.00   12530.00  0.000000000000000E+00  0.000000000000000E+00 0
 627   12530.00   12550.00  0.000000000000000E+00  0.000000000000000E+00 0
 628   12550.00   12570.00  0.000000000000000E+00  0.000000000000000E+00 0
 629   12570.00   12590.00  0.000000000000000E+00  0.000000000000000E+00 0
 630   12590.00   12610.00  0.000000000000000E+00  0.000000000000000E+00 0
 631   12610.00   12630.00  0.000000000000000E+00  0.000000000000000E+00 0
 632   12630.00   12650.00  0.000000000000000E+00  0.000000000000000E+00 0
 633   12650.00   12670.00  0.000000000000000E+00  0.000000000000000E+00 0
 634   12670.00   12690.00  0.000000000000000E+00  0.000000000000000E+00 0
 635   12690.00   12710.00  0.000000000000000E+00  0.000000000000000E+00 0
 636   12710.00   12730.00  0.000000000000000E+00  0.000000000000000E+00 0
 637   12730.00   12750.00  0.000000000000000E+00  0.000000000000000E+00 0
 638   12750.00   12770.00  0.000000000000000E+00  0.000000000000000E+00 0
 639   12770.00   12790.00  0.000000000000000E+00  0.000000000000000E+00 0
 640   12790.00   12810.00  0.000000000000000E+00  0.000000000000000E+00 0
 641   12810.00   12830.00  0.000000000000000E+00  0.000000000000000E+00 0
 642   12830.00   12850.00  0.000000000000000E+00  0.000000000000000E+00 0
 643   12850.00   12870.00  0.000000000000000E+00  0.000000000000000E+00 0
 644   12870.00   12890.00  0.000000000000000E+00  0.000000000000000E+00 0
 645   12890.00   12910.00  0.000000000000000E+00  0.000000000000000E+00 0
 646   12910.00   12930.00  0.000000000000000E+00  0.000000000000000E+00 0
 647   12930.00   12950.00  0.000000000000000E+00  0.000000000000000E+00 0
 648   12950.00   12970.00  0.000000000000000E+00  0.000000000000000E+00 0
 649   12970.00   12990.00  0.000000000000000E+00  0.000000000000000E+00 0
 650   12990.00   13010.00  0.000000000000000E+00  0.000000000000000E+00 0
# Underflow:                 7.5128821807239669E-07  1.5201969194182235E-09 2839095
# Overflow:                  0.0000000000000000E+00  0.0000000000000000E+00 0
#-------------------------------------------------------------------------------------
# Sum:                       3.0967724085576969E-04  1.2704926002468914E-07 84479000
#=====================================================================================
