# title = Transverse Momentum of W-Z system
# xlabel = $p_{\text{T},\text{WZ}}\,$[GeV]
# ylabel = $\frac{\text{d}\sigma}{\text{d}p_{\text{T},\text{WZ}}}\,\left[\frac{\text{fb}}{\text{GeV}}\right]$
# xmin=  0.000E+00
# xmax=  8.000E+02
# ymin=  1.000E-06
# ymax=  1.000E-02
# kmin= -5.000E+01
# kmax=  1.000E+01
# logscale = true
# Renormalization and factorization scale scaled by: 1.0000000000
# Renormalization scaled by: 1.0000000000
# Number of generated events: 1019943521
#
#=====================================================================================
# No.       Left      Right                   Value                   Error Hits
#-------------------------------------------------------------------------------------
   1      10.00      30.00  6.697692541839166E-07  1.546840244070563E-09 3497420
   2      30.00      50.00  1.167918327678405E-06  1.923458056306320E-09 4552338
   3      50.00      70.00  1.468127960349817E-06  2.157057768802404E-09 4860984
   4      70.00      90.00  1.564808414254615E-06  2.229865816106121E-09 4885658
   5      90.00     110.00  1.526792441313610E-06  2.169010523919981E-09 4744881
   6     110.00     130.00  1.406062885581293E-06  2.049562800774429E-09 4507601
   7     130.00     150.00  1.243174975955838E-06  1.826888247510386E-09 4214711
   8     150.00     170.00  1.068665553647471E-06  1.610599557017629E-09 3905504
   9     170.00     190.00  9.095222005207065E-07  1.459269218267121E-09 3597255
  10     190.00     210.00  7.656039119508128E-07  1.297989753673423E-09 3298441
  11     210.00     230.00  6.391771995866096E-07  1.166972506741162E-09 3016690
  12     230.00     250.00  5.286855746009020E-07  1.011165291045083E-09 2757954
  13     250.00     270.00  4.371802713337862E-07  8.923030917661198E-10 2522791
  14     270.00     290.00  3.588746622617776E-07  7.824606644822152E-10 2304956
  15     290.00     310.00  2.925352532192428E-07  6.737621865965314E-10 2106791
  16     310.00     330.00  2.396206805990417E-07  5.878243524148937E-10 1928648
  17     330.00     350.00  1.954977869115229E-07  5.161023284877177E-10 1761628
  18     350.00     370.00  1.594352579333825E-07  4.556157372195008E-10 1616602
  19     370.00     390.00  1.293875095856055E-07  3.901968267009459E-10 1481669
  20     390.00     410.00  1.063945094018446E-07  3.467978391947028E-10 1367157
  21     410.00     430.00  8.673886388021168E-08  2.990685280975836E-10 1257364
  22     430.00     450.00  7.132856892596923E-08  2.623486630734473E-10 1160518
  23     450.00     470.00  5.864706532089778E-08  2.340756551184571E-10 1073079
  24     470.00     490.00  4.832785256340631E-08  2.019054354600131E-10 994832
  25     490.00     510.00  3.998411921860669E-08  1.783904139391543E-10 923772
  26     510.00     530.00  3.318857966044341E-08  1.584805328636570E-10 857838
  27     530.00     550.00  2.744801907660335E-08  1.372946396844699E-10 797402
  28     550.00     570.00  2.295506475213466E-08  1.204324001889032E-10 745573
  29     570.00     590.00  1.918243545803249E-08  1.062493370489968E-10 695102
  30     590.00     610.00  1.602290900297694E-08  9.144441489180171E-11 650224
  31     610.00     630.00  1.347999605312229E-08  8.232996908517968E-11 606862
  32     630.00     650.00  1.130674811387612E-08  7.231279234634279E-11 567164
  33     650.00     670.00  9.506689349183152E-09  6.146936021232860E-11 532830
  34     670.00     690.00  8.175153678122879E-09  5.614544585358724E-11 500637
  35     690.00     710.00  6.971308664252356E-09  5.126971023885233E-11 470553
  36     710.00     730.00  5.867436305258572E-09  4.414770288673967E-11 442541
  37     730.00     750.00  4.941435886899913E-09  3.839094907656705E-11 417444
  38     750.00     770.00  4.339024744464197E-09  3.527808317064620E-11 391766
  39     770.00     790.00  3.725572339017102E-09  3.203513738989751E-11 369805
  40     790.00     810.00  3.101371412070887E-09  2.669711714249780E-11 349136
  41     810.00     830.00  2.696765356141216E-09  2.493118145861391E-11 329599
  42     830.00     850.00  2.338987006445479E-09  2.101583556798740E-11 311734
  43     850.00     870.00  1.979267646876071E-09  1.856838459017493E-11 294167
  44     870.00     890.00  1.728595981391350E-09  1.672358383971111E-11 278461
  45     890.00     910.00  1.513896303532934E-09  1.550263774269829E-11 263677
  46     910.00     930.00  1.311962196412654E-09  1.384454862161563E-11 250125
  47     930.00     950.00  1.158493016583117E-09  1.282300952020523E-11 236407
  48     950.00     970.00  1.010010831543883E-09  1.158774369228042E-11 224496
  49     970.00     990.00  8.707647773952392E-10  9.508022288384066E-12 213268
  50     990.00    1010.00  7.556142116093447E-10  9.085315924692619E-12 202354
  51    1010.00    1030.00  6.759703823662179E-10  8.851821223858862E-12 192758
  52    1030.00    1050.00  6.055130669740964E-10  7.325533466004688E-12 183478
  53    1050.00    1070.00  5.127609834550776E-10  6.545217891184029E-12 173386
  54    1070.00    1090.00  4.662862998158114E-10  6.513835445225930E-12 165419
  55    1090.00    1110.00  4.137557990403465E-10  5.556817415726484E-12 157541
  56    1110.00    1130.00  3.645304915470852E-10  5.057474392433583E-12 149877
  57    1130.00    1150.00  3.158847152446954E-10  4.634912190283425E-12 143219
  58    1150.00    1170.00  2.815487040499916E-10  4.239169467059626E-12 136049
  59    1170.00    1190.00  2.534221793841558E-10  3.821885435409856E-12 129948
  60    1190.00    1210.00  2.235039759111811E-10  3.442993456483811E-12 123383
  61    1210.00    1230.00  2.009939655083705E-10  3.121417676130188E-12 117603
  62    1230.00    1250.00  1.792241241865348E-10  2.855820739305748E-12 112002
  63    1250.00    1270.00  1.621278518030447E-10  2.663466103691177E-12 107623
  64    1270.00    1290.00  1.435139876438205E-10  2.286037730907607E-12 102368
  65    1290.00    1310.00  1.280388864640748E-10  2.423209029026906E-12 97758
  66    1310.00    1330.00  1.172030272058677E-10  2.168458370420037E-12 93825
  67    1330.00    1350.00  1.007286551581862E-10  1.762011259919594E-12 89713
  68    1350.00    1370.00  9.029431475072475E-11  1.677341930093618E-12 85805
  69    1370.00    1390.00  8.296439150927667E-11  1.609965430103183E-12 81681
  70    1390.00    1410.00  7.521618808785511E-11  1.577129412775064E-12 78482
  71    1410.00    1430.00  6.662372495612687E-11  1.327526403517626E-12 75081
  72    1430.00    1450.00  6.197139253438130E-11  1.379230024043039E-12 71789
  73    1450.00    1470.00  5.634539922442117E-11  1.289879753238104E-12 69108
  74    1470.00    1490.00  4.957347487658286E-11  1.131387193837797E-12 66073
  75    1490.00    1510.00  4.516484840483736E-11  1.100123323679146E-12 63432
  76    1510.00    1530.00  4.264941106017372E-11  1.103305177822503E-12 60150
  77    1530.00    1550.00  3.703548499073037E-11  1.043973327875301E-12 57868
  78    1550.00    1570.00  3.418139744885647E-11  8.300777675941700E-13 55366
  79    1570.00    1590.00  3.082917411961109E-11  8.562259398870246E-13 52821
  80    1590.00    1610.00  2.953590970696795E-11  8.607448435748853E-13 51337
  81    1610.00    1630.00  2.482406205460265E-11  6.651134479707318E-13 48648
  82    1630.00    1650.00  2.368172342345938E-11  7.065255360500282E-13 46608
  83    1650.00    1670.00  2.063325140228310E-11  5.990460090443111E-13 44677
  84    1670.00    1690.00  1.817703117230778E-11  4.990097921016261E-13 43372
  85    1690.00    1710.00  1.746307778320526E-11  5.618693248781812E-13 41640
  86    1710.00    1730.00  1.534331289070260E-11  4.989447172736976E-13 39656
  87    1730.00    1750.00  1.439604458203589E-11  4.432316312988388E-13 38229
  88    1750.00    1770.00  1.329370467574495E-11  4.004574485178168E-13 36560
  89    1770.00    1790.00  1.156552831483117E-11  4.305740230810458E-13 34678
  90    1790.00    1810.00  1.115684501940142E-11  4.302082453959628E-13 33782
  91    1810.00    1830.00  9.971608502211358E-12  4.113941763650031E-13 32198
  92    1830.00    1850.00  9.490984195800897E-12  3.544137877619168E-13 31401
  93    1850.00    1870.00  8.318667340498687E-12  3.018809617746173E-13 29983
  94    1870.00    1890.00  7.519754003650615E-12  2.892402699751055E-13 28821
  95    1890.00    1910.00  7.041352771246417E-12  2.773906064456365E-13 27088
  96    1910.00    1930.00  6.720224880723511E-12  2.914948991563236E-13 26691
  97    1930.00    1950.00  5.882265906268859E-12  2.283265871809961E-13 25971
  98    1950.00    1970.00  5.410937043564640E-12  3.711912948862068E-13 24374
  99    1970.00    1990.00  5.151405378469923E-12  2.189087003975894E-13 23685
 100    1990.00    2010.00  4.582238111363721E-12  2.170422336082841E-13 22717
 101    2010.00    2030.00  4.222372938084238E-12  1.882517920228686E-13 21829
 102    2030.00    2050.00  3.752164334267991E-12  1.694875059582411E-13 20916
 103    2050.00    2070.00  3.362046233893458E-12  1.528867641122467E-13 20418
 104    2070.00    2090.00  3.494118807251115E-12  1.918549663650065E-13 19478
 105    2090.00    2110.00  2.846980122080929E-12  1.381965314156268E-13 18697
 106    2110.00    2130.00  2.815008822416991E-12  1.318851342922859E-13 18118
 107    2130.00    2150.00  2.500410629880363E-12  1.240408603251852E-13 17069
 108    2150.00    2170.00  2.262658501450424E-12  1.050802222028863E-13 16610
 109    2170.00    2190.00  2.251811369476241E-12  1.257647302566304E-13 16088
 110    2190.00    2210.00  1.986475654159207E-12  1.296321770475696E-13 15566
 111    2210.00    2230.00  1.655603481994362E-12  7.745572563413328E-14 14713
 112    2230.00    2250.00  1.594691238199479E-12  8.650769720207953E-14 14198
 113    2250.00    2270.00  1.509319713226530E-12  9.134984941335071E-14 13678
 114    2270.00    2290.00  1.434672792534645E-12  8.930962702342731E-14 13463
 115    2290.00    2310.00  1.261755933996554E-12  7.908246399040808E-14 12837
 116    2310.00    2330.00  1.283113662549465E-12  9.341476751907688E-14 12239
 117    2330.00    2350.00  1.113324440764943E-12  5.595423251387774E-14 11821
 118    2350.00    2370.00  1.059418770560660E-12  6.532684444740901E-14 11271
 119    2370.00    2390.00  9.402188268047966E-13  5.149054807681421E-14 10913
 120    2390.00    2410.00  9.036397462316372E-13  6.872399051756081E-14 10614
 121    2410.00    2430.00  8.202510839898578E-13  5.417492729407561E-14 10159
 122    2430.00    2450.00  7.752874591630857E-13  4.830899870656775E-14 9645
 123    2450.00    2470.00  6.213043644980281E-13  3.088117852470451E-14 9428
 124    2470.00    2490.00  6.237502587674810E-13  3.610990667651883E-14 8970
 125    2490.00    2510.00  5.848838968355998E-13  3.834988864105612E-14 8656
 126    2510.00    2530.00  5.572158146597452E-13  3.138192031637998E-14 8258
 127    2530.00    2550.00  5.204741014870580E-13  4.160517780247422E-14 8117
 128    2550.00    2570.00  4.830063141680456E-13  3.165084320688950E-14 7746
 129    2570.00    2590.00  4.802282011576730E-13  3.893969360088342E-14 7520
 130    2590.00    2610.00  3.850623053144587E-13  3.520193741957855E-14 7219
 131    2610.00    2630.00  3.583918561438614E-13  2.353832291254926E-14 6987
 132    2630.00    2650.00  3.473144883077956E-13  2.372307346676374E-14 6620
 133    2650.00    2670.00  3.263739303141696E-13  2.506851036844804E-14 6470
 134    2670.00    2690.00  2.701147509690867E-13  1.561421659721214E-14 6169
 135    2690.00    2710.00  3.186857520419347E-13  2.263546041740930E-14 5820
 136    2710.00    2730.00  2.720769884270938E-13  1.732761982952005E-14 5814
 137    2730.00    2750.00  2.527514084773904E-13  1.758219925562518E-14 5490
 138    2750.00    2770.00  2.431290967670462E-13  2.179875841409799E-14 5296
 139    2770.00    2790.00  2.158094105206569E-13  1.863122891958565E-14 5102
 140    2790.00    2810.00  1.947941921289966E-13  1.463161399219488E-14 4941
 141    2810.00    2830.00  2.035923637486866E-13  1.620996714169493E-14 4768
 142    2830.00    2850.00  2.130101483831599E-13  2.492652418540394E-14 4601
 143    2850.00    2870.00  1.607380299940904E-13  1.100004915926044E-14 4475
 144    2870.00    2890.00  1.809256950907932E-13  1.902439159892019E-14 4256
 145    2890.00    2910.00  1.534529315549643E-13  1.136782620762142E-14 4165
 146    2910.00    2930.00  1.484717971786069E-13  1.381821101932210E-14 3970
 147    2930.00    2950.00  1.348303119351482E-13  1.122583146191898E-14 3866
 148    2950.00    2970.00  1.117221898753363E-13  1.014124899134599E-14 3623
 149    2970.00    2990.00  1.307178498478800E-13  1.143119942390670E-14 3519
 150    2990.00    3010.00  1.068397555097899E-13  8.320208863951735E-15 3414
 151    3010.00    3030.00  1.118538825171518E-13  1.129351137433088E-14 3319
 152    3030.00    3050.00  9.650946535688838E-14  6.685207224084518E-15 3105
 153    3050.00    3070.00  8.106634798523012E-14  7.381461800147097E-15 2950
 154    3070.00    3090.00  9.283358726701390E-14  8.126963396814173E-15 2867
 155    3090.00    3110.00  9.870926921690111E-14  1.283935137824801E-14 2864
 156    3110.00    3130.00  7.107237523477932E-14  5.656838553000992E-15 2641
 157    3130.00    3150.00  7.262628062465104E-14  6.439900394046066E-15 2579
 158    3150.00    3170.00  7.001724669559616E-14  5.913235694845086E-15 2435
 159    3170.00    3190.00  6.480903921809981E-14  7.441412018734019E-15 2382
 160    3190.00    3210.00  7.053156126956812E-14  1.146728084680281E-14 2253
 161    3210.00    3230.00  5.697722920627738E-14  5.704726055847195E-15 2302
 162    3230.00    3250.00  7.427216664116771E-14  1.086442573113467E-14 2179
 163    3250.00    3270.00  5.175933507009250E-14  5.099986442473029E-15 2052
 164    3270.00    3290.00  5.179508428966307E-14  7.139369599907233E-15 1962
 165    3290.00    3310.00  5.088823432442086E-14  5.392627712638908E-15 1928
 166    3310.00    3330.00  4.075771109357305E-14  5.126538195760150E-15 1841
 167    3330.00    3350.00  5.382343472489217E-14  8.795746187221380E-15 1788
 168    3350.00    3370.00  4.268035898409895E-14  5.273731508884322E-15 1643
 169    3370.00    3390.00  4.055924825490632E-14  6.449579490570626E-15 1648
 170    3390.00    3410.00  3.616632968833149E-14  3.794862449374708E-15 1618
 171    3410.00    3430.00  3.149929942022052E-14  3.141404535398068E-15 1521
 172    3430.00    3450.00  3.299278533585756E-14  4.364127576042192E-15 1398
 173    3450.00    3470.00  3.934874821926542E-14  6.035910851222055E-15 1400
 174    3470.00    3490.00  3.513533581793087E-14  5.146165754425946E-15 1370
 175    3490.00    3510.00  2.842073385251957E-14  3.362457069348307E-15 1398
 176    3510.00    3530.00  2.928758922934523E-14  4.366036690567653E-15 1240
 177    3530.00    3550.00  2.988168960146292E-14  3.639708101551112E-15 1166
 178    3550.00    3570.00  3.112537298784475E-14  4.445632713609095E-15 1241
 179    3570.00    3590.00  2.681917997715622E-14  3.490999068558768E-15 1122
 180    3590.00    3610.00  2.651602909500960E-14  4.701648001011471E-15 1057
 181    3610.00    3630.00  2.776511968211154E-14  4.934770667275049E-15 1054
 182    3630.00    3650.00  2.017015640082765E-14  2.544868733145649E-15 962
 183    3650.00    3670.00  2.057978075818604E-14  3.435782570940034E-15 942
 184    3670.00    3690.00  2.483022865784115E-14  8.295771134084525E-15 906
 185    3690.00    3710.00  1.357342440560321E-14  2.465922057519904E-15 820
 186    3710.00    3730.00  1.291912506322889E-14  2.275860749670766E-15 827
 187    3730.00    3750.00  2.133175348320224E-14  6.583843753283569E-15 788
 188    3750.00    3770.00  1.112509767959818E-14  1.409007887565498E-15 795
 189    3770.00    3790.00  1.729689586315581E-14  3.005363850311514E-15 737
 190    3790.00    3810.00  1.587328298594247E-14  2.670722949781047E-15 720
 191    3810.00    3830.00  9.899943738752211E-15  1.637360300836007E-15 654
 192    3830.00    3850.00  2.079399579486838E-14  1.072716266064742E-14 645
 193    3850.00    3870.00  1.268951434614006E-14  3.180064687900545E-15 616
 194    3870.00    3890.00  1.026024694990936E-14  2.287249203443592E-15 655
 195    3890.00    3910.00  1.653741114909068E-14  3.706697981867125E-15 651
 196    3910.00    3930.00  8.051017148699622E-15  1.383544276419281E-15 521
 197    3930.00    3950.00  8.518132104095567E-15  1.699519858526306E-15 546
 198    3950.00    3970.00  5.958063893452525E-15  1.017513008678810E-15 493
 199    3970.00    3990.00  6.172893124413959E-15  1.057493653848746E-15 483
 200    3990.00    4010.00  7.599485750612161E-15  1.778195153449032E-15 463
 201    4010.00    4030.00  9.079406065754870E-15  1.971847576864775E-15 447
 202    4030.00    4050.00  5.213594747959353E-15  1.127349551568847E-15 457
 203    4050.00    4070.00  5.867745472203784E-15  1.285691559435047E-15 419
 204    4070.00    4090.00  7.211169335006983E-15  1.561690950828719E-15 412
 205    4090.00    4110.00  5.764311884668258E-15  1.409506736482245E-15 396
 206    4110.00    4130.00  9.572894729358471E-15  3.361374650708234E-15 356
 207    4130.00    4150.00  3.714541771197061E-15  6.962152163525214E-16 354
 208    4150.00    4170.00  3.995331216039977E-15  6.707110982280079E-16 344
 209    4170.00    4190.00  3.614201609703217E-15  1.288803474122544E-15 341
 210    4190.00    4210.00  2.338162025191496E-15  4.333364273312228E-16 309
 211    4210.00    4230.00  3.193606063501293E-15  5.522170864171358E-16 307
 212    4230.00    4250.00  3.299170090165671E-15  7.858022611601792E-16 275
 213    4250.00    4270.00  2.330492373012311E-15  3.949984867256108E-16 292
 214    4270.00    4290.00  2.803339974558716E-15  7.219972351755737E-16 263
 215    4290.00    4310.00  2.013985969110497E-15  6.861829507518736E-16 283
 216    4310.00    4330.00  3.085769474285378E-15  7.847729335672850E-16 240
 217    4330.00    4350.00  2.240395954909698E-15  5.936073178671657E-16 231
 218    4350.00    4370.00  2.415253764435926E-15  7.845484978480742E-16 208
 219    4370.00    4390.00  2.711050450548375E-15  8.566648227106638E-16 215
 220    4390.00    4410.00  9.667726777378994E-16  1.995877714165160E-16 198
 221    4410.00    4430.00  2.608291615817912E-15  1.069353255090504E-15 214
 222    4430.00    4450.00  1.519975690691721E-15  3.645782365302361E-16 190
 223    4450.00    4470.00  1.480538903454206E-15  6.676602456292095E-16 172
 224    4470.00    4490.00  1.263739400026577E-15  3.454722304448916E-16 175
 225    4490.00    4510.00  9.812355209581623E-16  2.317893235904007E-16 162
 226    4510.00    4530.00  2.105128888429244E-15  7.666218823522381E-16 136
 227    4530.00    4550.00  6.334210372940468E-16  1.272957440409507E-16 163
 228    4550.00    4570.00  7.474951522804166E-16  2.113480697168222E-16 145
 229    4570.00    4590.00  9.157305320849358E-16  3.311728664168032E-16 133
 230    4590.00    4610.00  9.923169823180964E-16  4.125745387520611E-16 125
 231    4610.00    4630.00  1.052283895105673E-15  4.028824315187790E-16 127
 232    4630.00    4650.00  2.871945319145573E-16  5.910786859946764E-17 119
 233    4650.00    4670.00  4.397878683876190E-16  1.300489255816306E-16 118
 234    4670.00    4690.00  6.406687959459251E-16  2.835722143247296E-16 99
 235    4690.00    4710.00  3.430127365024678E-16  1.339570987312066E-16 106
 236    4710.00    4730.00  2.740761860775787E-16  1.330043843656168E-16 77
 237    4730.00    4750.00  3.675281127130381E-16  1.115945273987435E-16 86
 238    4750.00    4770.00  2.706055106175294E-16  8.844284843223541E-17 89
 239    4770.00    4790.00  2.234900069799810E-16  8.114535813891932E-17 75
 240    4790.00    4810.00  2.359297604542154E-16  7.607482100550452E-17 75
 241    4810.00    4830.00  4.691589066716701E-16  2.103336766926939E-16 60
 242    4830.00    4850.00  6.817664718612395E-17  2.240462534433886E-17 68
 243    4850.00    4870.00  2.891842238687388E-16  1.176106297163069E-16 56
 244    4870.00    4890.00  4.198691453434990E-16  2.760251441900011E-16 65
 245    4890.00    4910.00  2.361889721861576E-16  8.974722962082978E-17 61
 246    4910.00    4930.00  1.233778914272923E-16  5.696812427617748E-17 52
 247    4930.00    4950.00  8.090310687272597E-17  3.303022368679953E-17 57
 248    4950.00    4970.00  5.875939269981319E-17  2.816577570468417E-17 44
 249    4970.00    4990.00  5.596879180339190E-17  1.908722745746780E-17 42
 250    4990.00    5010.00  2.159966607993254E-16  1.040888457686693E-16 53
 251    5010.00    5030.00  3.574419691129178E-17  1.259859463290349E-17 39
 252    5030.00    5050.00  2.315212851783106E-16  2.123125105603838E-16 42
 253    5050.00    5070.00  1.137667099293407E-16  9.163175489174053E-17 41
 254    5070.00    5090.00  4.699890504727113E-17  1.758423858607201E-17 31
 255    5090.00    5110.00  1.041680964586586E-16  4.961943671809093E-17 36
 256    5110.00    5130.00  3.577919039038370E-17  1.388517933965671E-17 40
 257    5130.00    5150.00  2.503358515400650E-17  1.103330850541790E-17 32
 258    5150.00    5170.00  3.071792934871226E-17  1.178126344621337E-17 29
 259    5170.00    5190.00  3.978082232103892E-17  1.323648558731721E-17 28
 260    5190.00    5210.00  7.319347588351568E-18  4.575032044585799E-18 13
 261    5210.00    5230.00  5.997850258360245E-18  2.349222590131260E-18 21
 262    5230.00    5250.00  1.437206728872773E-17  6.723336171467234E-18 23
 263    5250.00    5270.00  3.034671978668878E-17  2.212347143654383E-17 24
 264    5270.00    5290.00  5.101477503128483E-18  2.423145876942545E-18 21
 265    5290.00    5310.00  2.597146769756458E-17  1.674437476399910E-17 16
 266    5310.00    5330.00  1.413450072346800E-17  6.996497739491278E-18 17
 267    5330.00    5350.00  1.046951633220677E-17  3.988143675959150E-18 21
 268    5350.00    5370.00  1.744151859283525E-18  1.051053852241808E-18 15
 269    5370.00    5390.00  7.580666785950344E-18  6.703323531012883E-18 11
 270    5390.00    5410.00  8.260749945581174E-18  6.530477871084067E-18 12
 271    5410.00    5430.00  4.361120393326744E-19  2.637898017297359E-19 7
 272    5430.00    5450.00  1.940327273258521E-19  1.312693778316811E-19 6
 273    5450.00    5470.00  2.520941018078143E-17  2.167474400516101E-17 13
 274    5470.00    5490.00  1.140815581382592E-18  7.602134134069552E-19 7
 275    5490.00    5510.00  5.121815661032032E-18  4.022357341767140E-18 8
 276    5510.00    5530.00  3.913299409873094E-19  2.003638824936798E-19 9
 277    5530.00    5550.00  1.749205681749595E-18  1.628413760359419E-18 5
 278    5550.00    5570.00  5.018250430431297E-18  3.989475974927140E-18 8
 279    5570.00    5590.00  2.708493181066300E-19  1.618462495248492E-19 7
 280    5590.00    5610.00  6.412324024815767E-18  6.366895883740351E-18 3
 281    5610.00    5630.00  4.626470891474852E-21  2.763525496546605E-21 4
 282    5630.00    5650.00  7.687526388100424E-21  6.418670209801881E-21 2
 283    5650.00    5670.00  6.278099256647448E-19  5.792161951163345E-19 6
 284    5670.00    5690.00  2.414446705547986E-22  1.979877784153370E-22 2
 285    5690.00    5710.00  3.349544184496653E-21  3.349544182854628E-21 1
 286    5710.00    5730.00  2.051844937237299E-19  1.947202437744726E-19 4
 287    5730.00    5750.00  3.615713717780241E-19  2.675177964981477E-19 5
 288    5750.00    5770.00  5.576316779746224E-21  4.392817638476221E-21 2
 289    5770.00    5790.00  2.165683724102292E-20  2.165683723040623E-20 1
 290    5790.00    5810.00  0.000000000000000E+00  0.000000000000000E+00 0
 291    5810.00    5830.00  1.569669130523520E-21  9.964542950325207E-22 3
 292    5830.00    5850.00  2.441880320894812E-19  1.760575011457001E-19 2
 293    5850.00    5870.00  2.967896295269219E-21  2.965356566412338E-21 2
 294    5870.00    5890.00  2.435704508948376E-21  1.963235235244665E-21 2
 295    5890.00    5910.00  6.101377400161015E-23  5.875141513493424E-23 2
 296    5910.00    5930.00  3.311100217761336E-19  3.311100216138158E-19 1
 297    5930.00    5950.00  0.000000000000000E+00  0.000000000000000E+00 0
 298    5950.00    5970.00  0.000000000000000E+00  0.000000000000000E+00 0
 299    5970.00    5990.00  0.000000000000000E+00  0.000000000000000E+00 0
 300    5990.00    6010.00  3.534939532056484E-21  3.028763531209065E-21 3
 301    6010.00    6030.00  0.000000000000000E+00  0.000000000000000E+00 0
 302    6030.00    6050.00  0.000000000000000E+00  0.000000000000000E+00 0
 303    6050.00    6070.00  0.000000000000000E+00  0.000000000000000E+00 0
 304    6070.00    6090.00  0.000000000000000E+00  0.000000000000000E+00 0
 305    6090.00    6110.00  0.000000000000000E+00  0.000000000000000E+00 0
 306    6110.00    6130.00  0.000000000000000E+00  0.000000000000000E+00 0
 307    6130.00    6150.00  0.000000000000000E+00  0.000000000000000E+00 0
 308    6150.00    6170.00  0.000000000000000E+00  0.000000000000000E+00 0
 309    6170.00    6190.00  0.000000000000000E+00  0.000000000000000E+00 0
 310    6190.00    6210.00  0.000000000000000E+00  0.000000000000000E+00 0
 311    6210.00    6230.00  0.000000000000000E+00  0.000000000000000E+00 0
 312    6230.00    6250.00  0.000000000000000E+00  0.000000000000000E+00 0
 313    6250.00    6270.00  0.000000000000000E+00  0.000000000000000E+00 0
 314    6270.00    6290.00  0.000000000000000E+00  0.000000000000000E+00 0
 315    6290.00    6310.00  0.000000000000000E+00  0.000000000000000E+00 0
 316    6310.00    6330.00  0.000000000000000E+00  0.000000000000000E+00 0
 317    6330.00    6350.00  0.000000000000000E+00  0.000000000000000E+00 0
 318    6350.00    6370.00  0.000000000000000E+00  0.000000000000000E+00 0
 319    6370.00    6390.00  0.000000000000000E+00  0.000000000000000E+00 0
 320    6390.00    6410.00  0.000000000000000E+00  0.000000000000000E+00 0
 321    6410.00    6430.00  0.000000000000000E+00  0.000000000000000E+00 0
 322    6430.00    6450.00  0.000000000000000E+00  0.000000000000000E+00 0
 323    6450.00    6470.00  0.000000000000000E+00  0.000000000000000E+00 0
 324    6470.00    6490.00  0.000000000000000E+00  0.000000000000000E+00 0
 325    6490.00    6510.00  0.000000000000000E+00  0.000000000000000E+00 0
 326    6510.00    6530.00  0.000000000000000E+00  0.000000000000000E+00 0
 327    6530.00    6550.00  0.000000000000000E+00  0.000000000000000E+00 0
 328    6550.00    6570.00  0.000000000000000E+00  0.000000000000000E+00 0
 329    6570.00    6590.00  0.000000000000000E+00  0.000000000000000E+00 0
 330    6590.00    6610.00  0.000000000000000E+00  0.000000000000000E+00 0
 331    6610.00    6630.00  0.000000000000000E+00  0.000000000000000E+00 0
 332    6630.00    6650.00  0.000000000000000E+00  0.000000000000000E+00 0
 333    6650.00    6670.00  0.000000000000000E+00  0.000000000000000E+00 0
 334    6670.00    6690.00  0.000000000000000E+00  0.000000000000000E+00 0
 335    6690.00    6710.00  0.000000000000000E+00  0.000000000000000E+00 0
 336    6710.00    6730.00  0.000000000000000E+00  0.000000000000000E+00 0
 337    6730.00    6750.00  0.000000000000000E+00  0.000000000000000E+00 0
 338    6750.00    6770.00  0.000000000000000E+00  0.000000000000000E+00 0
 339    6770.00    6790.00  0.000000000000000E+00  0.000000000000000E+00 0
 340    6790.00    6810.00  0.000000000000000E+00  0.000000000000000E+00 0
 341    6810.00    6830.00  0.000000000000000E+00  0.000000000000000E+00 0
 342    6830.00    6850.00  0.000000000000000E+00  0.000000000000000E+00 0
 343    6850.00    6870.00  0.000000000000000E+00  0.000000000000000E+00 0
 344    6870.00    6890.00  0.000000000000000E+00  0.000000000000000E+00 0
 345    6890.00    6910.00  0.000000000000000E+00  0.000000000000000E+00 0
 346    6910.00    6930.00  0.000000000000000E+00  0.000000000000000E+00 0
 347    6930.00    6950.00  0.000000000000000E+00  0.000000000000000E+00 0
 348    6950.00    6970.00  0.000000000000000E+00  0.000000000000000E+00 0
 349    6970.00    6990.00  0.000000000000000E+00  0.000000000000000E+00 0
 350    6990.00    7010.00  0.000000000000000E+00  0.000000000000000E+00 0
 351    7010.00    7030.00  0.000000000000000E+00  0.000000000000000E+00 0
 352    7030.00    7050.00  0.000000000000000E+00  0.000000000000000E+00 0
 353    7050.00    7070.00  0.000000000000000E+00  0.000000000000000E+00 0
 354    7070.00    7090.00  0.000000000000000E+00  0.000000000000000E+00 0
 355    7090.00    7110.00  0.000000000000000E+00  0.000000000000000E+00 0
 356    7110.00    7130.00  0.000000000000000E+00  0.000000000000000E+00 0
 357    7130.00    7150.00  0.000000000000000E+00  0.000000000000000E+00 0
 358    7150.00    7170.00  0.000000000000000E+00  0.000000000000000E+00 0
 359    7170.00    7190.00  0.000000000000000E+00  0.000000000000000E+00 0
 360    7190.00    7210.00  0.000000000000000E+00  0.000000000000000E+00 0
 361    7210.00    7230.00  0.000000000000000E+00  0.000000000000000E+00 0
 362    7230.00    7250.00  0.000000000000000E+00  0.000000000000000E+00 0
 363    7250.00    7270.00  0.000000000000000E+00  0.000000000000000E+00 0
 364    7270.00    7290.00  0.000000000000000E+00  0.000000000000000E+00 0
 365    7290.00    7310.00  0.000000000000000E+00  0.000000000000000E+00 0
 366    7310.00    7330.00  0.000000000000000E+00  0.000000000000000E+00 0
 367    7330.00    7350.00  0.000000000000000E+00  0.000000000000000E+00 0
 368    7350.00    7370.00  0.000000000000000E+00  0.000000000000000E+00 0
 369    7370.00    7390.00  0.000000000000000E+00  0.000000000000000E+00 0
 370    7390.00    7410.00  0.000000000000000E+00  0.000000000000000E+00 0
 371    7410.00    7430.00  0.000000000000000E+00  0.000000000000000E+00 0
 372    7430.00    7450.00  0.000000000000000E+00  0.000000000000000E+00 0
 373    7450.00    7470.00  0.000000000000000E+00  0.000000000000000E+00 0
 374    7470.00    7490.00  0.000000000000000E+00  0.000000000000000E+00 0
 375    7490.00    7510.00  0.000000000000000E+00  0.000000000000000E+00 0
 376    7510.00    7530.00  0.000000000000000E+00  0.000000000000000E+00 0
 377    7530.00    7550.00  0.000000000000000E+00  0.000000000000000E+00 0
 378    7550.00    7570.00  0.000000000000000E+00  0.000000000000000E+00 0
 379    7570.00    7590.00  0.000000000000000E+00  0.000000000000000E+00 0
 380    7590.00    7610.00  0.000000000000000E+00  0.000000000000000E+00 0
 381    7610.00    7630.00  0.000000000000000E+00  0.000000000000000E+00 0
 382    7630.00    7650.00  0.000000000000000E+00  0.000000000000000E+00 0
 383    7650.00    7670.00  0.000000000000000E+00  0.000000000000000E+00 0
 384    7670.00    7690.00  0.000000000000000E+00  0.000000000000000E+00 0
 385    7690.00    7710.00  0.000000000000000E+00  0.000000000000000E+00 0
 386    7710.00    7730.00  0.000000000000000E+00  0.000000000000000E+00 0
 387    7730.00    7750.00  0.000000000000000E+00  0.000000000000000E+00 0
 388    7750.00    7770.00  0.000000000000000E+00  0.000000000000000E+00 0
 389    7770.00    7790.00  0.000000000000000E+00  0.000000000000000E+00 0
 390    7790.00    7810.00  0.000000000000000E+00  0.000000000000000E+00 0
 391    7810.00    7830.00  0.000000000000000E+00  0.000000000000000E+00 0
 392    7830.00    7850.00  0.000000000000000E+00  0.000000000000000E+00 0
 393    7850.00    7870.00  0.000000000000000E+00  0.000000000000000E+00 0
 394    7870.00    7890.00  0.000000000000000E+00  0.000000000000000E+00 0
 395    7890.00    7910.00  0.000000000000000E+00  0.000000000000000E+00 0
 396    7910.00    7930.00  0.000000000000000E+00  0.000000000000000E+00 0
 397    7930.00    7950.00  0.000000000000000E+00  0.000000000000000E+00 0
 398    7950.00    7970.00  0.000000000000000E+00  0.000000000000000E+00 0
 399    7970.00    7990.00  0.000000000000000E+00  0.000000000000000E+00 0
 400    7990.00    8010.00  0.000000000000000E+00  0.000000000000000E+00 0
 401    8010.00    8030.00  0.000000000000000E+00  0.000000000000000E+00 0
 402    8030.00    8050.00  0.000000000000000E+00  0.000000000000000E+00 0
 403    8050.00    8070.00  0.000000000000000E+00  0.000000000000000E+00 0
 404    8070.00    8090.00  0.000000000000000E+00  0.000000000000000E+00 0
 405    8090.00    8110.00  0.000000000000000E+00  0.000000000000000E+00 0
 406    8110.00    8130.00  0.000000000000000E+00  0.000000000000000E+00 0
 407    8130.00    8150.00  0.000000000000000E+00  0.000000000000000E+00 0
 408    8150.00    8170.00  0.000000000000000E+00  0.000000000000000E+00 0
 409    8170.00    8190.00  0.000000000000000E+00  0.000000000000000E+00 0
 410    8190.00    8210.00  0.000000000000000E+00  0.000000000000000E+00 0
 411    8210.00    8230.00  0.000000000000000E+00  0.000000000000000E+00 0
 412    8230.00    8250.00  0.000000000000000E+00  0.000000000000000E+00 0
 413    8250.00    8270.00  0.000000000000000E+00  0.000000000000000E+00 0
 414    8270.00    8290.00  0.000000000000000E+00  0.000000000000000E+00 0
 415    8290.00    8310.00  0.000000000000000E+00  0.000000000000000E+00 0
 416    8310.00    8330.00  0.000000000000000E+00  0.000000000000000E+00 0
 417    8330.00    8350.00  0.000000000000000E+00  0.000000000000000E+00 0
 418    8350.00    8370.00  0.000000000000000E+00  0.000000000000000E+00 0
 419    8370.00    8390.00  0.000000000000000E+00  0.000000000000000E+00 0
 420    8390.00    8410.00  0.000000000000000E+00  0.000000000000000E+00 0
 421    8410.00    8430.00  0.000000000000000E+00  0.000000000000000E+00 0
 422    8430.00    8450.00  0.000000000000000E+00  0.000000000000000E+00 0
 423    8450.00    8470.00  0.000000000000000E+00  0.000000000000000E+00 0
 424    8470.00    8490.00  0.000000000000000E+00  0.000000000000000E+00 0
 425    8490.00    8510.00  0.000000000000000E+00  0.000000000000000E+00 0
 426    8510.00    8530.00  0.000000000000000E+00  0.000000000000000E+00 0
 427    8530.00    8550.00  0.000000000000000E+00  0.000000000000000E+00 0
 428    8550.00    8570.00  0.000000000000000E+00  0.000000000000000E+00 0
 429    8570.00    8590.00  0.000000000000000E+00  0.000000000000000E+00 0
 430    8590.00    8610.00  0.000000000000000E+00  0.000000000000000E+00 0
 431    8610.00    8630.00  0.000000000000000E+00  0.000000000000000E+00 0
 432    8630.00    8650.00  0.000000000000000E+00  0.000000000000000E+00 0
 433    8650.00    8670.00  0.000000000000000E+00  0.000000000000000E+00 0
 434    8670.00    8690.00  0.000000000000000E+00  0.000000000000000E+00 0
 435    8690.00    8710.00  0.000000000000000E+00  0.000000000000000E+00 0
 436    8710.00    8730.00  0.000000000000000E+00  0.000000000000000E+00 0
 437    8730.00    8750.00  0.000000000000000E+00  0.000000000000000E+00 0
 438    8750.00    8770.00  0.000000000000000E+00  0.000000000000000E+00 0
 439    8770.00    8790.00  0.000000000000000E+00  0.000000000000000E+00 0
 440    8790.00    8810.00  0.000000000000000E+00  0.000000000000000E+00 0
 441    8810.00    8830.00  0.000000000000000E+00  0.000000000000000E+00 0
 442    8830.00    8850.00  0.000000000000000E+00  0.000000000000000E+00 0
 443    8850.00    8870.00  0.000000000000000E+00  0.000000000000000E+00 0
 444    8870.00    8890.00  0.000000000000000E+00  0.000000000000000E+00 0
 445    8890.00    8910.00  0.000000000000000E+00  0.000000000000000E+00 0
 446    8910.00    8930.00  0.000000000000000E+00  0.000000000000000E+00 0
 447    8930.00    8950.00  0.000000000000000E+00  0.000000000000000E+00 0
 448    8950.00    8970.00  0.000000000000000E+00  0.000000000000000E+00 0
 449    8970.00    8990.00  0.000000000000000E+00  0.000000000000000E+00 0
 450    8990.00    9010.00  0.000000000000000E+00  0.000000000000000E+00 0
 451    9010.00    9030.00  0.000000000000000E+00  0.000000000000000E+00 0
 452    9030.00    9050.00  0.000000000000000E+00  0.000000000000000E+00 0
 453    9050.00    9070.00  0.000000000000000E+00  0.000000000000000E+00 0
 454    9070.00    9090.00  0.000000000000000E+00  0.000000000000000E+00 0
 455    9090.00    9110.00  0.000000000000000E+00  0.000000000000000E+00 0
 456    9110.00    9130.00  0.000000000000000E+00  0.000000000000000E+00 0
 457    9130.00    9150.00  0.000000000000000E+00  0.000000000000000E+00 0
 458    9150.00    9170.00  0.000000000000000E+00  0.000000000000000E+00 0
 459    9170.00    9190.00  0.000000000000000E+00  0.000000000000000E+00 0
 460    9190.00    9210.00  0.000000000000000E+00  0.000000000000000E+00 0
 461    9210.00    9230.00  0.000000000000000E+00  0.000000000000000E+00 0
 462    9230.00    9250.00  0.000000000000000E+00  0.000000000000000E+00 0
 463    9250.00    9270.00  0.000000000000000E+00  0.000000000000000E+00 0
 464    9270.00    9290.00  0.000000000000000E+00  0.000000000000000E+00 0
 465    9290.00    9310.00  0.000000000000000E+00  0.000000000000000E+00 0
 466    9310.00    9330.00  0.000000000000000E+00  0.000000000000000E+00 0
 467    9330.00    9350.00  0.000000000000000E+00  0.000000000000000E+00 0
 468    9350.00    9370.00  0.000000000000000E+00  0.000000000000000E+00 0
 469    9370.00    9390.00  0.000000000000000E+00  0.000000000000000E+00 0
 470    9390.00    9410.00  0.000000000000000E+00  0.000000000000000E+00 0
 471    9410.00    9430.00  0.000000000000000E+00  0.000000000000000E+00 0
 472    9430.00    9450.00  0.000000000000000E+00  0.000000000000000E+00 0
 473    9450.00    9470.00  0.000000000000000E+00  0.000000000000000E+00 0
 474    9470.00    9490.00  0.000000000000000E+00  0.000000000000000E+00 0
 475    9490.00    9510.00  0.000000000000000E+00  0.000000000000000E+00 0
 476    9510.00    9530.00  0.000000000000000E+00  0.000000000000000E+00 0
 477    9530.00    9550.00  0.000000000000000E+00  0.000000000000000E+00 0
 478    9550.00    9570.00  0.000000000000000E+00  0.000000000000000E+00 0
 479    9570.00    9590.00  0.000000000000000E+00  0.000000000000000E+00 0
 480    9590.00    9610.00  0.000000000000000E+00  0.000000000000000E+00 0
 481    9610.00    9630.00  0.000000000000000E+00  0.000000000000000E+00 0
 482    9630.00    9650.00  0.000000000000000E+00  0.000000000000000E+00 0
 483    9650.00    9670.00  0.000000000000000E+00  0.000000000000000E+00 0
 484    9670.00    9690.00  0.000000000000000E+00  0.000000000000000E+00 0
 485    9690.00    9710.00  0.000000000000000E+00  0.000000000000000E+00 0
 486    9710.00    9730.00  0.000000000000000E+00  0.000000000000000E+00 0
 487    9730.00    9750.00  0.000000000000000E+00  0.000000000000000E+00 0
 488    9750.00    9770.00  0.000000000000000E+00  0.000000000000000E+00 0
 489    9770.00    9790.00  0.000000000000000E+00  0.000000000000000E+00 0
 490    9790.00    9810.00  0.000000000000000E+00  0.000000000000000E+00 0
 491    9810.00    9830.00  0.000000000000000E+00  0.000000000000000E+00 0
 492    9830.00    9850.00  0.000000000000000E+00  0.000000000000000E+00 0
 493    9850.00    9870.00  0.000000000000000E+00  0.000000000000000E+00 0
 494    9870.00    9890.00  0.000000000000000E+00  0.000000000000000E+00 0
 495    9890.00    9910.00  0.000000000000000E+00  0.000000000000000E+00 0
 496    9910.00    9930.00  0.000000000000000E+00  0.000000000000000E+00 0
 497    9930.00    9950.00  0.000000000000000E+00  0.000000000000000E+00 0
 498    9950.00    9970.00  0.000000000000000E+00  0.000000000000000E+00 0
 499    9970.00    9990.00  0.000000000000000E+00  0.000000000000000E+00 0
 500    9990.00   10010.00  0.000000000000000E+00  0.000000000000000E+00 0
 501   10010.00   10030.00  0.000000000000000E+00  0.000000000000000E+00 0
 502   10030.00   10050.00  0.000000000000000E+00  0.000000000000000E+00 0
 503   10050.00   10070.00  0.000000000000000E+00  0.000000000000000E+00 0
 504   10070.00   10090.00  0.000000000000000E+00  0.000000000000000E+00 0
 505   10090.00   10110.00  0.000000000000000E+00  0.000000000000000E+00 0
 506   10110.00   10130.00  0.000000000000000E+00  0.000000000000000E+00 0
 507   10130.00   10150.00  0.000000000000000E+00  0.000000000000000E+00 0
 508   10150.00   10170.00  0.000000000000000E+00  0.000000000000000E+00 0
 509   10170.00   10190.00  0.000000000000000E+00  0.000000000000000E+00 0
 510   10190.00   10210.00  0.000000000000000E+00  0.000000000000000E+00 0
 511   10210.00   10230.00  0.000000000000000E+00  0.000000000000000E+00 0
 512   10230.00   10250.00  0.000000000000000E+00  0.000000000000000E+00 0
 513   10250.00   10270.00  0.000000000000000E+00  0.000000000000000E+00 0
 514   10270.00   10290.00  0.000000000000000E+00  0.000000000000000E+00 0
 515   10290.00   10310.00  0.000000000000000E+00  0.000000000000000E+00 0
 516   10310.00   10330.00  0.000000000000000E+00  0.000000000000000E+00 0
 517   10330.00   10350.00  0.000000000000000E+00  0.000000000000000E+00 0
 518   10350.00   10370.00  0.000000000000000E+00  0.000000000000000E+00 0
 519   10370.00   10390.00  0.000000000000000E+00  0.000000000000000E+00 0
 520   10390.00   10410.00  0.000000000000000E+00  0.000000000000000E+00 0
 521   10410.00   10430.00  0.000000000000000E+00  0.000000000000000E+00 0
 522   10430.00   10450.00  0.000000000000000E+00  0.000000000000000E+00 0
 523   10450.00   10470.00  0.000000000000000E+00  0.000000000000000E+00 0
 524   10470.00   10490.00  0.000000000000000E+00  0.000000000000000E+00 0
 525   10490.00   10510.00  0.000000000000000E+00  0.000000000000000E+00 0
 526   10510.00   10530.00  0.000000000000000E+00  0.000000000000000E+00 0
 527   10530.00   10550.00  0.000000000000000E+00  0.000000000000000E+00 0
 528   10550.00   10570.00  0.000000000000000E+00  0.000000000000000E+00 0
 529   10570.00   10590.00  0.000000000000000E+00  0.000000000000000E+00 0
 530   10590.00   10610.00  0.000000000000000E+00  0.000000000000000E+00 0
 531   10610.00   10630.00  0.000000000000000E+00  0.000000000000000E+00 0
 532   10630.00   10650.00  0.000000000000000E+00  0.000000000000000E+00 0
 533   10650.00   10670.00  0.000000000000000E+00  0.000000000000000E+00 0
 534   10670.00   10690.00  0.000000000000000E+00  0.000000000000000E+00 0
 535   10690.00   10710.00  0.000000000000000E+00  0.000000000000000E+00 0
 536   10710.00   10730.00  0.000000000000000E+00  0.000000000000000E+00 0
 537   10730.00   10750.00  0.000000000000000E+00  0.000000000000000E+00 0
 538   10750.00   10770.00  0.000000000000000E+00  0.000000000000000E+00 0
 539   10770.00   10790.00  0.000000000000000E+00  0.000000000000000E+00 0
 540   10790.00   10810.00  0.000000000000000E+00  0.000000000000000E+00 0
 541   10810.00   10830.00  0.000000000000000E+00  0.000000000000000E+00 0
 542   10830.00   10850.00  0.000000000000000E+00  0.000000000000000E+00 0
 543   10850.00   10870.00  0.000000000000000E+00  0.000000000000000E+00 0
 544   10870.00   10890.00  0.000000000000000E+00  0.000000000000000E+00 0
 545   10890.00   10910.00  0.000000000000000E+00  0.000000000000000E+00 0
 546   10910.00   10930.00  0.000000000000000E+00  0.000000000000000E+00 0
 547   10930.00   10950.00  0.000000000000000E+00  0.000000000000000E+00 0
 548   10950.00   10970.00  0.000000000000000E+00  0.000000000000000E+00 0
 549   10970.00   10990.00  0.000000000000000E+00  0.000000000000000E+00 0
 550   10990.00   11010.00  0.000000000000000E+00  0.000000000000000E+00 0
 551   11010.00   11030.00  0.000000000000000E+00  0.000000000000000E+00 0
 552   11030.00   11050.00  0.000000000000000E+00  0.000000000000000E+00 0
 553   11050.00   11070.00  0.000000000000000E+00  0.000000000000000E+00 0
 554   11070.00   11090.00  0.000000000000000E+00  0.000000000000000E+00 0
 555   11090.00   11110.00  0.000000000000000E+00  0.000000000000000E+00 0
 556   11110.00   11130.00  0.000000000000000E+00  0.000000000000000E+00 0
 557   11130.00   11150.00  0.000000000000000E+00  0.000000000000000E+00 0
 558   11150.00   11170.00  0.000000000000000E+00  0.000000000000000E+00 0
 559   11170.00   11190.00  0.000000000000000E+00  0.000000000000000E+00 0
 560   11190.00   11210.00  0.000000000000000E+00  0.000000000000000E+00 0
 561   11210.00   11230.00  0.000000000000000E+00  0.000000000000000E+00 0
 562   11230.00   11250.00  0.000000000000000E+00  0.000000000000000E+00 0
 563   11250.00   11270.00  0.000000000000000E+00  0.000000000000000E+00 0
 564   11270.00   11290.00  0.000000000000000E+00  0.000000000000000E+00 0
 565   11290.00   11310.00  0.000000000000000E+00  0.000000000000000E+00 0
 566   11310.00   11330.00  0.000000000000000E+00  0.000000000000000E+00 0
 567   11330.00   11350.00  0.000000000000000E+00  0.000000000000000E+00 0
 568   11350.00   11370.00  0.000000000000000E+00  0.000000000000000E+00 0
 569   11370.00   11390.00  0.000000000000000E+00  0.000000000000000E+00 0
 570   11390.00   11410.00  0.000000000000000E+00  0.000000000000000E+00 0
 571   11410.00   11430.00  0.000000000000000E+00  0.000000000000000E+00 0
 572   11430.00   11450.00  0.000000000000000E+00  0.000000000000000E+00 0
 573   11450.00   11470.00  0.000000000000000E+00  0.000000000000000E+00 0
 574   11470.00   11490.00  0.000000000000000E+00  0.000000000000000E+00 0
 575   11490.00   11510.00  0.000000000000000E+00  0.000000000000000E+00 0
 576   11510.00   11530.00  0.000000000000000E+00  0.000000000000000E+00 0
 577   11530.00   11550.00  0.000000000000000E+00  0.000000000000000E+00 0
 578   11550.00   11570.00  0.000000000000000E+00  0.000000000000000E+00 0
 579   11570.00   11590.00  0.000000000000000E+00  0.000000000000000E+00 0
 580   11590.00   11610.00  0.000000000000000E+00  0.000000000000000E+00 0
 581   11610.00   11630.00  0.000000000000000E+00  0.000000000000000E+00 0
 582   11630.00   11650.00  0.000000000000000E+00  0.000000000000000E+00 0
 583   11650.00   11670.00  0.000000000000000E+00  0.000000000000000E+00 0
 584   11670.00   11690.00  0.000000000000000E+00  0.000000000000000E+00 0
 585   11690.00   11710.00  0.000000000000000E+00  0.000000000000000E+00 0
 586   11710.00   11730.00  0.000000000000000E+00  0.000000000000000E+00 0
 587   11730.00   11750.00  0.000000000000000E+00  0.000000000000000E+00 0
 588   11750.00   11770.00  0.000000000000000E+00  0.000000000000000E+00 0
 589   11770.00   11790.00  0.000000000000000E+00  0.000000000000000E+00 0
 590   11790.00   11810.00  0.000000000000000E+00  0.000000000000000E+00 0
 591   11810.00   11830.00  0.000000000000000E+00  0.000000000000000E+00 0
 592   11830.00   11850.00  0.000000000000000E+00  0.000000000000000E+00 0
 593   11850.00   11870.00  0.000000000000000E+00  0.000000000000000E+00 0
 594   11870.00   11890.00  0.000000000000000E+00  0.000000000000000E+00 0
 595   11890.00   11910.00  0.000000000000000E+00  0.000000000000000E+00 0
 596   11910.00   11930.00  0.000000000000000E+00  0.000000000000000E+00 0
 597   11930.00   11950.00  0.000000000000000E+00  0.000000000000000E+00 0
 598   11950.00   11970.00  0.000000000000000E+00  0.000000000000000E+00 0
 599   11970.00   11990.00  0.000000000000000E+00  0.000000000000000E+00 0
 600   11990.00   12010.00  0.000000000000000E+00  0.000000000000000E+00 0
 601   12010.00   12030.00  0.000000000000000E+00  0.000000000000000E+00 0
 602   12030.00   12050.00  0.000000000000000E+00  0.000000000000000E+00 0
 603   12050.00   12070.00  0.000000000000000E+00  0.000000000000000E+00 0
 604   12070.00   12090.00  0.000000000000000E+00  0.000000000000000E+00 0
 605   12090.00   12110.00  0.000000000000000E+00  0.000000000000000E+00 0
 606   12110.00   12130.00  0.000000000000000E+00  0.000000000000000E+00 0
 607   12130.00   12150.00  0.000000000000000E+00  0.000000000000000E+00 0
 608   12150.00   12170.00  0.000000000000000E+00  0.000000000000000E+00 0
 609   12170.00   12190.00  0.000000000000000E+00  0.000000000000000E+00 0
 610   12190.00   12210.00  0.000000000000000E+00  0.000000000000000E+00 0
 611   12210.00   12230.00  0.000000000000000E+00  0.000000000000000E+00 0
 612   12230.00   12250.00  0.000000000000000E+00  0.000000000000000E+00 0
 613   12250.00   12270.00  0.000000000000000E+00  0.000000000000000E+00 0
 614   12270.00   12290.00  0.000000000000000E+00  0.000000000000000E+00 0
 615   12290.00   12310.00  0.000000000000000E+00  0.000000000000000E+00 0
 616   12310.00   12330.00  0.000000000000000E+00  0.000000000000000E+00 0
 617   12330.00   12350.00  0.000000000000000E+00  0.000000000000000E+00 0
 618   12350.00   12370.00  0.000000000000000E+00  0.000000000000000E+00 0
 619   12370.00   12390.00  0.000000000000000E+00  0.000000000000000E+00 0
 620   12390.00   12410.00  0.000000000000000E+00  0.000000000000000E+00 0
 621   12410.00   12430.00  0.000000000000000E+00  0.000000000000000E+00 0
 622   12430.00   12450.00  0.000000000000000E+00  0.000000000000000E+00 0
 623   12450.00   12470.00  0.000000000000000E+00  0.000000000000000E+00 0
 624   12470.00   12490.00  0.000000000000000E+00  0.000000000000000E+00 0
 625   12490.00   12510.00  0.000000000000000E+00  0.000000000000000E+00 0
 626   12510.00   12530.00  0.000000000000000E+00  0.000000000000000E+00 0
 627   12530.00   12550.00  0.000000000000000E+00  0.000000000000000E+00 0
 628   12550.00   12570.00  0.000000000000000E+00  0.000000000000000E+00 0
 629   12570.00   12590.00  0.000000000000000E+00  0.000000000000000E+00 0
 630   12590.00   12610.00  0.000000000000000E+00  0.000000000000000E+00 0
 631   12610.00   12630.00  0.000000000000000E+00  0.000000000000000E+00 0
 632   12630.00   12650.00  0.000000000000000E+00  0.000000000000000E+00 0
 633   12650.00   12670.00  0.000000000000000E+00  0.000000000000000E+00 0
 634   12670.00   12690.00  0.000000000000000E+00  0.000000000000000E+00 0
 635   12690.00   12710.00  0.000000000000000E+00  0.000000000000000E+00 0
 636   12710.00   12730.00  0.000000000000000E+00  0.000000000000000E+00 0
 637   12730.00   12750.00  0.000000000000000E+00  0.000000000000000E+00 0
 638   12750.00   12770.00  0.000000000000000E+00  0.000000000000000E+00 0
 639   12770.00   12790.00  0.000000000000000E+00  0.000000000000000E+00 0
 640   12790.00   12810.00  0.000000000000000E+00  0.000000000000000E+00 0
 641   12810.00   12830.00  0.000000000000000E+00  0.000000000000000E+00 0
 642   12830.00   12850.00  0.000000000000000E+00  0.000000000000000E+00 0
 643   12850.00   12870.00  0.000000000000000E+00  0.000000000000000E+00 0
 644   12870.00   12890.00  0.000000000000000E+00  0.000000000000000E+00 0
 645   12890.00   12910.00  0.000000000000000E+00  0.000000000000000E+00 0
 646   12910.00   12930.00  0.000000000000000E+00  0.000000000000000E+00 0
 647   12930.00   12950.00  0.000000000000000E+00  0.000000000000000E+00 0
 648   12950.00   12970.00  0.000000000000000E+00  0.000000000000000E+00 0
 649   12970.00   12990.00  0.000000000000000E+00  0.000000000000000E+00 0
 650   12990.00   13010.00  0.000000000000000E+00  0.000000000000000E+00 0
# Underflow:                 8.9882344591504998E-08  5.3330650361457487E-10 735584
# Overflow:                  0.0000000000000000E+00  0.0000000000000000E+00 0
#-------------------------------------------------------------------------------------
# Sum:                       3.0967724085578324E-04  1.2710085081012177E-07 84479000
#=====================================================================================
