# title = Invariant Mass visible System
# xlabel = $M_{\text{e}^+\mu^+\text{j}_1\text{j}_2}\,$[GeV]
# ylabel = $\frac{\text{d}\sigma}{\text{d}M_{\text{e}^+\mu^+\text{j}_1\text{j}_2}}\,\left[\frac{\text{fb}}{\text{GeV}}\right]$
# xmin=  4.000E+02
# xmax=  2.000E+03
# ymin=  1.000E-06
# ymax=  1.000E-03
# kmin= -5.000E+01
# kmax=  1.000E+01
# logscale = true
# Renormalization and factorization scale scaled by: 1.0000000000
# Renormalization scaled by: 1.0000000000
# Number of generated events: 1634909473
#	#	#
#=====================================================================================	#=====================================================================================	#=====================================================================================
# No.       Left      Right                   Value                   Error Hits
#-------------------------------------------------------------------------------------	#-------------------------------------------------------------------------------------	#-------------------------------------------------------------------------------------
   1       0.00      40.00  0.000000000000000E+00  0.000000000000000E+00 0	   1       0.00      40.00  0.000000000000000E+00  0.000000000000000E+00 0	   1       0.00      40.00  0.000000000000000E+00  0.000000000000000E+00 0
   2      40.00      80.00  0.000000000000000E+00  0.000000000000000E+00 0	   2      40.00      80.00  0.000000000000000E+00  0.000000000000000E+00 0	   2      40.00      80.00  0.000000000000000E+00  0.000000000000000E+00 0
   3      80.00     120.00  0.000000000000000E+00  0.000000000000000E+00 0	   3      80.00     120.00  0.000000000000000E+00  0.000000000000000E+00 0	   3      80.00     120.00  0.000000000000000E+00  0.000000000000000E+00 0
   4     120.00     160.00  0.000000000000000E+00  0.000000000000000E+00 0	   4     120.00     160.00  0.000000000000000E+00  0.000000000000000E+00 0	   4     120.00     160.00  0.000000000000000E+00  0.000000000000000E+00 0
   5     160.00     200.00  0.000000000000000E+00  0.000000000000000E+00 0	   5     160.00     200.00  0.000000000000000E+00  0.000000000000000E+00 0	   5     160.00     200.00  0.000000000000000E+00  0.000000000000000E+00 0
   6     200.00     240.00  0.000000000000000E+00  0.000000000000000E+00 0	   6     200.00     240.00  0.000000000000000E+00  0.000000000000000E+00 0	   6     200.00     240.00  0.000000000000000E+00  0.000000000000000E+00 0
   7     240.00     280.00  0.000000000000000E+00  0.000000000000000E+00 0	   7     240.00     280.00  0.000000000000000E+00  0.000000000000000E+00 0	   7     240.00     280.00  0.000000000000000E+00  0.000000000000000E+00 0
   8     280.00     320.00  0.000000000000000E+00  0.000000000000000E+00 0	   8     280.00     320.00  0.000000000000000E+00  0.000000000000000E+00 0	   8     280.00     320.00  0.000000000000000E+00  0.000000000000000E+00 0
   9     320.00     360.00  0.000000000000000E+00  0.000000000000000E+00 0	   9     320.00     360.00  0.000000000000000E+00  0.000000000000000E+00 0	   9     320.00     360.00  0.000000000000000E+00  0.000000000000000E+00 0
  10     360.00     400.00  0.000000000000000E+00  0.000000000000000E+00 0	  10     360.00     400.00  0.000000000000000E+00  0.000000000000000E+00 0	  10     360.00     400.00  0.000000000000000E+00  0.000000000000000E+00 0
  11     400.00     440.00  0.000000000000000E+00  0.000000000000000E+00 0	  11     400.00     440.00  0.000000000000000E+00  0.000000000000000E+00 0	  11     400.00     440.00  0.000000000000000E+00  0.000000000000000E+00 0
  12     440.00     480.00  0.000000000000000E+00  0.000000000000000E+00 0	  12     440.00     480.00  0.000000000000000E+00  0.000000000000000E+00 0	  12     440.00     480.00  0.000000000000000E+00  0.000000000000000E+00 0
  13     480.00     520.00  0.000000000000000E+00  0.000000000000000E+00 0	  13     480.00     520.00  0.000000000000000E+00  0.000000000000000E+00 0	  13     480.00     520.00  0.000000000000000E+00  0.000000000000000E+00 0
  14     520.00     560.00  2.093483933244262E-06  9.259218314628622E-08 45323	  14     520.00     560.00  1.617051556870602E-06  7.093427025281673E-08 45323	  14     520.00     560.00  2.775626066738108E-06  1.238674054516645E-07 45323
  15     560.00     600.00  8.079854097013831E-05  5.589335820831331E-07 2681812	  15     560.00     600.00  6.235882604482469E-05  4.274496321246781E-07 2681812	  15     560.00     600.00  1.072374553039778E-04  7.490855069202685E-07 2681812
  16     600.00     640.00  3.145707308054603E-04  9.916738475802771E-07 10015291	  16     600.00     640.00  2.426152395049045E-04  7.567269263932005E-07 10015291	  16     600.00     640.00  4.178709016330517E-04  1.332859337735694E-06 10015291
  17     640.00     680.00  6.013798601780574E-04  1.338837981248395E-06 17193737	  17     640.00     680.00  4.632251802025325E-04  1.018708834313078E-06 17193737	  17     640.00     680.00  8.001152206783266E-04  1.805563251895084E-06 17193737
  18     680.00     720.00  8.478742553956276E-04  1.567761618796653E-06 23249780	  18     680.00     720.00  6.521811790279853E-04  1.188173894832806E-06 23249780	  18     680.00     720.00  1.129974636374701E-03  2.124753856081924E-06 23249780
  19     720.00     760.00  1.024681849229648E-03  1.655645757039732E-06 28100352	  19     720.00     760.00  7.869985853524848E-04  1.252018083686139E-06 28100352	  19     720.00     760.00  1.368069727733829E-03  2.250041625567929E-06 28100352
  20     760.00     800.00  1.132993546778447E-03  1.635318980252089E-06 31886000	  20     760.00     800.00  8.689485049111074E-04  1.236039858336373E-06 31886000	  20     760.00     800.00  1.515246910025042E-03  2.223956708499853E-06 31886000
  21     800.00     840.00  1.187094369010285E-03  1.630311728150416E-06 34743037	  21     800.00     840.00  9.089752290209199E-04  1.227136702278553E-06 34743037	  21     800.00     840.00  1.590670130111686E-03  2.228935624813879E-06 34743037
  22     840.00     880.00  1.201169784363405E-03  1.578834616370595E-06 36890986	  22     840.00     880.00  9.182981830611825E-04  1.185782436584476E-06 36890986	  22     840.00     880.00  1.612554391348117E-03  2.164335012738794E-06 36890986
  23     880.00     920.00  1.190910094217471E-03  1.516737955659194E-06 38446160	  23     880.00     920.00  9.090955408565627E-04  1.137748800601024E-06 38446160	  23     880.00     920.00  1.601588207044303E-03  2.082266949359733E-06 38446160
  24     920.00     960.00  1.154465729782317E-03  1.447113892006360E-06 39527399	  24     920.00     960.00  8.799704071899626E-04  1.081489856620772E-06 39527399	  24     920.00     960.00  1.555300730765324E-03  1.996543702179580E-06 39527399
  25     960.00    1000.00  1.104330576451901E-03  1.359431809033896E-06 40239042	  25     960.00    1000.00  8.406344850542946E-04  1.015748257494146E-06 40239042	  25     960.00    1000.00  1.490081485447098E-03  1.875265224417822E-06 40239042
  26    1000.00    1040.00  1.047694945896111E-03  1.261759072929012E-06 40664244	  26    1000.00    1040.00  7.963853680645486E-04  9.414117477760756E-07 40664244	  26    1000.00    1040.00  1.416047781977646E-03  1.743694986267154E-06 40664244
  27    1040.00    1080.00  9.914740305949289E-04  1.215898781644825E-06 40851822	  27    1040.00    1080.00  7.526432665324513E-04  9.039011366048324E-07 40851822	  27    1040.00    1080.00  1.342157443905321E-03  1.688300407013585E-06 40851822
  28    1080.00    1120.00  9.328023879506560E-04  1.140607472981025E-06 40863906	  28    1080.00    1120.00  7.071389767028657E-04  8.472979955379550E-07 40863906	  28    1080.00    1120.00  1.264742272213269E-03  1.584778616604141E-06 40863906
  29    1120.00    1160.00  8.703125738687758E-04  1.112012597609976E-06 40734744	  29    1120.00    1160.00  6.589434718929269E-04  8.220367162085804E-07 40734744	  29    1120.00    1160.00  1.181736549003882E-03  1.554497014600607E-06 40734744
  30    1160.00    1200.00  8.120034610309269E-04  9.951897238342132E-07 40491202	  30    1160.00    1200.00  6.140845111175744E-04  7.376196418043388E-07 40491202	  30    1160.00    1200.00  1.104046233555795E-03  1.386615045343320E-06 40491202
  31    1200.00    1240.00  7.567433661849861E-04  9.388552599324748E-07 40180115	  31    1200.00    1240.00  5.715333688019860E-04  6.935295673019897E-07 40180115	  31    1200.00    1240.00  1.030516065972342E-03  1.313839667260813E-06 40180115
  32    1240.00    1280.00  7.017173863168230E-04  8.885053044614714E-07 39737096	  32    1240.00    1280.00  5.294042550657095E-04  6.536950103254324E-07 39737096	  32    1240.00    1280.00  9.567738961975930E-04  1.250556724875826E-06 39737096
  33    1280.00    1320.00  6.515769501451538E-04  8.352728022614708E-07 39296659	  33    1280.00    1320.00  4.909869680790241E-04  6.147665238690659E-07 39296659	  33    1280.00    1320.00  8.896472646326171E-04  1.174263478998305E-06 39296659
  34    1320.00    1360.00  6.032148187973312E-04  7.635086215721243E-07 38784347	  34    1320.00    1360.00  4.541042895742105E-04  5.627645118685373E-07 38784347	  34    1320.00    1360.00  8.245184670349930E-04  1.071093981829718E-06 38784347
  35    1360.00    1400.00  5.588858185267200E-04  7.162306341245910E-07 38243700	  35    1360.00    1400.00  4.202598397827218E-04  5.273695466416704E-07 38243700	  35    1360.00    1400.00  7.649194245516086E-04  1.006052793025934E-06 38243700
  36    1400.00    1440.00  5.181705644266506E-04  6.934841968591045E-07 37687634	  36    1400.00    1440.00  3.892381354449908E-04  5.086258695006135E-07 37687634	  36    1400.00    1440.00  7.100458720916527E-04  9.790532099982356E-07 37687634
  37    1440.00    1480.00  4.783244068451355E-04  6.312439465873115E-07 37106461	  37    1440.00    1480.00  3.589439061297769E-04  4.627355262388215E-07 37106461	  37    1440.00    1480.00  6.562068439798511E-04  8.922408726688423E-07 37106461
  38    1480.00    1520.00  4.412057129812749E-04  5.876938443602678E-07 36502238	  38    1480.00    1520.00  3.307423007314435E-04  4.309827556362740E-07 36502238	  38    1480.00    1520.00  6.060130862155535E-04  8.298068175829757E-07 36502238
  39    1520.00    1560.00  4.094582395647084E-04  5.694834672757417E-07 35892840	  39    1520.00    1560.00  3.066482872184839E-04  4.164359782869799E-07 35892840	  39    1520.00    1560.00  5.630306599185774E-04  8.070994171369375E-07 35892840
  40    1560.00    1600.00  3.778657360383083E-04  5.352891360068751E-07 35283331	  40    1560.00    1600.00  2.827328029687923E-04  3.910516981011689E-07 35283331	  40    1560.00    1600.00  5.201159573873280E-04  7.595216777349797E-07 35283331
  41    1600.00    1640.00  3.497308841789625E-04  4.901451008476104E-07 34672091	  41    1600.00    1640.00  2.614623851340354E-04  3.586902977613357E-07 34672091	  41    1600.00    1640.00  4.818436526598395E-04  6.938543302517240E-07 34672091
  42    1640.00    1680.00  3.231842017931576E-04  4.595386012868001E-07 34057347	  42    1640.00    1680.00  2.414058976628472E-04  3.359897080565881E-07 34057347	  42    1640.00    1680.00  4.457047507473476E-04  6.512433507941779E-07 34057347
  43    1680.00    1720.00  2.994785365042241E-04  4.337766478235849E-07 33441811	  43    1680.00    1720.00  2.234777693073777E-04  3.167639677198399E-07 33441811	  43    1680.00    1720.00  4.134775121363450E-04  6.156214253227833E-07 33441811
  44    1720.00    1760.00  2.762554559687504E-04  3.971451082073974E-07 32840320	  44    1720.00    1760.00  2.059954129603774E-04  2.904646445071045E-07 32840320	  44    1720.00    1760.00  3.817304723867334E-04  5.626417957667965E-07 32840320
  45    1760.00    1800.00  2.552737784281162E-04  3.803289535977717E-07 32238854	  45    1760.00    1800.00  1.901874134625295E-04  2.775542312589501E-07 32238854	  45    1760.00    1800.00  3.530861456509181E-04  5.404039699317568E-07 32238854
  46    1800.00    1840.00  2.367649063357300E-04  3.596456443249961E-07 31648883	  46    1800.00    1840.00  1.762376117198264E-04  2.621254436056267E-07 31648883	  46    1800.00    1840.00  3.278196807716918E-04  5.118000297482643E-07 31648883
  47    1840.00    1880.00  2.184867258763174E-04  3.438385309443451E-07 31060417	  47    1840.00    1880.00  1.624825571862100E-04  2.498320541375680E-07 31060417	  47    1840.00    1880.00  3.028259725375811E-04  4.912432518760249E-07 31060417
  48    1880.00    1920.00  2.022446221017878E-04  3.272932499181851E-07 30481605	  48    1880.00    1920.00  1.503061108555307E-04  2.377480692488441E-07 30481605	  48    1880.00    1920.00  2.805126611420435E-04  4.677085973282382E-07 30481605
  49    1920.00    1960.00  1.872132090012102E-04  3.024166814264911E-07 29916203	  49    1920.00    1960.00  1.390233670149088E-04  2.197722823000941E-07 29916203	  49    1920.00    1960.00  2.598994475289755E-04  4.319915379522825E-07 29916203
  50    1960.00    2000.00  1.736006192294632E-04  2.827754916427749E-07 29345060	  50    1960.00    2000.00  1.288194082344960E-04  2.057075901794444E-07 29345060	  50    1960.00    2000.00  2.411998082396412E-04  4.034007106270287E-07 29345060
  51    2000.00    2040.00  1.609899725141777E-04  2.701556324104403E-07 28799549	  51    2000.00    2040.00  1.193453012578047E-04  1.961455608773321E-07 28799549	  51    2000.00    2040.00  2.239264682510518E-04  3.862713643140740E-07 28799549
  52    2040.00    2080.00  1.488301644390812E-04  2.494357559445216E-07 28253838	  52    2040.00    2080.00  1.102667188789798E-04  1.814466209545764E-07 28253838	  52    2040.00    2080.00  2.071418035880809E-04  3.557637187433071E-07 28253838
  53    2080.00    2120.00  1.380818003366560E-04  2.391181776583615E-07 27724366	  53    2080.00    2120.00  1.022244802564722E-04  1.739337257301933E-07 27724366	  53    2080.00    2120.00  1.923448011582213E-04  3.409946898129850E-07 27724366
  54    2120.00    2160.00  1.279058969792650E-04  2.242722493896771E-07 27197066	  54    2120.00    2160.00  9.462066265732880E-05  1.630987585916191E-07 27197066	  54    2120.00    2160.00  1.783168387179632E-04  3.199293179518839E-07 27197066
  55    2160.00    2200.00  1.187753093276386E-04  2.142595744978340E-07 26693948	  55    2160.00    2200.00  8.779306492950859E-05  1.554848489780077E-07 26693948	  55    2160.00    2200.00  1.657461073796624E-04  3.065426352168437E-07 26693948
  56    2200.00    2240.00  1.099665976289068E-04  1.986771467400343E-07 26180644	  56    2200.00    2240.00  8.123067790728739E-05  1.443438410676788E-07 26180644	  56    2200.00    2240.00  1.535593593378561E-04  2.838595174677855E-07 26180644
  57    2240.00    2280.00  1.018880954961300E-04  1.892134883810963E-07 25693643	  57    2240.00    2280.00  7.521076001109740E-05  1.374043489082413E-07 25693643	  57    2240.00    2280.00  1.423877325618423E-04  2.704652775912511E-07 25693643
  58    2280.00    2320.00  9.451320669453908E-05  1.786455920294962E-07 25214198	  58    2280.00    2320.00  6.971467292918346E-05  1.295356763635397E-07 25214198	  58    2280.00    2320.00  1.321894577655292E-04  2.559378087418076E-07 25214198
  59    2320.00    2360.00  8.817557684144481E-05  1.760811564857287E-07 24742645	  59    2320.00    2360.00  6.497477338688975E-05  1.270325000321313E-07 24742645	  59    2320.00    2360.00  1.234685730371356E-04  2.538927205916612E-07 24742645
  60    2360.00    2400.00  8.153610012644622E-05  1.595566896532555E-07 24273707	  60    2360.00    2400.00  6.005211686640370E-05  1.156577760563616E-07 24273707	  60    2360.00    2400.00  1.142308233469463E-04  2.286083234063175E-07 24273707
  61    2400.00    2440.00  7.578940527209106E-05  1.529531015181185E-07 23820459	  61    2400.00    2440.00  5.578479657464509E-05  1.108031235911366E-07 23820459	  61    2400.00    2440.00  1.062534857807815E-04  2.193584268069414E-07 23820459
  62    2440.00    2480.00  7.031437954448574E-05  1.453968262119841E-07 23378813	  62    2440.00    2480.00  5.171549935884341E-05  1.052472729882158E-07 23378813	  62    2440.00    2480.00  9.866021714894911E-05  2.086641544752882E-07 23378813
  63    2480.00    2520.00  6.518915329396989E-05  1.352940753148753E-07 22942098	  63    2480.00    2520.00  4.791995823401916E-05  9.806677455284382E-08 22942098	  63    2480.00    2520.00  9.152017775203166E-05  1.938601440901179E-07 22942098
  64    2520.00    2560.00  6.068726306152970E-05  1.293589799627639E-07 22516265	  64    2520.00    2560.00  4.457497917045476E-05  9.368599612672651E-08 22516265	  64    2520.00    2560.00  8.527754568795137E-05  1.855327928364864E-07 22516265
  65    2560.00    2600.00  5.638985174681351E-05  1.228059174974720E-07 22101833	  65    2560.00    2600.00  4.138850385203506E-05  8.884049361388469E-08 22101833	  65    2560.00    2600.00  7.930306676809532E-05  1.764421279394835E-07 22101833
  66    2600.00    2640.00  5.259993772950999E-05  1.193281244713490E-07 21678345	  66    2600.00    2640.00  3.857506018956335E-05  8.627499257020184E-08 21678345	  66    2600.00    2640.00  7.404019600292135E-05  1.714508116477584E-07 21678345
  67    2640.00    2680.00  4.873897203508246E-05  1.166672425992033E-07 21288064	  67    2640.00    2680.00  3.572175237165571E-05  8.362623900509008E-08 21288064	  67    2640.00    2680.00  6.865256073178398E-05  1.697213220356601E-07 21288064
  68    2680.00    2720.00  4.543444592133100E-05  1.092274091550427E-07 20892247	  68    2680.00    2720.00  3.327919835397482E-05  7.868960982713701E-08 20892247	  68    2680.00    2720.00  6.403934665400327E-05  1.575772558603088E-07 20892247
  69    2720.00    2760.00  4.221539809493786E-05  1.005724296105802E-07 20520208	  69    2720.00    2760.00  3.090729952337552E-05  7.270676651280434E-08 20520208	  69    2720.00    2760.00  5.952897307785269E-05  1.445570845511265E-07 20520208
  70    2760.00    2800.00  3.923137314143460E-05  9.297847008095051E-08 20138387	  70    2760.00    2800.00  2.870494309838851E-05  6.727999907740625E-08 20138387	  70    2760.00    2800.00  5.535727263318496E-05  1.334429399278923E-07 20138387
  71    2800.00    2840.00  3.660800193409228E-05  9.055161020992681E-08 19771977	  71    2800.00    2840.00  2.676351082330436E-05  6.542294384691540E-08 19771977	  71    2800.00    2840.00  5.170486902661221E-05  1.302161300947957E-07 19771977
  72    2840.00    2880.00  3.400998917467608E-05  8.540763486690028E-08 19408812	  72    2840.00    2880.00  2.485372651566722E-05  6.176692002610311E-08 19408812	  72    2840.00    2880.00  4.805556023493428E-05  1.226639968154813E-07 19408812
  73    2880.00    2920.00  3.166390895768254E-05  8.178534822785381E-08 19066023	  73    2880.00    2920.00  2.311860681469612E-05  5.897211693816449E-08 19066023	  73    2880.00    2920.00  4.478594787050625E-05  1.179205065024300E-07 19066023
  74    2920.00    2960.00  2.943933331781159E-05  7.766394946989656E-08 18711103	  74    2920.00    2960.00  2.148212849018276E-05  5.607123879947269E-08 18711103	  74    2920.00    2960.00  4.166402818747715E-05  1.117468066047564E-07 18711103
  75    2960.00    3000.00  2.743265906885901E-05  7.346952379352938E-08 18370857	  75    2960.00    3000.00  2.000555107532701E-05  5.306334737918612E-08 18370857	  75    2960.00    3000.00  3.884960971909237E-05  1.056522256530064E-07 18370857
  76    3000.00    3040.00  2.558652808456665E-05  6.984122931088360E-08 18037719	  76    3000.00    3040.00  1.864367061082914E-05  5.032479655584785E-08 18037719	  76    3000.00    3040.00  3.626959684695543E-05  1.007512333950092E-07 18037719
  77    3040.00    3080.00  2.382999516359867E-05  6.771915920107002E-08 17719306	  77    3040.00    3080.00  1.735166665317273E-05  4.861281877417368E-08 17719306	  77    3040.00    3080.00  3.380576430759709E-05  9.822886215128416E-08 17719306
  78    3080.00    3120.00  2.214542520927587E-05  6.295692278923389E-08 17401507	  78    3080.00    3120.00  1.611473280559191E-05  4.535377050016523E-08 17401507	  78    3080.00    3120.00  3.143724247098247E-05  9.079660213248102E-08 17401507
  79    3120.00    3160.00  2.067889776575341E-05  5.959542807752207E-08 17094207	  79    3120.00    3160.00  1.504019471419241E-05  4.294776671260417E-08 17094207	  79    3120.00    3160.00  2.937042855057903E-05  8.590182628545730E-08 17094207
  80    3160.00    3200.00  1.911970161767315E-05  5.625262501286913E-08 16784361	  80    3160.00    3200.00  1.389758022971576E-05  4.052793331558432E-08 16784361	  80    3160.00    3200.00  2.717359983017737E-05  8.111899508662629E-08 16784361
  81    3200.00    3240.00  1.784910766017321E-05  5.498659855801131E-08 16486696	  81    3200.00    3240.00  1.296655478169906E-05  3.955155995821734E-08 16486696	  81    3200.00    3240.00  2.538345322758554E-05  7.944096676314186E-08 16486696
  82    3240.00    3280.00  1.673199799590259E-05  5.130204686611298E-08 16195219	  82    3240.00    3280.00  1.214493962721066E-05  3.692194279674892E-08 16195219	  82    3240.00    3280.00  2.381720661652836E-05  7.404599922287423E-08 16195219
  83    3280.00    3320.00  1.558301366871097E-05  5.072164654563106E-08 15909061	  83    3280.00    3320.00  1.130480589871993E-05  3.646041921519157E-08 15909061	  83    3280.00    3320.00  2.219387696902914E-05  7.326802072301513E-08 15909061
  84    3320.00    3360.00  1.454519666167453E-05  4.730903420014581E-08 15622173	  84    3320.00    3360.00  1.054525383339557E-05  3.395926536972293E-08 15622173	  84    3320.00    3360.00  2.073047543769807E-05  6.850833932266011E-08 15622173
  85    3360.00    3400.00  1.351888140820224E-05  4.532199921808616E-08 15347884	  85    3360.00    3400.00  9.795969265380683E-06  3.261475923194840E-08 15347884	  85    3360.00    3400.00  1.927815423006442E-05  6.537856801002121E-08 15347884
  86    3400.00    3440.00  1.261287669352458E-05  4.269272692415991E-08 15077217	  86    3400.00    3440.00  9.134011406848039E-06  3.066178234636376E-08 15077217	  86    3400.00    3440.00  1.799790875793186E-05  6.174165024261160E-08 15077217
  87    3440.00    3480.00  1.178899012617066E-05  4.130766724193638E-08 14820451	  87    3440.00    3480.00  8.532270400831518E-06  2.960993152969406E-08 14820451	  87    3440.00    3480.00  1.683329151170428E-05  5.993005187976296E-08 14820451
  88    3480.00    3520.00  1.098681532640325E-05  3.911133012314722E-08 14555371	  88    3480.00    3520.00  7.945504407838998E-06  2.800982557498329E-08 14555371	  88    3480.00    3520.00  1.570133253527503E-05  5.679572139978030E-08 14555371
  89    3520.00    3560.00  1.026378660871241E-05  3.703429516578114E-08 14304761	  89    3520.00    3560.00  7.417307911023424E-06  2.653490523683303E-08 14304761	  89    3520.00    3560.00  1.468022634399613E-05  5.372593153427314E-08 14304761
  90    3560.00    3600.00  9.539576593181266E-06  3.447687355042537E-08 14042343	  90    3560.00    3600.00  6.890752799069621E-06  2.470718327747584E-08 14042343	  90    3560.00    3600.00  1.365021907139202E-05  4.997626353433062E-08 14042343
  91    3600.00    3640.00  8.913314577220275E-06  3.384926305880554E-08 13815143	  91    3600.00    3640.00  6.435938470446895E-06  2.428280799332757E-08 13815143	  91    3600.00    3640.00  1.275878970960866E-05  4.897852643366736E-08 13815143
  92    3640.00    3680.00  8.303030954960254E-06  3.138140031895759E-08 13570644	  92    3640.00    3680.00  5.991105165899369E-06  2.249647414883445E-08 13570644	  92    3640.00    3680.00  1.189406970030103E-05  4.543542177256610E-08 13570644
  93    3680.00    3720.00  7.837151396683708E-06  3.127828884072664E-08 13338656	  93    3680.00    3720.00  5.649716632337306E-06  2.236936922314151E-08 13338656	  93    3680.00    3720.00  1.123855928425476E-05  4.542249855738242E-08 13338656
  94    3720.00    3760.00  7.237435372828321E-06  2.855076516757362E-08 13099274	  94    3720.00    3760.00  5.215064403748485E-06  2.042252774179110E-08 13099274	  94    3720.00    3760.00  1.038335347344259E-05  4.145831454876591E-08 13099274
  95    3760.00    3800.00  6.695201140483466E-06  2.678282400587993E-08 12879792	  95    3760.00    3800.00  4.823150050458072E-06  1.919299253318700E-08 12879792	  95    3760.00    3800.00  9.607240233366640E-06  3.878731262048196E-08 12879792
  96    3800.00    3840.00  6.333292101366677E-06  2.625272110362501E-08 12660048	  96    3800.00    3840.00  4.558929519348639E-06  1.875713444290155E-08 12660048	  96    3800.00    3840.00  9.095817235659276E-06  3.816132536993224E-08 12660048
  97    3840.00    3880.00  5.845190252464392E-06  2.466384232179713E-08 12444370	  97    3840.00    3880.00  4.203017738020878E-06  1.751491298252136E-08 12444370	  97    3840.00    3880.00  8.405709424036755E-06  3.618544927648620E-08 12444370
  98    3880.00    3920.00  5.491335804733378E-06  2.388136557719138E-08 12220529	  98    3880.00    3920.00  3.948640935255125E-06  1.708391967265467E-08 12220529	  98    3880.00    3920.00  7.895320024777071E-06  3.463784625054354E-08 12220529
  99    3920.00    3960.00  5.106450607885796E-06  2.221539062634906E-08 12012815	  99    3920.00    3960.00  3.668861515444226E-06  1.585798880308595E-08 12012815	  99    3920.00    3960.00  7.348803558844561E-06  3.230762414215876E-08 12012815
 100    3960.00    4000.00  4.763522921795645E-06  2.114273116432446E-08 11808537	 100    3960.00    4000.00  3.420744576048888E-06  1.507499035407021E-08 11808537	 100    3960.00    4000.00  6.858997193778095E-06  3.079848468307361E-08 11808537
 101    4000.00    4040.00  4.465766017924975E-06  1.996440861431584E-08 11605886	 101    4000.00    4040.00  3.204636130315686E-06  1.423599125535516E-08 11605886	 101    4000.00    4040.00  6.435367811847463E-06  2.906367189295606E-08 11605886
 102    4040.00    4080.00  4.144854509748007E-06  1.874931567814354E-08 11410308	 102    4040.00    4080.00  2.972881752449826E-06  1.339038510794259E-08 11410308	 102    4040.00    4080.00  5.975927141312757E-06  2.724354980224285E-08 11410308
 103    4080.00    4120.00  3.886790710866212E-06  1.877527357508817E-08 11214497	 103    4080.00    4120.00  2.784483499713155E-06  1.329375761371467E-08 11214497	 103    4080.00    4120.00  5.611744636775773E-06  2.759756232582455E-08 11214497
 104    4120.00    4160.00  3.606682409536331E-06  1.834539243834812E-08 11024626	 104    4120.00    4160.00  2.583136842533488E-06  1.302292308328717E-08 11024626	 104    4120.00    4160.00  5.208146567354218E-06  2.683631033991104E-08 11024626
 105    4160.00    4200.00  3.381482832546280E-06  1.703963384277246E-08 10836568	 105    4160.00    4200.00  2.420394517016189E-06  1.208734243465178E-08 10836568	 105    4160.00    4200.00  4.886181655152717E-06  2.495603295465643E-08 10836568
 106    4200.00    4240.00  3.175060514589586E-06  1.599328344479858E-08 10654064	 106    4200.00    4240.00  2.271103301596831E-06  1.136535344934336E-08 10654064	 106    4200.00    4240.00  4.591332133704830E-06  2.336972886591234E-08 10654064
 107    4240.00    4280.00  2.954598740689406E-06  1.495675131970192E-08 10471708	 107    4240.00    4280.00  2.112297338405655E-06  1.061308373182050E-08 10471708	 107    4240.00    4280.00  4.274762315404074E-06  2.188799213049113E-08 10471708
 108    4280.00    4320.00  2.741115219750942E-06  1.436729977593802E-08 10295252	 108    4280.00    4320.00  1.957696351779684E-06  1.014915391277077E-08 10295252	 108    4280.00    4320.00  3.970730284103033E-06  2.118026540416412E-08 10295252
 109    4320.00    4360.00  2.539817216654305E-06  1.315478627157372E-08 10122921	 109    4320.00    4360.00  1.813858127428721E-06  9.338545732022708E-09 10122921	 109    4320.00    4360.00  3.678684503202313E-06  1.923128891464953E-08 10122921
 110    4360.00    4400.00  2.400070621237235E-06  1.286227563596124E-08 9953401	 110    4360.00    4400.00  1.712563639091497E-06  9.105864175771968E-09 9953401	 110    4360.00    4400.00  3.479755938055078E-06  1.887253636958298E-08 9953401
 111    4400.00    4440.00  2.237189136216573E-06  1.223393280643606E-08 9782455	 111    4400.00    4440.00  1.595803830462938E-06  8.661431751365626E-09 9782455	 111    4400.00    4440.00  3.244600064208643E-06  1.794169778104418E-08 9782455
 112    4440.00    4480.00  2.084297479941253E-06  1.160481020755370E-08 9614274	 112    4440.00    4480.00  1.485641223591529E-06  8.210754384460300E-09 9614274	 112    4440.00    4480.00  3.025365708556817E-06  1.703564036924893E-08 9614274
 113    4480.00    4520.00  1.924464466793431E-06  1.065473638307335E-08 9456015	 113    4480.00    4520.00  1.370929661168396E-06  7.534446991705446E-09 9456015	 113    4480.00    4520.00  2.795146695158849E-06  1.564904197108810E-08 9456015
 114    4520.00    4560.00  1.820614109898617E-06  1.111181711761767E-08 9297004	 114    4520.00    4560.00  1.295707093673311E-06  7.794718074398675E-09 9297004	 114    4520.00    4560.00  2.647132721620636E-06  1.648735085522816E-08 9297004
 115    4560.00    4600.00  1.702904245009802E-06  1.002549580769888E-08 9139965	 115    4560.00    4600.00  1.211550819850776E-06  7.091157368956878E-09 9139965	 115    4560.00    4600.00  2.476609053760818E-06  1.471587119229265E-08 9139965
 116    4600.00    4640.00  1.580647114113587E-06  9.373005674624191E-09 8988606	 116    4600.00    4640.00  1.123829580200529E-06  6.605903989043838E-09 8988606	 116    4600.00    4640.00  2.300451077581044E-06  1.381369970587115E-08 8988606
 117    4640.00    4680.00  1.451215343369149E-06  8.715672368670139E-09 8835259	 117    4640.00    4680.00  1.031128197216089E-06  6.133256853860660E-09 8835259	 117    4640.00    4680.00  2.113653683395803E-06  1.287356385478179E-08 8835259
 118    4680.00    4720.00  1.373349584417703E-06  8.643434472959795E-09 8689431	 118    4680.00    4720.00  9.753359311207244E-07  6.081602366051927E-09 8689431	 118    4680.00    4720.00  2.001149988503457E-06  1.276056538922688E-08 8689431
 119    4720.00    4760.00  1.293299170567539E-06  8.311682196836176E-09 8547205	 119    4720.00    4760.00  9.178181717968391E-07  5.853178671882148E-09 8547205	 119    4720.00    4760.00  1.885991354598560E-06  1.225391106401700E-08 8547205
 120    4760.00    4800.00  1.184538974473400E-06  7.399987481813291E-09 8396982	 120    4760.00    4800.00  8.400987310129445E-07  5.206226004993835E-09 8396982	 120    4760.00    4800.00  1.728609127686898E-06  1.092403171024108E-08 8396982
 121    4800.00    4840.00  1.104659322326360E-06  7.122498920690128E-09 8256055	 121    4800.00    4840.00  7.830551677183984E-07  4.998801470770439E-09 8256055	 121    4800.00    4840.00  1.612776410557141E-06  1.054243184479802E-08 8256055
 122    4840.00    4880.00  1.036498749020066E-06  6.933683365779839E-09 8118484	 122    4840.00    4880.00  7.343696576790671E-07  4.869509016557132E-09 8118484	 122    4840.00    4880.00  1.514128861869625E-06  1.025587883172757E-08 8118484
 123    4880.00    4920.00  9.646868957380603E-07  6.199481554305432E-09 7981266	 123    4880.00    4920.00  6.831318876870869E-07  4.357897179066551E-09 7981266	 123    4880.00    4920.00  1.409976805773724E-06  9.156893207260213E-09 7981266
 124    4920.00    4960.00  9.125086123609527E-07  6.321375954152999E-09 7846202	 124    4920.00    4960.00  6.456459281928266E-07  4.427850225761349E-09 7846202	 124    4920.00    4960.00  1.334930558919332E-06  9.374628993600433E-09 7846202
 125    4960.00    5000.00  8.469905614279151E-07  6.116706450161974E-09 7714669	 125    4960.00    5000.00  5.987920746464548E-07  4.272242222216092E-09 7714669	 125    4960.00    5000.00  1.240257540291871E-06  9.106341867471866E-09 7714669
 126    5000.00    5040.00  7.839629815854718E-07  5.488420446296392E-09 7586206	 126    5000.00    5040.00  5.541032557669903E-07  3.831960908823351E-09 7586206	 126    5000.00    5040.00  1.148256327002106E-06  8.176131680226033E-09 7586206
 127    5040.00    5080.00  7.325377648501538E-07  5.381482265908341E-09 7460841	 127    5040.00    5080.00  5.173970989621249E-07  3.760535494980147E-09 7460841	 127    5040.00    5080.00  1.073629776987400E-06  8.002008829099985E-09 7460841
 128    5080.00    5120.00  6.751223550971274E-07  4.897203210235483E-09 7336870	 128    5080.00    5120.00  4.763220979221784E-07  3.410695633163901E-09 7336870	 128    5080.00    5120.00  9.907759452810572E-07  7.316715584780223E-09 7336870
 129    5120.00    5160.00  6.427823282519204E-07  4.873369884295781E-09 7209325	 129    5120.00    5160.00  4.534546352500191E-07  3.397923954550120E-09 7209325	 129    5120.00    5160.00  9.433044630988734E-07  7.262492061971104E-09 7209325
 130    5160.00    5200.00  5.917813739083029E-07  4.344000515634442E-09 7091114	 130    5160.00    5200.00  4.170573900924493E-07  3.024645705029497E-09 7091114	 130    5160.00    5200.00  8.694514283609586E-07  6.487452243437415E-09 7091114
 131    5200.00    5240.00  5.497647145329523E-07  4.134824375111875E-09 6972829	 131    5200.00    5240.00  3.873405302615071E-07  2.882410347447481E-09 6972829	 131    5200.00    5240.00  8.079067515212748E-07  6.165291527686327E-09 6972829
 132    5240.00    5280.00  5.174811975703434E-07  4.040209188155352E-09 6858462	 132    5240.00    5280.00  3.644686344840254E-07  2.816198864929083E-09 6858462	 132    5240.00    5280.00  7.606955795170911E-07  6.021175600086261E-09 6858462
 133    5280.00    5320.00  4.879578938076981E-07  3.948595971826717E-09 6737934	 133    5280.00    5320.00  3.433537700949692E-07  2.750852817239240E-09 6737934	 133    5280.00    5320.00  7.180462711147629E-07  5.888864143575161E-09 6737934
 134    5320.00    5360.00  4.444008470959744E-07  3.360836050755438E-09 6626890	 134    5320.00    5360.00  3.126629183749706E-07  2.344579394573393E-09 6626890	 134    5320.00    5360.00  6.539950612754821E-07  5.002697557019974E-09 6626890
 135    5360.00    5400.00  4.160276508330167E-07  3.248296908422952E-09 6514477	 135    5360.00    5400.00  2.925417526908567E-07  2.259384591369709E-09 6514477	 135    5360.00    5400.00  6.125872775762945E-07  4.853233627300884E-09 6514477
 136    5400.00    5440.00  3.825756863612466E-07  2.956645668242949E-09 6406441	 136    5400.00    5440.00  2.690449375069628E-07  2.063390795478893E-09 6406441	 136    5400.00    5440.00  5.631853376041845E-07  4.397723117069938E-09 6406441
 137    5440.00    5480.00  3.555353352538803E-07  2.849680808525396E-09 6297442	 137    5440.00    5480.00  2.496606350672971E-07  1.982801279532172E-09 6297442	 137    5440.00    5480.00  5.242866054125948E-07  4.253851884923379E-09 6297442
 138    5480.00    5520.00  3.373060624550211E-07  2.854699987600785E-09 6188747	 138    5480.00    5520.00  2.366433118997934E-07  1.978814113759506E-09 6188747	 138    5480.00    5520.00  4.979121129536624E-07  4.281610447245228E-09 6188747
 139    5520.00    5560.00  3.141106821742274E-07  2.673987280948324E-09 6086209	 139    5520.00    5560.00  2.202216409410317E-07  1.848695829482157E-09 6086209	 139    5520.00    5560.00  4.640258589475309E-07  4.023519450960104E-09 6086209
 140    5560.00    5600.00  2.939217519538420E-07  2.703099352760383E-09 5986988	 140    5560.00    5600.00  2.059525054063695E-07  1.866238214688956E-09 5986988	 140    5560.00    5600.00  4.344453660999296E-07  4.073089957165620E-09 5986988
 141    5600.00    5640.00  2.780315195093395E-07  2.513030634135905E-09 5883558	 141    5600.00    5640.00  1.946638083376877E-07  1.729898378376721E-09 5883558	 141    5600.00    5640.00  4.113048094507126E-07  3.802030498297719E-09 5883558
 142    5640.00    5680.00  2.553965903112558E-07  2.355543353095937E-09 5784523	 142    5640.00    5680.00  1.787574080049220E-07  1.622887749463788E-09 5784523	 142    5640.00    5680.00  3.779361739090629E-07  3.556846372800399E-09 5784523
 143    5680.00    5720.00  2.364377288328328E-07  2.093390607817763E-09 5685186	 143    5680.00    5720.00  1.653944348500985E-07  1.446079006717165E-09 5685186	 143    5680.00    5720.00  3.500553193039483E-07  3.150183533014859E-09 5685186
 144    5720.00    5760.00  2.203284691794210E-07  2.031016967566296E-09 5589777	 144    5720.00    5760.00  1.540345462464065E-07  1.400230024148642E-09 5589777	 144    5720.00    5760.00  3.264289614544601E-07  3.063434358808773E-09 5589777
 145    5760.00    5800.00  2.064318478883138E-07  1.972823627308003E-09 5491598	 145    5760.00    5800.00  1.441509813593217E-07  1.357955283823753E-09 5491598	 145    5760.00    5800.00  3.062499762829791E-07  2.981043257004245E-09 5491598
 146    5800.00    5840.00  1.944935022275644E-07  1.798482838579380E-09 5400093	 146    5800.00    5840.00  1.357103862394322E-07  1.239815780560694E-09 5400093	 146    5800.00    5840.00  2.887709247690009E-07  2.711867417417375E-09 5400093
 147    5840.00    5880.00  1.760990186779460E-07  1.662287376618207E-09 5313381	 147    5840.00    5880.00  1.227709110957229E-07  1.139264762526280E-09 5313381	 147    5840.00    5880.00  2.617167332906499E-07  2.525194031845657E-09 5313381
 148    5880.00    5920.00  1.647338558726226E-07  1.549849361510271E-09 5221565	 148    5880.00    5920.00  1.148199134084802E-07  1.064630697745402E-09 5221565	 148    5880.00    5920.00  2.448629778983586E-07  2.346654024458095E-09 5221565
 149    5920.00    5960.00  1.521335438906783E-07  1.458586850798041E-09 5126715	 149    5920.00    5960.00  1.059513989737682E-07  1.001881244546361E-09 5126715	 149    5920.00    5960.00  2.263258234827508E-07  2.208061936680662E-09 5126715
 150    5960.00    6000.00  1.447375858429114E-07  1.419188726400369E-09 5040519	 150    5960.00    6000.00  1.007281863272335E-07  9.736152368003792E-10 5040519	 150    5960.00    6000.00  2.154932280936773E-07  2.152006213244642E-09 5040519
 151    6000.00    6040.00  1.328759118154639E-07  1.322905625631492E-09 4956271	 151    6000.00    6040.00  9.245890290299063E-08  9.082163589310299E-10 4956271	 151    6000.00    6040.00  1.978514600778953E-07  2.003497821438344E-09 4956271
 152    6040.00    6080.00  1.248871837303449E-07  1.329247049476406E-09 4872917	 152    6040.00    6080.00  8.683559991597551E-08  9.122112241688836E-10 4872917	 152    6040.00    6080.00  1.860946010795340E-07  2.013809283069209E-09 4872917
 153    6080.00    6120.00  1.148006814710823E-07  1.117181374950709E-09 4788258	 153    6080.00    6120.00  7.976999349822968E-08  7.652578538748621E-10 4788258	 153    6080.00    6120.00  1.711922116453547E-07  1.695929434679231E-09 4788258
 154    6120.00    6160.00  1.064027590230639E-07  1.094522024305254E-09 4705898	 154    6120.00    6160.00  7.389510067753998E-08  7.480528503476092E-10 4705898	 154    6120.00    6160.00  1.587588239258963E-07  1.666439889759951E-09 4705898
 155    6160.00    6200.00  9.821113345350995E-08  1.047414071340707E-09 4626805	 155    6160.00    6200.00  6.813556756241877E-08  7.123065969274146E-10 4626805	 155    6160.00    6200.00  1.467064456935675E-07  1.604348806606633E-09 4626805
 156    6200.00    6240.00  9.199646666223047E-08  9.887290450822664E-10 4546113	 156    6200.00    6240.00  6.380963228407616E-08  6.777067790746920E-10 4546113	 156    6200.00    6240.00  1.374432913538296E-07  1.500270959706095E-09 4546113
 157    6240.00    6280.00  8.523949615300095E-08  8.873845227279610E-10 4465263	 157    6240.00    6280.00  5.906878843101363E-08  6.051691651391300E-10 4465263	 157    6240.00    6280.00  1.274735536846221E-07  1.353891077676370E-09 4465263
 158    6280.00    6320.00  7.754006198972302E-08  7.889139791163443E-10 4390143	 158    6280.00    6320.00  5.373320590743338E-08  5.396165306437503E-10 4390143	 158    6280.00    6320.00  1.159446926811533E-07  1.199305163024169E-09 4390143
 159    6320.00    6360.00  7.417780974216176E-08  8.160476195799729E-10 4312737	 159    6320.00    6360.00  5.132033226009193E-08  5.546260958676423E-10 4312737	 159    6320.00    6360.00  1.111278477021744E-07  1.249936889696138E-09 4312737
 160    6360.00    6400.00  6.822038729594957E-08  7.816212853909224E-10 4238149	 160    6360.00    6400.00  4.716267329807164E-08  5.297276075502355E-10 4238149	 160    6360.00    6400.00  1.022880522153752E-07  1.201578482124037E-09 4238149
 161    6400.00    6440.00  6.332470083156176E-08  7.196418909648334E-10 4161697	 161    6400.00    6440.00  4.379133041843141E-08  4.906544649368352E-10 4161697	 161    6400.00    6440.00  9.489566273744945E-08  1.097508129294367E-09 4161697
 162    6440.00    6480.00  5.923151357060305E-08  6.606732286400968E-10 4089680	 162    6440.00    6480.00  4.091676532207899E-08  4.483840119636410E-10 4089680	 162    6440.00    6480.00  8.886743631523511E-08  1.013162312406514E-09 4089680
 163    6480.00    6520.00  5.495556489741036E-08  6.152662747507019E-10 4022657	 163    6480.00    6520.00  3.793125017986513E-08  4.172182485274339E-10 4022657	 163    6480.00    6520.00  8.253201583155457E-08  9.445906711641653E-10 4022657
 164    6520.00    6560.00  5.067252863297444E-08  5.829661031213462E-10 3949839	 164    6520.00    6560.00  3.493764886226791E-08  3.944014501881682E-10 3949839	 164    6520.00    6560.00  7.619422907793346E-08  8.976288185135588E-10 3949839
 165    6560.00    6600.00  4.824384856369760E-08  5.689760439645226E-10 3877927	 165    6560.00    6600.00  3.323214542466204E-08  3.853808336720129E-10 3877927	 165    6560.00    6600.00  7.261086318256819E-08  8.743839235049351E-10 3877927
 166    6600.00    6640.00  4.417156808397890E-08  5.498989562911099E-10 3810633	 166    6600.00    6640.00  3.042101803478015E-08  3.714084378686843E-10 3810633	 166    6600.00    6640.00  6.649434342625033E-08  8.480440581576793E-10 3810633
 167    6640.00    6680.00  3.983349663065121E-08  4.668998169969524E-10 3741317	 167    6640.00    6680.00  2.740843374416401E-08  3.142193806462216E-10 3741317	 167    6640.00    6680.00  6.002352264866172E-08  7.231968303486035E-10 3741317
 168    6680.00    6720.00  3.826410494672913E-08  4.839708996079528E-10 3678728	 168    6680.00    6720.00  2.628787384869820E-08  3.272115623986503E-10 3678728	 168    6680.00    6720.00  5.776383573553421E-08  7.458268459652987E-10 3678728
 169    6720.00    6760.00  3.489224635485251E-08  4.045000423154760E-10 3612365	 169    6720.00    6760.00  2.397866053524248E-08  2.726183599698875E-10 3612365	 169    6720.00    6760.00  5.264717777298596E-08  6.254363772431748E-10 3612365
 170    6760.00    6800.00  3.205701722864599E-08  3.864188783321723E-10 3548732	 170    6760.00    6800.00  2.201877483610333E-08  2.604579586637582E-10 3548732	 170    6760.00    6800.00  4.839114375573874E-08  5.971273038674473E-10 3548732
 171    6800.00    6840.00  2.950917266060398E-08  3.504928414938460E-10 3485651	 171    6800.00    6840.00  2.025079274845595E-08  2.360824521592509E-10 3485651	 171    6800.00    6840.00  4.459070848299323E-08  5.422661028580975E-10 3485651
 172    6840.00    6880.00  2.760110253923933E-08  3.353104289368644E-10 3424330	 172    6840.00    6880.00  1.892724651098310E-08  2.249359340930911E-10 3424330	 172    6840.00    6880.00  4.174094272997374E-08  5.213114689220869E-10 3424330
 173    6880.00    6920.00  2.530036293026597E-08  3.258553133132852E-10 3359017	 173    6880.00    6920.00  1.734055740874330E-08  2.181946176498986E-10 3359017	 173    6880.00    6920.00  3.828142567042013E-08  5.076030781262597E-10 3359017
 174    6920.00    6960.00  2.381303601912410E-08  3.146311969588558E-10 3301583	 174    6920.00    6960.00  1.629483691650258E-08  2.114203202539250E-10 3301583	 174    6920.00    6960.00  3.609884141880822E-08  4.878419792915302E-10 3301583
 175    6960.00    7000.00  2.173900769431615E-08  2.663578856675788E-10 3240045	 175    6960.00    7000.00  1.488087527964934E-08  1.786580818982411E-10 3240045	 175    6960.00    7000.00  3.293441612482682E-08  4.138687662122595E-10 3240045
 176    7000.00    7040.00  2.042032430732854E-08  2.570891830036484E-10 3183231	 176    7000.00    7040.00  1.395340587116119E-08  1.714094217773133E-10 3183231	 176    7000.00    7040.00  3.100078451831744E-08  4.024682209370872E-10 3183231
 177    7040.00    7080.00  1.865938087795055E-08  2.493317426360022E-10 3123962	 177    7040.00    7080.00  1.275043410638172E-08  1.675904420604755E-10 3123962	 177    7040.00    7080.00  2.832290073532461E-08  3.864702752590401E-10 3123962
 178    7080.00    7120.00  1.715809397010269E-08  2.185790182471825E-10 3071115	 178    7080.00    7120.00  1.171103798661229E-08  1.463821779383063E-10 3071115	 178    7080.00    7120.00  2.607772891554583E-08  3.401143087889692E-10 3071115
 179    7120.00    7160.00  1.620614663503001E-08  2.241046220408568E-10 3010622	 179    7120.00    7160.00  1.105032949533562E-08  1.492931310895364E-10 3010622	 179    7120.00    7160.00  2.465806762723719E-08  3.508998851589854E-10 3010622
 180    7160.00    7200.00  1.487271116808475E-08  2.087379992873670E-10 2956254	 180    7160.00    7200.00  1.013177274828843E-08  1.384940334189925E-10 2956254	 180    7160.00    7200.00  2.265280879752376E-08  3.286589178185872E-10 2956254
 181    7200.00    7240.00  1.358593221548480E-08  1.800344954223708E-10 2901167	 181    7200.00    7240.00  9.254337315517966E-09  1.199595481391407E-10 2901167	 181    7200.00    7240.00  2.069142085031978E-08  2.817162894720197E-10 2901167
 182    7240.00    7280.00  1.297984055635749E-08  1.804288637568620E-10 2853231	 182    7240.00    7280.00  8.826386849671913E-09  1.199124752679383E-10 2853231	 182    7240.00    7280.00  1.980718208240739E-08  2.831189355362171E-10 2853231
 183    7280.00    7320.00  1.186461308480864E-08  1.705213908552215E-10 2798816	 183    7280.00    7320.00  8.064041747989846E-09  1.133807147690911E-10 2798816	 183    7280.00    7320.00  1.811471933100710E-08  2.676104880082174E-10 2798816
 184    7320.00    7360.00  1.074685821412168E-08  1.479503649660890E-10 2746277	 184    7320.00    7360.00  7.302655508429230E-09  9.810481306414045E-11 2746277	 184    7320.00    7360.00  1.641072777146522E-08  2.328628510499312E-10 2746277
 185    7360.00    7400.00  9.813578419965070E-09  1.340560981684886E-10 2695705	 185    7360.00    7400.00  6.666040124370014E-09  8.916459928842738E-11 2695705	 185    7360.00    7400.00  1.499180394142635E-08  2.102973983882425E-10 2695705
 186    7400.00    7440.00  9.084704223809059E-09  1.246057132366928E-10 2645309	 186    7400.00    7440.00  6.164779020415624E-09  8.226934023212766E-11 2645309	 186    7400.00    7440.00  1.389301784026514E-08  1.971896114214487E-10 2645309
 187    7440.00    7480.00  8.320148230315189E-09  1.157332799471630E-10 2595442	 187    7440.00    7480.00  5.640937618847456E-09  7.616152902516579E-11 2595442	 187    7440.00    7480.00  1.273643880686128E-08  1.839039834244997E-10 2595442
 188    7480.00    7520.00  7.705065455124657E-09  1.017273616308697E-10 2546105	 188    7480.00    7520.00  5.219555465606031E-09  6.744119098901694E-11 2546105	 188    7480.00    7520.00  1.180527983302918E-08  1.600189784915789E-10 2546105
 189    7520.00    7560.00  7.245679666083244E-09  1.052343888245136E-10 2495861	 189    7520.00    7560.00  4.899948492082451E-09  6.916388397536311E-11 2495861	 189    7520.00    7560.00  1.112270155745973E-08  1.673496617127011E-10 2495861
 190    7560.00    7600.00  6.581254981317672E-09  9.090563456815769E-11 2449644	 190    7560.00    7600.00  4.452026999319410E-09  6.013244896550979E-11 2449644	 190    7560.00    7600.00  1.009786921534029E-08  1.433579667238761E-10 2449644
 191    7600.00    7640.00  6.132070909454536E-09  9.048891128899943E-11 2401190	 191    7600.00    7640.00  4.140402118789857E-09  5.953738646872074E-11 2401190	 191    7600.00    7640.00  9.429477548363247E-09  1.437005111790945E-10 2401190
 192    7640.00    7680.00  5.776894681670487E-09  8.799348492254541E-11 2357683	 192    7640.00    7680.00  3.895502707582771E-09  5.784759334629205E-11 2357683	 192    7640.00    7680.00  8.895721673641550E-09  1.397501677679433E-10 2357683
 193    7680.00    7720.00  5.216069258074045E-09  7.858707379269163E-11 2314825	 193    7680.00    7720.00  3.516031262715838E-09  5.161923017340699E-11 2314825	 193    7680.00    7720.00  8.035272253323936E-09  1.249580218587825E-10 2314825
 194    7720.00    7760.00  4.743687840582033E-09  7.634200496136648E-11 2264082	 194    7720.00    7760.00  3.196738339991988E-09  4.991434637065532E-11 2264082	 194    7720.00    7760.00  7.309670578216458E-09  1.222363520381366E-10 2264082
 195    7760.00    7800.00  4.427258175314556E-09  7.426170454986814E-11 2223761	 195    7760.00    7800.00  2.976203489927540E-09  4.822845444015302E-11 2223761	 195    7760.00    7800.00  6.841819923587515E-09  1.196832750690762E-10 2223761
 196    7800.00    7840.00  3.930725531825480E-09  5.502780054173282E-11 2179099	 196    7800.00    7840.00  2.646857097121632E-09  3.615434623491449E-11 2179099	 196    7800.00    7840.00  6.060547202109015E-09  8.747633155222884E-11 2179099
 197    7840.00    7880.00  3.680192856064284E-09  5.348423021293878E-11 2137823	 197    7840.00    7880.00  2.475007792563920E-09  3.511946859850706E-11 2137823	 197    7840.00    7880.00  5.682299078554433E-09  8.507120292982974E-11 2137823
 198    7880.00    7920.00  3.373791073823911E-09  5.392009035524333E-11 2094511	 198    7880.00    7920.00  2.265623571306841E-09  3.519085183348807E-11 2094511	 198    7880.00    7920.00  5.218100110588746E-09  8.630370660464799E-11 2094511
 199    7920.00    7960.00  3.121270600803809E-09  4.736574759546225E-11 2050836	 199    7920.00    7960.00  2.093061032927272E-09  3.088262596937205E-11 2050836	 199    7920.00    7960.00  4.835192265576238E-09  7.592696375998956E-11 2050836
 200    7960.00    8000.00  2.856735616790820E-09  4.445119170259764E-11 2010635	 200    7960.00    8000.00  1.915070732330994E-09  2.897241582047033E-11 2010635	 200    7960.00    8000.00  4.426817649873360E-09  7.131008139908686E-11 2010635
 201    8000.00    8040.00  2.652556881064801E-09  4.307279544948397E-11 1974008	 201    8000.00    8040.00  1.774165785303744E-09  2.787399676394708E-11 1974008	 201    8000.00    8040.00  4.121367637938012E-09  6.968947837904500E-11 1974008
 202    8040.00    8080.00  2.372042507685019E-09  3.523780420627979E-11 1930151	 202    8040.00    8080.00  1.588054360988676E-09  2.299804533336805E-11 1930151	 202    8040.00    8080.00  3.680619913530061E-09  5.645151731765103E-11 1930151
 203    8080.00    8120.00  2.156934659639681E-09  3.090342688606934E-11 1894823	 203    8080.00    8120.00  1.444841695498992E-09  2.024827861493429E-11 1894823	 203    8080.00    8120.00  3.343854059822562E-09  4.921425646673084E-11 1894823
 204    8120.00    8160.00  2.028970877473115E-09  3.117191069385604E-11 1854953	 204    8120.00    8160.00  1.355172378817500E-09  2.014889498669745E-11 1854953	 204    8120.00    8160.00  3.156787783345624E-09  5.050565430449206E-11 1854953
 205    8160.00    8200.00  1.836648393600579E-09  2.724254858005076E-11 1819136	 205    8160.00    8200.00  1.226787893823589E-09  1.767467143479254E-11 1819136	 205    8160.00    8200.00  2.856869466903661E-09  4.393509309998577E-11 1819136
 206    8200.00    8240.00  1.697104001067341E-09  2.620740583510274E-11 1779698	 206    8200.00    8240.00  1.131894396331685E-09  1.698440730446620E-11 1779698	 206    8200.00    8240.00  2.644035305550833E-09  4.228957257421645E-11 1779698
 207    8240.00    8280.00  1.544845290877096E-09  2.488839523433674E-11 1741269	 207    8240.00    8280.00  1.029316782825040E-09  1.614900925166478E-11 1741269	 207    8240.00    8280.00  2.409530112411848E-09  4.010418742736406E-11 1741269
 208    8280.00    8320.00  1.400802973101985E-09  2.373641845401803E-11 1704892	 208    8280.00    8320.00  9.332248770067878E-10  1.534692814113085E-11 1704892	 208    8280.00    8320.00  2.184994186198248E-09  3.841403970581411E-11 1704892
 209    8320.00    8360.00  1.258579848440108E-09  1.832909123662263E-11 1667979	 209    8320.00    8360.00  8.380131053420669E-10  1.188703729705601E-11 1667979	 209    8320.00    8360.00  1.964271047810677E-09  2.954213658740637E-11 1667979
 210    8360.00    8400.00  1.188238661043250E-09  1.940328953817019E-11 1635036	 210    8360.00    8400.00  7.895772962173717E-10  1.248174211415654E-11 1635036	 210    8360.00    8400.00  1.858812069090896E-09  3.163571267568498E-11 1635036
 211    8400.00    8440.00  1.082962706849392E-09  1.702323116552931E-11 1598313	 211    8400.00    8440.00  7.197075961928736E-10  1.109952103796300E-11 1598313	 211    8400.00    8440.00  1.693455669453201E-09  2.723856319843208E-11 1598313
 212    8440.00    8480.00  9.808836716993229E-10  1.465135153906848E-11 1565858	 212    8440.00    8480.00  6.509109123022064E-10  9.467896147808320E-12 1565858	 212    8440.00    8480.00  1.536539930411957E-09  2.370981631413421E-11 1565858
 213    8480.00    8520.00  8.858417397181803E-10  1.368294094777674E-11 1532158	 213    8480.00    8520.00  5.870383634800072E-10  8.784258725579611E-12 1532158	 213    8480.00    8520.00  1.389901513019372E-09  2.231733197729071E-11 1532158
 214    8520.00    8560.00  8.391671473684551E-10  1.575464835300946E-11 1498951	 214    8520.00    8560.00  5.551113843125226E-10  1.006071418344749E-11 1498951	 214    8520.00    8560.00  1.319233021660553E-09  2.584484551494953E-11 1498951
 215    8560.00    8600.00  7.516476675192839E-10  1.249555451882362E-11 1465217	 215    8560.00    8600.00  4.975070130770658E-10  8.081765360169299E-12 1465217	 215    8560.00    8600.00  1.180720940169685E-09  2.018820858155809E-11 1465217
 216    8600.00    8640.00  6.984936379444232E-10  1.228450555176228E-11 1434015	 216    8600.00    8640.00  4.612734676047782E-10  7.896929435346364E-12 1434015	 216    8600.00    8640.00  1.100128060349796E-09  1.999514528921587E-11 1434015
 217    8640.00    8680.00  6.075561261605054E-10  9.577020203669956E-12 1403701	 217    8640.00    8680.00  4.014871357660731E-10  6.169053115799668E-12 1403701	 217    8640.00    8680.00  9.559788314362014E-10  1.555542136217566E-11 1403701
 218    8680.00    8720.00  5.606072838570975E-10  9.142726425279222E-12 1371387	 218    8680.00    8720.00  3.695565191672662E-10  5.824550016599229E-12 1371387	 218    8680.00    8720.00  8.847056367075438E-10  1.505226132726101E-11 1371387
 219    8720.00    8760.00  5.155272318985123E-10  8.399453082848188E-12 1339753	 219    8720.00    8760.00  3.400203256027297E-10  5.415259403036450E-12 1339753	 219    8720.00    8760.00  8.127394195182944E-10  1.360250175279482E-11 1339753
 220    8760.00    8800.00  4.553396135864011E-10  7.348091143407273E-12 1310090	 220    8760.00    8800.00  3.000922994839361E-10  4.701340650144102E-12 1310090	 220    8760.00    8800.00  7.185457266178219E-10  1.202106152037746E-11 1310090
 221    8800.00    8840.00  4.128464710444665E-10  6.975526025928823E-12 1281364	 221    8800.00    8840.00  2.718336067935930E-10  4.458720445048172E-12 1281364	 221    8800.00    8840.00  6.521764464681983E-10  1.142227221146351E-11 1281364
 222    8840.00    8880.00  3.828420875800098E-10  6.738062227454320E-12 1250334	 222    8840.00    8880.00  2.514109651194653E-10  4.277767272523740E-12 1250334	 222    8840.00    8880.00  6.066568790437144E-10  1.112308106956373E-11 1250334
 223    8880.00    8920.00  3.545578004174679E-10  6.322142140956606E-12 1220770	 223    8880.00    8920.00  2.326927318194095E-10  4.027664057699699E-12 1220770	 223    8880.00    8920.00  5.621482137827352E-10  1.038635843401470E-11 1220770
 224    8920.00    8960.00  3.182187068948644E-10  6.354564696442491E-12 1191878	 224    8920.00    8960.00  2.083739847981554E-10  3.997828733415411E-12 1191878	 224    8920.00    8960.00  5.059349196209942E-10  1.060853044593678E-11 1191878
 225    8960.00    9000.00  2.871377471336089E-10  4.490851353793799E-12 1166114	 225    8960.00    9000.00  1.882035330285050E-10  2.866265962183767E-12 1166114	 225    8960.00    9000.00  4.558476655218974E-10  7.368085294424665E-12 1166114
 226    9000.00    9040.00  2.586318859619331E-10  4.128775844637921E-12 1138883	 226    9000.00    9040.00  1.694917940663992E-10  2.643731269941133E-12 1138883	 226    9000.00    9040.00  4.106216507696310E-10  6.744319319274092E-12 1138883
 227    9040.00    9080.00  2.409987862163080E-10  4.472097860387602E-12 1112090	 227    9040.00    9080.00  1.572895854144022E-10  2.808482172344248E-12 1112090	 227    9040.00    9080.00  3.845211003487366E-10  7.482158557856038E-12 1112090
 228    9080.00    9120.00  2.137015174662509E-10  4.212395168132776E-12 1084603	 228    9080.00    9120.00  1.395148010805299E-10  2.628798164402911E-12 1084603	 228    9080.00    9120.00  3.408296571506221E-10  7.101678378605945E-12 1084603
 229    9120.00    9160.00  1.890955047597747E-10  3.386541260124675E-12 1059770	 229    9120.00    9160.00  1.233406755701586E-10  2.122454522697811E-12 1059770	 229    9120.00    9160.00  3.018556298223276E-10  5.674198227894429E-12 1059770
 230    9160.00    9200.00  1.731696726877269E-10  2.875961891269316E-12 1032865	 230    9160.00    9200.00  1.128776929540727E-10  1.822492522220100E-12 1032865	 230    9160.00    9200.00  2.765850516125550E-10  4.754749641040865E-12 1032865
 231    9200.00    9240.00  1.570876314898814E-10  2.866468722757517E-12 1006614	 231    9200.00    9240.00  1.022869659760964E-10  1.791585347856053E-12 1006614	 231    9200.00    9240.00  2.512083497705685E-10  4.822121323162407E-12 1006614
 232    9240.00    9280.00  1.411672810937551E-10  2.364853318412054E-12 980689	 232    9240.00    9280.00  9.171638638261566E-11  1.480741484685293E-12 980689	 232    9240.00    9280.00  2.263356885249023E-10  3.967252962053145E-12 980689
 233    9280.00    9320.00  1.290538068653733E-10  2.745899600091272E-12 958068	 233    9280.00    9320.00  8.372748595402628E-11  1.699526661783951E-12 958068	 233    9280.00    9320.00  2.072567321647802E-10  4.664589264499667E-12 958068
 234    9320.00    9360.00  1.118498585015335E-10  1.712304526866417E-12 933968	 234    9320.00    9360.00  7.269543496976248E-11  1.078197946194657E-12 933968	 234    9320.00    9360.00  1.791887866805309E-10  2.851496973183809E-12 933968
 235    9360.00    9400.00  9.758642840098863E-11  1.601758234651918E-12 908248	 235    9360.00    9400.00  6.341049256003879E-11  1.011151184199112E-12 908248	 235    9360.00    9400.00  1.563578791946391E-10  2.656606333347817E-12 908248
 236    9400.00    9440.00  9.174524648043243E-11  1.539699422773117E-12 887277	 236    9400.00    9440.00  5.938915224331651E-11  9.601828528285977E-13 887277	 236    9400.00    9440.00  1.476662293380911E-10  2.594597262240880E-12 887277
 237    9440.00    9480.00  8.325163327316711E-11  1.590905693758522E-12 863302	 237    9440.00    9480.00  5.376461640900584E-11  9.766486761363995E-13 863302	 237    9440.00    9480.00  1.343867943344967E-10  2.735146471325369E-12 863302
 238    9480.00    9520.00  7.338060767534959E-11  1.246388885381556E-12 841003	 238    9480.00    9520.00  4.744689120615447E-11  7.822486582713952E-13 841003	 238    9480.00    9520.00  1.182234276064639E-10  2.081434319746038E-12 841003
 239    9520.00    9560.00  6.491160190407091E-11  1.098594375471033E-12 817996	 239    9520.00    9560.00  4.192551230104236E-11  6.872521559550394E-13 817996	 239    9520.00    9560.00  1.047023469616935E-10  1.840293943427209E-12 817996
 240    9560.00    9600.00  5.815509171451201E-11  9.262113691915528E-13 796029	 240    9560.00    9600.00  3.755080011825082E-11  5.815290010147521E-13 796029	 240    9560.00    9600.00  9.383582601137667E-11  1.547087282751670E-12 796029
 241    9600.00    9640.00  5.326672041218564E-11  1.030578845575236E-12 773418	 241    9600.00    9640.00  3.426951990273510E-11  6.327291759607290E-13 773418	 241    9600.00    9640.00  8.631723935021750E-11  1.768416891547390E-12 773418
 242    9640.00    9680.00  4.740182354306098E-11  8.619649981329008E-13 753797	 242    9640.00    9680.00  3.047869748162512E-11  5.296245252754506E-13 753797	 242    9640.00    9680.00  7.686130651089868E-11  1.476767742064101E-12 753797
 243    9680.00    9720.00  4.202439065304994E-11  8.342124722023387E-13 732480	 243    9680.00    9720.00  2.698949358293686E-11  5.132995952458030E-13 732480	 243    9680.00    9720.00  6.821908674162355E-11  1.424877417359017E-12 732480
 244    9720.00    9760.00  3.774061633621657E-11  6.409675527355603E-13 711244	 244    9720.00    9760.00  2.423694549032675E-11  3.996225596874417E-13 711244	 244    9720.00    9760.00  6.126570967876616E-11  1.079848905100803E-12 711244
 245    9760.00    9800.00  3.373052064979258E-11  5.450746069653857E-13 692326	 245    9760.00    9800.00  2.163187010705070E-11  3.361207005999185E-13 692326	 245    9760.00    9800.00  5.484738472242824E-11  9.331401086696720E-13 692326
 246    9800.00    9840.00  2.966579815441075E-11  4.800483241393209E-13 671183	 246    9800.00    9840.00  1.901156380428524E-11  2.978125205121310E-13 671183	 246    9800.00    9840.00  4.826556632961486E-11  8.129890587514041E-13 671183
 247    9840.00    9880.00  2.729076232239213E-11  4.963288195520774E-13 651193	 247    9840.00    9880.00  1.742940797195260E-11  3.042435134654940E-13 651193	 247    9840.00    9880.00  4.458452644761155E-11  8.532368804828067E-13 651193
 248    9880.00    9920.00  2.416909513819253E-11  4.418752138145750E-13 632209	 248    9880.00    9920.00  1.544370536947728E-11  2.715016487415835E-13 632209	 248    9880.00    9920.00  3.944723679799534E-11  7.568410055816309E-13 632209
 249    9920.00    9960.00  2.098482570189463E-11  3.636958240831505E-13 614345	 249    9920.00    9960.00  1.338760610598649E-11  2.241139652474094E-13 614345	 249    9920.00    9960.00  3.431389250540274E-11  6.205512320428525E-13 614345
 250    9960.00   10000.00  1.902362912480330E-11  3.502119007383349E-13 595475	 250    9960.00   10000.00  1.211292680938801E-11  2.151798140970081E-13 595475	 250    9960.00   10000.00  3.117323366843739E-11  5.992995880110337E-13 595475
 251   10000.00   10040.00  1.630530068780502E-11  2.609032424787048E-13 576863	 251   10000.00   10040.00  1.038427806487966E-11  1.610559639235508E-13 576863	 251   10000.00   10040.00  2.671014798712345E-11  4.441880878392976E-13 576863
 252   10040.00   10080.00  1.460865615609521E-11  2.253711559923725E-13 559972	 252   10040.00   10080.00  9.286623487350220E-12  1.388653719034971E-13 559972	 252   10040.00   10080.00  2.398042168929167E-11  3.843071424363934E-13 559972
 253   10080.00   10120.00  1.317611154157124E-11  2.491299784527953E-13 542560	 253   10080.00   10120.00  8.360231308001449E-12  1.532656511546847E-13 542560	 253   10080.00   10120.00  2.167457345923705E-11  4.250416772481220E-13 542560
 254   10120.00   10160.00  1.110547745513287E-11  1.723429459709953E-13 526309	 254   10120.00   10160.00  7.053275012647279E-12  1.067352962443679E-13 526309	 254   10120.00   10160.00  1.824398446999840E-11  2.920968726512114E-13 526309
 255   10160.00   10200.00  9.962983437908050E-12  1.694242824992558E-13 510001	 255   10160.00   10200.00  6.314674156328482E-12  1.030027551807395E-13 510001	 255   10160.00   10200.00  1.640732010137255E-11  2.941246273538354E-13 510001
 256   10200.00   10240.00  8.710460368152387E-12  1.313450942635639E-13 493468	 256   10200.00   10240.00  5.508016834443136E-12  8.003038810305491E-14 493468	 256   10200.00   10240.00  1.438279162359765E-11  2.274833636412813E-13 493468
 257   10240.00   10280.00  7.876146097942472E-12  1.275631627815561E-13 476251	 257   10240.00   10280.00  4.979913707444082E-12  7.820042236850996E-14 476251	 257   10240.00   10280.00  1.300414295816690E-11  2.188951944382612E-13 476251
 258   10280.00   10320.00  6.927477442324274E-12  1.141558423524872E-13 461863	 258   10280.00   10320.00  4.370794344251376E-12  6.958840663286301E-14 461863	 258   10280.00   10320.00  1.146446698707823E-11  1.972033798719293E-13 461863
 259   10320.00   10360.00  6.107817066566712E-12  9.758947198195427E-14 445790	 259   10320.00   10360.00  3.850341408413647E-12  5.998711904152722E-14 445790	 259   10320.00   10360.00  1.011686391336881E-11  1.668436373722209E-13 445790
 260   10360.00   10400.00  5.304096672343010E-12  8.535345008363243E-14 429975	 260   10360.00   10400.00  3.338073859445722E-12  5.187736679035054E-14 429975	 260   10360.00   10400.00  8.801479078283842E-12  1.478907154162859E-13 429975
 261   10400.00   10440.00  4.729564468024995E-12  8.124300360204088E-14 415448	 261   10400.00   10440.00  2.968959522662620E-12  4.939258510584424E-14 415448	 261   10400.00   10440.00  7.871205906986129E-12  1.405944783410115E-13 415448
 262   10440.00   10480.00  4.186544978001942E-12  8.096176161939447E-14 400921	 262   10440.00   10480.00  2.623722251693809E-12  4.867082056377075E-14 400921	 262   10440.00   10480.00  6.981374190045151E-12  1.419863770153872E-13 400921
 263   10480.00   10520.00  3.536735899405041E-12  6.438546646160505E-14 386878	 263   10480.00   10520.00  2.217112327552054E-12  3.907776735723661E-14 386878	 263   10480.00   10520.00  5.894265860659634E-12  1.116345438892814E-13 386878
 264   10520.00   10560.00  3.165440225243144E-12  6.077439724885575E-14 372102	 264   10520.00   10560.00  1.978488715946444E-12  3.670601575091543E-14 372102	 264   10520.00   10560.00  5.293016830599115E-12  1.059588617526160E-13 372102
 265   10560.00   10600.00  2.806676683059530E-12  5.938817672461965E-14 359895	 265   10560.00   10600.00  1.752885094652360E-12  3.582254076733190E-14 359895	 265   10560.00   10600.00  4.696827725710762E-12  1.036026591617610E-13 359895
 266   10600.00   10640.00  2.397839030779044E-12  4.508437596487106E-14 345988	 266   10600.00   10640.00  1.492607988272764E-12  2.681031704185525E-14 345988	 266   10600.00   10640.00  4.029375777528535E-12  8.027424271742026E-14 345988
 267   10640.00   10680.00  1.992910707231624E-12  3.302159141070211E-14 332216	 267   10640.00   10680.00  1.243086175902313E-12  2.014616842318043E-14 332216	 267   10640.00   10680.00  3.338968387699184E-12  5.686588549931032E-14 332216
 268   10680.00   10720.00  1.782703123217382E-12  3.098194745998590E-14 320110	 268   10680.00   10720.00  1.108225799229936E-12  1.873871153974499E-14 320110	 268   10680.00   10720.00  2.998964330518082E-12  5.399375309760395E-14 320110
 269   10720.00   10760.00  1.540641472038119E-12  3.066284697745031E-14 305998	 269   10720.00   10760.00  9.557416031368888E-13  1.809617413870313E-14 305998	 269   10720.00   10760.00  2.597941155341272E-12  5.511504534770640E-14 305998
 270   10760.00   10800.00  1.394453864403629E-12  2.690048974142508E-14 295344	 270   10760.00   10800.00  8.625404140674412E-13  1.624120820890665E-14 295344	 270   10760.00   10800.00  2.359334227647890E-12  4.695027774118683E-14 295344
 271   10800.00   10840.00  1.096025483897485E-12  1.779126571447381E-14 282676	 271   10800.00   10840.00  6.788049945765353E-13  1.074755057314352E-14 282676	 271   10800.00   10840.00  1.850766983699854E-12  3.100105621758507E-14 282676
 272   10840.00   10880.00  9.737829494789782E-13  1.613615982006523E-14 272543	 272   10840.00   10880.00  6.020330341064306E-13  9.720605873348907E-15 272543	 272   10840.00   10880.00  1.647821405693780E-12  2.825705105406630E-14 272543
 273   10880.00   10920.00  8.493390816533702E-13  1.508480053122143E-14 260841	 273   10880.00   10920.00  5.242809077325867E-13  9.080733834041443E-15 260841	 273   10880.00   10920.00  1.439532117025800E-12  2.640578168021353E-14 260841
 274   10920.00   10960.00  7.232025828244955E-13  1.229453447171812E-14 248782	 274   10920.00   10960.00  4.455179182641115E-13  7.392980538839895E-15 248782	 274   10920.00   10960.00  1.228442813452762E-12  2.153155852522413E-14 248782
 275   10960.00   11000.00  6.051596125761224E-13  1.073213911420761E-14 237567	 275   10960.00   11000.00  3.719995756903003E-13  6.416849001054931E-15 237567	 275   10960.00   11000.00  1.030406853649267E-12  1.893208896108863E-14 237567
 276   11000.00   11040.00  5.302679341922979E-13  9.688399680911108E-15 227565	 276   11000.00   11040.00  3.251239068702633E-13  5.772151241577854E-15 227565	 276   11000.00   11040.00  9.055558271206716E-13  1.717321864068449E-14 227565
 277   11040.00   11080.00  4.532180958209005E-13  8.669363220275215E-15 216045	 277   11040.00   11080.00  2.773229516955383E-13  5.156863437357475E-15 216045	 277   11040.00   11080.00  7.756904120312614E-13  1.539691552756756E-14 216045
 278   11080.00   11120.00  3.891862984889642E-13  8.761292576092256E-15 207388	 278   11080.00   11120.00  2.375633500330208E-13  5.225457803530878E-15 207388	 278   11080.00   11120.00  6.678995718853292E-13  1.547664042709168E-14 207388
 279   11120.00   11160.00  3.182005181061208E-13  6.137591148560271E-15 196421	 279   11120.00   11160.00  1.939685042648643E-13  3.627767721043599E-15 196421	 279   11120.00   11160.00  5.469015371458600E-13  1.097816786479112E-14 196421
 280   11160.00   11200.00  2.613997820608107E-13  5.203371542980910E-15 188057	 280   11160.00   11200.00  1.592763113556791E-13  3.097517966095836E-15 188057	 280   11160.00   11200.00  4.493282164461185E-13  9.206652379089555E-15 188057
 281   11200.00   11240.00  2.389804483102392E-13  4.806614409820171E-15 178748	 281   11200.00   11240.00  1.449519916949485E-13  2.853745755167421E-15 178748	 281   11200.00   11240.00  4.129682973048871E-13  8.540349459353335E-15 178748
 282   11240.00   11280.00  1.961621798645053E-13  3.849988748238205E-15 169922	 282   11240.00   11280.00  1.187053399968301E-13  2.267771567039780E-15 169922	 282   11240.00   11280.00  3.398745937918200E-13  6.907458341261873E-15 169922
 283   11280.00   11320.00  1.599867058874260E-13  3.487840146284154E-15 160838	 283   11280.00   11320.00  9.670228060223109E-14  2.043020293032532E-15 160838	 283   11280.00   11320.00  2.775416152447252E-13  6.302082779082624E-15 160838
 284   11320.00   11360.00  1.295453624264187E-13  2.581704913034685E-15 152524	 284   11320.00   11360.00  7.830962486617475E-14  1.534832577473124E-15 152524	 284   11320.00   11360.00  2.246316149445598E-13  4.584058947132411E-15 152524
 285   11360.00   11400.00  1.086901018111230E-13  2.595733094902929E-15 143598	 285   11360.00   11400.00  6.536549511202724E-14  1.527675796794601E-15 143598	 285   11360.00   11400.00  1.895697405066418E-13  4.658065979488487E-15 143598
 286   11400.00   11440.00  9.472787982149695E-14  2.229900209888611E-15 136076	 286   11400.00   11440.00  5.683886820057237E-14  1.305048284311336E-15 136076	 286   11400.00   11440.00  1.656218164194906E-13  4.028048754415647E-15 136076
 287   11440.00   11480.00  7.437047814285090E-14  1.476297892101543E-15 128357	 287   11440.00   11480.00  4.451043253477138E-14  8.685415080209947E-16 128357	 287   11440.00   11480.00  1.303904655794021E-13  2.650483787673167E-15 128357
 288   11480.00   11520.00  6.244908764394417E-14  1.413676430667231E-15 120262	 288   11480.00   11520.00  3.729616894935046E-14  8.376271485114475E-16 120262	 288   11480.00   11520.00  1.097325256874653E-13  2.517283008357527E-15 120262
 289   11520.00   11560.00  5.330225522974015E-14  1.333942164195077E-15 113504	 289   11520.00   11560.00  3.173346180330770E-14  7.780667885066912E-16 113504	 289   11520.00   11560.00  9.398920494117820E-14  2.417876245203745E-15 113504
 290   11560.00   11600.00  4.218613784477267E-14  1.085806801541978E-15 106751	 290   11560.00   11600.00  2.503702377610995E-14  6.321754635965726E-16 106751	 290   11560.00   11600.00  7.464357096296692E-14  1.973816316900774E-15 106751
 291   11600.00   11640.00  3.406312081714271E-14  8.407466701728126E-16 99463	 291   11600.00   11640.00  2.015424822963304E-14  4.867792757143381E-16 99463	 291   11600.00   11640.00  6.047486016425901E-14  1.535340899912954E-15 99463
 292   11640.00   11680.00  2.701731739754749E-14  6.208708190762352E-16 93121	 292   11640.00   11680.00  1.597611357823860E-14  3.636835703682509E-16 93121	 292   11640.00   11680.00  4.797298537464455E-14  1.118208661197793E-15 93121
 293   11680.00   11720.00  2.244559608914709E-14  5.656767529003850E-16 87049	 293   11680.00   11720.00  1.316569852380276E-14  3.253654516213100E-16 87049	 293   11680.00   11720.00  4.024158275246620E-14  1.041485821213984E-15 87049
 294   11720.00   11760.00  1.704359081755811E-14  4.767950743256571E-16 80402	 294   11720.00   11760.00  9.990205371018919E-15  2.734608617346746E-16 80402	 294   11720.00   11760.00  3.057603021117236E-14  8.828127058400555E-16 80402
 295   11760.00   11800.00  1.371914166321766E-14  3.938553105399516E-16 74895	 295   11760.00   11800.00  8.015459969811437E-15  2.328891837681105E-16 74895	 295   11760.00   11800.00  2.469693477495799E-14  7.051692179737973E-16 74895
 296   11800.00   11840.00  1.026804329078891E-14  2.728849637948990E-16 69982	 296   11800.00   11840.00  5.982854762167450E-15  1.574808988934518E-16 69982	 296   11800.00   11840.00  1.853078310004272E-14  4.997761539837657E-16 69982
 297   11840.00   11880.00  8.682419862606558E-15  2.891049509746017E-16 64731	 297   11840.00   11880.00  5.026277904724303E-15  1.633319848996259E-16 64731	 297   11840.00   11880.00  1.579110326278042E-14  5.439670668722592E-16 64731
 298   11880.00   11920.00  6.530196746644812E-15  2.007097895198141E-16 59037	 298   11880.00   11920.00  3.760362052377104E-15  1.127336930180021E-16 59037	 298   11880.00   11920.00  1.194682775794522E-14  3.793724189742657E-16 59037
 299   11920.00   11960.00  4.971976955784059E-15  1.732569872560854E-16 53979	 299   11920.00   11960.00  2.868810905843150E-15  9.882153865147160E-17 53979	 299   11920.00   11960.00  9.068368948693561E-15  3.213699874284066E-16 53979
 300   11960.00   12000.00  3.766175158104187E-15  1.229890993808942E-16 49597	 300   11960.00   12000.00  2.153401146114550E-15  6.868893048485865E-17 49597	 300   11960.00   12000.00  6.941474141227087E-15  2.339669551422996E-16 49597
 301   12000.00   12040.00  2.938584358493681E-15  1.246668232930336E-16 45063	 301   12000.00   12040.00  1.672926237188580E-15  7.034672657642232E-17 45063	 301   12000.00   12040.00  5.441861400627959E-15  2.337164939074428E-16 45063
 302   12040.00   12080.00  2.341017133426962E-15  1.223605947862491E-16 41017	 302   12040.00   12080.00  1.316489856882727E-15  6.526479961247282E-17 41017	 302   12040.00   12080.00  4.406756312253341E-15  2.493681258102668E-16 41017
 303   12080.00   12120.00  1.533664581626937E-15  5.900138153862819E-17 36979	 303   12080.00   12120.00  8.650683040416575E-16  3.286706084036906E-17 36979	 303   12080.00   12120.00  2.870160486185615E-15  1.127891331906627E-16 36979
 304   12120.00   12160.00  1.070976506350266E-15  4.380122323034759E-17 33251	 304   12120.00   12160.00  6.035043165122554E-16  2.461500807069835E-17 33251	 304   12120.00   12160.00  2.004837248895438E-15  8.254178110266519E-17 33251
 305   12160.00   12200.00  8.006994080565623E-16  3.331430223039419E-17 30015	 305   12160.00   12200.00  4.491032220470332E-16  1.873297323534137E-17 30015	 305   12160.00   12200.00  1.506061703207809E-15  6.261908840493623E-17 30015
 306   12200.00   12240.00  5.360517392023351E-16  2.860845322535657E-17 26307	 306   12200.00   12240.00  2.964963125981678E-16  1.551167846394784E-17 26307	 306   12200.00   12240.00  1.024663302795537E-15  5.607991901190741E-17 26307
 307   12240.00   12280.00  3.543112200705536E-16  1.989158914273797E-17 23288	 307   12240.00   12280.00  1.949677571232288E-16  1.050274766086429E-17 23288	 307   12240.00   12280.00  6.810302795007857E-16  4.019518091478637E-17 23288
 308   12280.00   12320.00  2.821370402418955E-16  1.850958449285436E-17 20614	 308   12280.00   12320.00  1.546066532610551E-16  1.015570624401565E-17 20614	 308   12280.00   12320.00  5.449526713775497E-16  3.591297841843336E-17 20614
 309   12320.00   12360.00  1.704425607902075E-16  1.005135548648277E-17 17718	 309   12320.00   12360.00  9.195993460154615E-17  5.204381688615101E-18 17718	 309   12320.00   12360.00  3.353138108095194E-16  2.092773393961377E-17 17718
 310   12360.00   12400.00  1.032043175731161E-16  5.754953175412371E-18 15027	 310   12360.00   12400.00  5.554212809123875E-17  3.029907919789354E-18 15027	 310   12360.00   12400.00  2.033399573322058E-16  1.166544621026693E-17 15027
 311   12400.00   12440.00  6.727001050448601E-17  4.854708591012061E-18 12848	 311   12400.00   12440.00  3.582137382894296E-17  2.514649987187984E-18 12848	 311   12400.00   12440.00  1.341574810196377E-16  1.005297023192154E-17 12848
 312   12440.00   12480.00  3.770522956646770E-17  2.089418992738947E-18 10915	 312   12440.00   12480.00  2.003660446074024E-17  1.084530335881294E-18 10915	 312   12440.00   12480.00  7.530366159756705E-17  4.313654956343017E-18 10915
 313   12480.00   12520.00  2.335229108436929E-17  1.796608043623793E-18 8899	 313   12480.00   12520.00  1.219019352064608E-17  9.157683725800683E-19 8899	 313   12480.00   12520.00  4.763110405191204E-17  3.792892814296684E-18 8899
 314   12520.00   12560.00  1.326435204308344E-17  1.032519246283312E-18 7418	 314   12520.00   12560.00  6.865483028625064E-18  5.143464183665516E-19 7418	 314   12520.00   12560.00  2.729428217346176E-17  2.229081975909050E-18 7418
 315   12560.00   12600.00  6.507143056854422E-18  5.506863106415037E-19 5789	 315   12560.00   12600.00  3.368172584313314E-18  2.851562890620953E-19 5789	 315   12560.00   12600.00  1.337029348545768E-17  1.132777927679168E-18 5789
 316   12600.00   12640.00  3.590463607248482E-18  4.704405196988906E-19 4418	 316   12600.00   12640.00  1.833528318696228E-18  2.346925964248171E-19 4418	 316   12600.00   12640.00  7.489646692810153E-18  1.009340975371754E-18 4418
 317   12640.00   12680.00  1.806182072216252E-18  3.012286064188996E-19 3332	 317   12640.00   12680.00  9.197097135881964E-19  1.546748002695134E-19 3332	 317   12640.00   12680.00  3.774784916871484E-18  6.242584404759076E-19 3332
 318   12680.00   12720.00  6.640634880415251E-19  7.312754704023816E-20 2352	 318   12680.00   12720.00  3.311792651848895E-19  3.590678485397021E-20 2352	 318   12680.00   12720.00  1.421293125864698E-18  1.599802793790552E-19 2352
 319   12720.00   12760.00  2.022142932129354E-19  2.309326225305317E-20 1575	 319   12720.00   12760.00  1.022040150243177E-19  1.173769862801379E-20 1575	 319   12720.00   12760.00  4.255043344377528E-19  4.833407962496229E-20 1575
 320   12760.00   12800.00  9.453794806494039E-20  1.427119466343817E-20 1001	 320   12760.00   12800.00  4.575588166611487E-20  6.747106354895194E-21 1001	 320   12760.00   12800.00  2.090230494096402E-19  3.242949182018969E-20 1001
 321   12800.00   12840.00  4.622678102052726E-20  1.458958572852159E-20 538	 321   12800.00   12840.00  2.243109229545458E-20  7.085135941007571E-21 538	 321   12800.00   12840.00  1.016248493064623E-19  3.197506807181890E-20 538
 322   12840.00   12880.00  6.212719259387534E-21  2.413266369558968E-21 213	 322   12840.00   12880.00  3.073336506556940E-21  1.192119800000155E-21 213	 322   12840.00   12880.00  1.337441407466568E-20  5.205608853501986E-21 213
 323   12880.00   12920.00  5.022115922541264E-22  2.191604653957059E-22 56	 323   12880.00   12920.00  2.488602408549540E-22  1.020688517823745E-22 56	 323   12880.00   12920.00  1.084913345044124E-21  5.099976677361779E-22 56
 324   12920.00   12960.00  8.434485545795110E-23  8.047648042289316E-23 9	 324   12920.00   12960.00  4.374697365156231E-23  4.172565648548695E-23 9	 324   12920.00   12960.00  1.714056049589076E-22  1.636074959006394E-22 9
 325   12960.00   13000.00  0.000000000000000E+00  0.000000000000000E+00 0	 325   12960.00   13000.00  0.000000000000000E+00  0.000000000000000E+00 0	 325   12960.00   13000.00  0.000000000000000E+00  0.000000000000000E+00 0
# Underflow:                 0.0000000000000000E+00  0.0000000000000000E+00 0
# Overflow:                  0.0000000000000000E+00  0.0000000000000000E+00 0
#-------------------------------------------------------------------------------------	#-------------------------------------------------------------------------------------	#-------------------------------------------------------------------------------------
# Sum:                       8.4092846951739214E-03  4.2779665867732954E-06 52479000
#=====================================================================================	#=====================================================================================	#=====================================================================================
