# title = Azimuthal Angle between two jets
# xlabel = $\phi_{\text{j}_1\text{j}_2}\,$[$^{\circ}$]
# ylabel = $\frac{\text{d}\sigma}{\text{d}\phi_{\text{j}_1\text{j}_2}}\,\left[\frac{\text{fb}}{\text{$^{\circ}$}}\right]$
# xmin=  0.000E+00
# xmax=  3.142E+00
# ymin=  1.000E-01
# ymax=  2.000E-01
# kmin= -5.000E+01
# kmax=  1.000E+01
# logscale = false
# Renormalization and factorization scale scaled by: 1.0000000000
# Renormalization scaled by: 1.0000000000
# Number of generated events: 1634909473
#	#	#
#=====================================================================================	#=====================================================================================	#=====================================================================================
# No.       Left      Right                   Value                   Error Hits
#-------------------------------------------------------------------------------------	#-------------------------------------------------------------------------------------	#-------------------------------------------------------------------------------------
   1       0.00       0.08  2.070210787845808E-01  3.971614854068933E-04 42307532	   1       0.00       0.08  1.555657378336913E-01  2.948056545830146E-04 42307532	   1       0.00       0.08  2.835860870476440E-01  5.522983519650066E-04 42307532
   2       0.08       0.16  2.072563716094593E-01  3.789745237638022E-04 42373530	   2       0.08       0.16  1.557651120793652E-01  2.819040740414881E-04 42373530	   2       0.08       0.16  2.838628797783537E-01  5.257985552161630E-04 42373530
   3       0.16       0.24  2.072437175304604E-01  3.737347318634419E-04 42495386	   3       0.16       0.24  1.557619562099920E-01  2.781971310381071E-04 42495386	   3       0.16       0.24  2.838322430825521E-01  5.180574111307707E-04 42495386
   4       0.24       0.31  2.092716937515036E-01  3.884281617547705E-04 42695455	   4       0.24       0.31  1.572873720491224E-01  2.887885893620774E-04 42695455	   4       0.24       0.31  2.866036414051227E-01  5.391689821559245E-04 42695455
   5       0.31       0.39  2.100376688550770E-01  4.079109835751281E-04 42937190	   5       0.31       0.39  1.578777342600859E-01  3.040508584264926E-04 42937190	   5       0.31       0.39  2.876231647256287E-01  5.643099082015699E-04 42937190
   6       0.39       0.47  2.127460626035345E-01  4.089009409007698E-04 43258104	   6       0.39       0.47  1.599263287349093E-01  3.033559417043643E-04 43258104	   6       0.39       0.47  2.913083555659682E-01  5.696873271977658E-04 43258104
   7       0.47       0.55  2.142541021317487E-01  3.855110312943031E-04 43648056	   7       0.47       0.55  1.610723214367292E-01  2.868372971283744E-04 43648056	   7       0.47       0.55  2.933451004375697E-01  5.347549087011020E-04 43648056
   8       0.55       0.63  2.159081225022200E-01  3.938375040454387E-04 44105066	   8       0.55       0.63  1.623892337198220E-01  2.933354167651258E-04 44105066	   8       0.55       0.63  2.954490733537195E-01  5.454970605431748E-04 44105066
   9       0.63       0.71  2.188614669055985E-01  3.925724851231789E-04 44640494	   9       0.63       0.71  1.646169258643295E-01  2.926966905983937E-04 44640494	   9       0.63       0.71  2.994797999192439E-01  5.430481321596553E-04 44640494
  10       0.71       0.79  2.210119421622775E-01  4.287519972666021E-04 45235739	  10       0.71       0.79  1.662830448946816E-01  3.192008573346490E-04 45235739	  10       0.71       0.79  3.023184175383018E-01  5.937827151808484E-04 45235739
  11       0.79       0.86  2.249475294873476E-01  3.948419490003757E-04 45919531	  11       0.79       0.86  1.692574243667726E-01  2.943387818018978E-04 45919531	  11       0.79       0.86  3.076722320623866E-01  5.462763318523122E-04 45919531
  12       0.86       0.94  2.295666243616341E-01  4.213902323821810E-04 46676099	  12       0.86       0.94  1.727945801692396E-01  3.136480403662774E-04 46676099	  12       0.86       0.94  3.138580129520384E-01  5.839585227424607E-04 46676099
  13       0.94       1.02  2.339164641858845E-01  4.108326191979157E-04 47520410	  13       0.94       1.02  1.761028597825954E-01  3.058834293708081E-04 47520410	  13       0.94       1.02  3.197362115229581E-01  5.694492655508034E-04 47520410
  14       1.02       1.10  2.383978926880978E-01  4.195211517180402E-04 48458394	  14       1.02       1.10  1.795353508442912E-01  3.124531639772972E-04 48458394	  14       1.02       1.10  3.257360555055341E-01  5.811126530375038E-04 48458394
  15       1.10       1.18  2.428795679843391E-01  4.223340688324781E-04 49487612	  15       1.10       1.18  1.829783180346957E-01  3.149539559283682E-04 49487612	  15       1.10       1.18  3.317120480129710E-01  5.839974247585898E-04 49487612
  16       1.18       1.26  2.489538257456075E-01  4.298362620314852E-04 50615991	  16       1.18       1.26  1.876103165108493E-01  3.206411669790573E-04 50615991	  16       1.18       1.26  3.398919806637667E-01  5.941757394917625E-04 50615991
  17       1.26       1.33  2.545266806765691E-01  4.142846545623190E-04 51827996	  17       1.26       1.33  1.918860900063410E-01  3.096463069406832E-04 51827996	  17       1.26       1.33  3.473401828670953E-01  5.713619648896620E-04 51827996
  18       1.33       1.41  2.614632610601005E-01  4.436258540458357E-04 53172793	  18       1.33       1.41  1.971814811931274E-01  3.307300684949048E-04 53172793	  18       1.33       1.41  3.566651756281329E-01  6.137764406893418E-04 53172793
  19       1.41       1.49  2.684018792326474E-01  4.381451811024908E-04 54643314	  19       1.41       1.49  2.024989285008975E-01  3.271944177418694E-04 54643314	  19       1.41       1.49  3.659523641711310E-01  6.049231327923656E-04 54643314
  20       1.49       1.57  2.760405794146066E-01  4.341298614491834E-04 56233796	  20       1.49       1.57  2.083328606345587E-01  3.244618364586264E-04 56233796	  20       1.49       1.57  3.762195898365159E-01  5.988789334678914E-04 56233796
  21       1.57       1.65  2.845695443992727E-01  4.708724058821283E-04 57961315	  21       1.57       1.65  2.148671844562706E-01  3.514526514040415E-04 57961315	  21       1.57       1.65  3.876377435490685E-01  6.505900223221035E-04 57961315
  22       1.65       1.73  2.938674101078307E-01  4.526447329608106E-04 59846254	  22       1.65       1.73  2.219725648355489E-01  3.387000262133714E-04 59846254	  22       1.65       1.73  4.001248797136062E-01  6.235743288470438E-04 59846254
  23       1.73       1.81  3.041669573059792E-01  4.647716777165577E-04 61900321	  23       1.73       1.81  2.298311285693989E-01  3.478631114129214E-04 61900321	  23       1.73       1.81  4.139856167803838E-01  6.401779180393357E-04 61900321
  24       1.81       1.89  3.135761582982608E-01  4.726431922472058E-04 64156838	  24       1.81       1.89  2.370537569353021E-01  3.535625840141600E-04 64156838	  24       1.81       1.89  4.265516747435080E-01  6.513011558329727E-04 64156838
  25       1.89       1.96  3.254005299406029E-01  4.979580208545880E-04 66580401	  25       1.89       1.96  2.460879638886034E-01  3.718964838634040E-04 66580401	  25       1.89       1.96  4.424402329995625E-01  6.877250619849346E-04 66580401
  26       1.96       2.04  3.371344409521631E-01  5.041554102412934E-04 69231936	  26       1.96       2.04  2.550687123458023E-01  3.766345573836848E-04 69231936	  26       1.96       2.04  4.581751290132980E-01  6.960872094922319E-04 69231936
  27       2.04       2.12  3.484888063552978E-01  5.037400482984147E-04 72152365	  27       2.04       2.12  2.637877115343796E-01  3.768276398829620E-04 72152365	  27       2.04       2.12  4.733298126952771E-01  6.942039157091318E-04 72152365
  28       2.12       2.20  3.622234876314124E-01  5.177110101780721E-04 75332974	  28       2.12       2.20  2.743264697731933E-01  3.876843419596655E-04 75332974	  28       2.12       2.20  4.916850944186824E-01  7.125823182115037E-04 75332974
  29       2.20       2.28  3.755727326073590E-01  5.245341489759410E-04 78818311	  29       2.20       2.28  2.845547296861543E-01  3.927589353222138E-04 78818311	  29       2.20       2.28  5.095608745458882E-01  7.222251737945917E-04 78818311
  30       2.28       2.36  3.889422188306608E-01  5.319863679228312E-04 82631843	  30       2.28       2.36  2.948123022103563E-01  3.986759710549477E-04 82631843	  30       2.28       2.36  5.274309969730409E-01  7.316785389379925E-04 82631843
  31       2.36       2.44  4.040031668323101E-01  5.395366540764761E-04 86870917	  31       2.36       2.44  3.063733093976825E-01  4.045673043989918E-04 86870917	  31       2.36       2.44  5.475502974110836E-01  7.416012197604623E-04 86870917
  32       2.44       2.51  4.185078407052050E-01  5.504219097368406E-04 91544725	  32       2.44       2.51  3.175071622484895E-01  4.128004480612762E-04 91544725	  32       2.44       2.51  5.669299267358032E-01  7.564159273186354E-04 91544725
  33       2.51       2.59  4.359406516335403E-01  6.212371539745216E-04 96700156	  33       2.51       2.59  3.308405076832954E-01  4.639652879369609E-04 96700156	  33       2.51       2.59  5.903254917513732E-01  8.581179039293474E-04 96700156
  34       2.59       2.67  4.505793694807836E-01  5.881742741744354E-04 102397917	  34       2.59       2.67  3.421128941029489E-01  4.407314682680861E-04 102397917	  34       2.59       2.67  6.098050564895610E-01  8.094227467701151E-04 102397917
  35       2.67       2.75  4.663293720226423E-01  6.058663778257167E-04 108707100	  35       2.67       2.75  3.541856191116808E-01  4.548113207820350E-04 108707100	  35       2.67       2.75  6.308761666426254E-01  8.314021767495180E-04 108707100
  36       2.75       2.83  4.805921085594633E-01  6.148062256348504E-04 115628377	  36       2.75       2.83  3.651493253791178E-01  4.614283514380394E-04 115628377	  36       2.75       2.83  6.498961573120805E-01  8.440907395028457E-04 115628377
  37       2.83       2.91  4.934100335565543E-01  6.187098149407912E-04 123354500	  37       2.83       2.91  3.749732322159078E-01  4.648928047746680E-04 123354500	  37       2.83       2.91  6.670547476035210E-01  8.481844598272346E-04 123354500
  38       2.91       2.98  5.040855007354036E-01  6.171134955240918E-04 132238800	  38       2.91       2.98  3.831906955483070E-01  4.638064188057499E-04 132238800	  38       2.91       2.98  6.812678969529751E-01  8.459066351477922E-04 132238800
  39       2.98       3.06  5.128934837875221E-01  6.463891785278136E-04 143017423	  39       2.98       3.06  3.899599126604033E-01  4.843459776850058E-04 143017423	  39       2.98       3.06  6.930142067847012E-01  8.895700320609685E-04 143017423
  40       3.06       3.14  5.173365045853265E-01  6.237923763296363E-04 157076983	  40       3.06       3.14  3.933734287230222E-01  4.688090682294656E-04 157076983	  40       3.06       3.14  6.989409251887674E-01  8.551262411897586E-04 157076983
# Underflow:                 0.0000000000000000E+00  0.0000000000000000E+00 0
# Overflow:                  2.8341568921650716E-11  2.8341568912983091E-11 1
#-------------------------------------------------------------------------------------	#-------------------------------------------------------------------------------------	#-------------------------------------------------------------------------------------
# Sum:                       8.4092846951738399E-03  4.2779706423061300E-06 52479000
#=====================================================================================	#=====================================================================================	#=====================================================================================
