# title = Transverse Momentum Positron
# xlabel = $p_{\text{T},\text{e}^+}\,$[GeV]
# ylabel = $\frac{\text{d}\sigma}{\text{d}p_{\text{T},\text{e}^+}}\,\left[\frac{\text{fb}}{\text{GeV}}\right]$
# xmin=  0.000E+00
# xmax=  8.000E+02
# ymin=  1.000E-06
# ymax=  1.000E-02
# kmin= -5.000E+01
# kmax=  1.000E+01
# logscale = true
# Renormalization and factorization scale scaled by: 2.0000000000
# Renormalization scaled by: 2.0000000000
#
#
#=====================================================================================
# No.       Left      Right                   Value                   Error Hits
#-------------------------------------------------------------------------------------
   1       0.00      20.00  0.000000000000000E+00  0.000000000000000E+00 0
   2      20.00      40.00  3.873673587839189E-03  3.699367045747847E-06 195910149
   3      40.00      60.00  2.949651402263141E-03  3.097664238622549E-06 157159665
   4      60.00      80.00  1.966425795068512E-03  2.515220540975782E-06 107272676
   5      80.00     100.00  1.302461333278125E-03  1.818694029477389E-06 77170942
   6     100.00     120.00  8.793662523377412E-04  1.580128055988359E-06 57596801
   7     120.00     140.00  6.073575563472073E-04  1.164698547122365E-06 44269224
   8     140.00     160.00  4.304246362018160E-04  9.549121235951840E-07 34855143
   9     160.00     180.00  3.101796041497470E-04  8.925948823446977E-07 28014458
  10     180.00     200.00  2.261817563608993E-04  6.500409976315759E-07 22919004
  11     200.00     220.00  1.682566025551943E-04  5.399074857385968E-07 19039002
  12     220.00     240.00  1.258487316856706E-04  4.411987367585133E-07 16009666
  13     240.00     260.00  9.585130463455166E-05  3.615094912881249E-07 13607540
  14     260.00     280.00  7.356713642973712E-05  3.147252257763661E-07 11683444
  15     280.00     300.00  5.730802726234952E-05  2.616633616421335E-07 10123927
  16     300.00     320.00  4.435441922845825E-05  2.341356551925170E-07 8824851
  17     320.00     340.00  3.490167393847403E-05  1.948779310441168E-07 7747326
  18     340.00     360.00  2.766747444925422E-05  1.899547473285825E-07 6841030
  19     360.00     380.00  2.177210586443082E-05  1.352122445606324E-07 6077070
  20     380.00     400.00  1.757632321869288E-05  1.194737548109168E-07 5416917
  21     400.00     420.00  1.426037444951425E-05  1.179778058715845E-07 4857054
  22     420.00     440.00  1.143375462411744E-05  9.148758411914376E-08 4369488
  23     440.00     460.00  9.147128872218119E-06  8.469282193428175E-08 3939114
  24     460.00     480.00  7.577786139248709E-06  6.560283402508704E-08 3570722
  25     480.00     500.00  6.292476199695755E-06  7.336556966988026E-08 3241339
  26     500.00     520.00  5.199413958895037E-06  7.027285235847598E-08 2951331
  27     520.00     540.00  4.249224065137508E-06  4.552267879698220E-08 2693498
  28     540.00     560.00  3.470089871723469E-06  3.905465243575093E-08 2465226
  29     560.00     580.00  2.928877778781680E-06  3.776973641198958E-08 2258256
  30     580.00     600.00  2.465884573621040E-06  3.150252574526362E-08 2079581
  31     600.00     620.00  2.002490216469955E-06  2.590106320630530E-08 1915608
  32     620.00     640.00  1.719194370242048E-06  2.877971622981326E-08 1764496
  33     640.00     660.00  1.414584835896967E-06  2.218906569728390E-08 1633397
  34     660.00     680.00  1.234495876594655E-06  2.106032506651522E-08 1508059
  35     680.00     700.00  1.026536325737358E-06  1.749163202899483E-08 1398712
  36     700.00     720.00  8.318780752255353E-07  1.254073679877786E-08 1298838
  37     720.00     740.00  7.257636865522602E-07  1.315967755518934E-08 1206283
  38     740.00     760.00  6.606555155971154E-07  1.578593710174535E-08 1123001
  39     760.00     780.00  5.210173208673038E-07  1.010699960234935E-08 1047160
  40     780.00     800.00  4.691390607396331E-07  1.047497806726444E-08 975664
  41     800.00     820.00  3.875169707974214E-07  1.126279479759716E-08 912248
  42     820.00     840.00  3.422345166949132E-07  8.518922532224194E-09 851329
  43     840.00     860.00  2.874828062792845E-07  6.763411367086642E-09 797336
  44     860.00     880.00  2.423952143942459E-07  6.403563338796157E-09 746314
  45     880.00     900.00  2.168464452490148E-07  6.146081862716813E-09 700384
  46     900.00     920.00  1.864457123101140E-07  5.068077880284841E-09 657635
  47     920.00     940.00  1.572648783897540E-07  4.334454290560441E-09 616938
  48     940.00     960.00  1.381316431733071E-07  4.561773445517050E-09 581012
  49     960.00     980.00  1.243200907123797E-07  1.103910968346616E-08 546402
  50     980.00    1000.00  1.044667701751373E-07  3.350732284443939E-09 512389
  51    1000.00    1020.00  9.292719132673368E-08  4.191149611123156E-09 484185
  52    1020.00    1040.00  7.209623924367994E-08  2.312067834211431E-09 456289
  53    1040.00    1060.00  7.156469867650222E-08  3.101013068508815E-09 430336
  54    1060.00    1080.00  5.952867408237948E-08  2.043417397960681E-09 406501
  55    1080.00    1100.00  5.070848113022415E-08  1.980011756078927E-09 384061
  56    1100.00    1120.00  4.570870920776165E-08  1.778684674703398E-09 363047
  57    1120.00    1140.00  4.074989172271221E-08  1.779276218425276E-09 342497
  58    1140.00    1160.00  3.345067625475321E-08  1.244574692748635E-09 324691
  59    1160.00    1180.00  3.075477201779106E-08  1.597669893228127E-09 307841
  60    1180.00    1200.00  2.547857712506753E-08  9.085777409104461E-10 292190
  61    1200.00    1220.00  2.305967249154865E-08  1.022326676185791E-09 275951
  62    1220.00    1240.00  2.100344917120915E-08  1.142758820205733E-09 261880
  63    1240.00    1260.00  1.655792953359364E-08  7.172799101344882E-10 248460
  64    1260.00    1280.00  1.558057578834798E-08  6.833098191275357E-10 235627
  65    1280.00    1300.00  1.536121907015106E-08  1.319623473097495E-09 223504
  66    1300.00    1320.00  1.316019635127794E-08  9.333023861135105E-10 212953
  67    1320.00    1340.00  1.017210423187035E-08  5.597947901985465E-10 202148
  68    1340.00    1360.00  9.037552385903402E-09  4.721325302804669E-10 192122
  69    1360.00    1380.00  8.626748040193663E-09  4.974787750680277E-10 182235
  70    1380.00    1400.00  6.432624275298591E-09  3.720477280339682E-10 173812
  71    1400.00    1420.00  5.820193823792026E-09  3.031051886564721E-10 165369
  72    1420.00    1440.00  6.353521712099981E-09  4.832329282163380E-10 156636
  73    1440.00    1460.00  5.038671410851453E-09  3.304240689369910E-10 149721
  74    1460.00    1480.00  4.577390363802914E-09  4.409810454693835E-10 142414
  75    1480.00    1500.00  3.842904607273813E-09  1.977267383728985E-10 135682
  76    1500.00    1520.00  3.530276172378195E-09  4.449317769472219E-10 129416
  77    1520.00    1540.00  3.093121120587016E-09  1.918059863562008E-10 123102
  78    1540.00    1560.00  2.934681689550664E-09  2.296558479890161E-10 117333
  79    1560.00    1580.00  2.909765401485931E-09  5.045935756236896E-10 112053
  80    1580.00    1600.00  2.148684666003014E-09  1.595201714343273E-10 106463
  81    1600.00    1620.00  1.955549709254585E-09  1.354002735545010E-10 102151
  82    1620.00    1640.00  1.845289567594749E-09  1.397368000508051E-10 98141
  83    1640.00    1660.00  1.211853604252985E-09  6.721831596869786E-11 93300
  84    1660.00    1680.00  1.331994096616702E-09  9.211037365891148E-11 88775
  85    1680.00    1700.00  1.331190517898455E-09  1.101959100509422E-10 85751
  86    1700.00    1720.00  1.010217481526216E-09  1.063304416387248E-10 81473
  87    1720.00    1740.00  1.040977880047362E-09  1.521068547870854E-10 77736
  88    1740.00    1760.00  7.766376575531267E-10  4.989396300431424E-11 73984
  89    1760.00    1780.00  7.624083947088474E-10  6.193387215063283E-11 70621
  90    1780.00    1800.00  6.665061342328535E-10  7.031861524261111E-11 68089
  91    1800.00    1820.00  5.501757806089916E-10  4.212990087954619E-11 65347
  92    1820.00    1840.00  5.762460994757488E-10  5.255269648645369E-11 62354
  93    1840.00    1860.00  4.714384008900123E-10  4.036078691145554E-11 59206
  94    1860.00    1880.00  3.989502472649078E-10  4.504257515886304E-11 57067
  95    1880.00    1900.00  4.062852239287591E-10  3.549830672950409E-11 54345
  96    1900.00    1920.00  3.722650339639835E-10  3.427317863887914E-11 52120
  97    1920.00    1940.00  3.103077485843958E-10  2.392379464518319E-11 50228
  98    1940.00    1960.00  3.070929689044655E-10  3.836805973723481E-11 47570
  99    1960.00    1980.00  2.482016066079028E-10  2.537643979172380E-11 45751
 100    1980.00    2000.00  3.425531083167194E-10  1.170006685263385E-10 43692
 101    2000.00    2020.00  1.851697991257509E-10  1.378351536992749E-11 42276
 102    2020.00    2040.00  1.956099589989956E-10  3.440721048900300E-11 40334
 103    2040.00    2060.00  1.534672234615081E-10  1.572395117301946E-11 38527
 104    2060.00    2080.00  1.842255030109946E-10  3.684120647473217E-11 36753
 105    2080.00    2100.00  1.637841037171679E-10  3.647121797137573E-11 34943
 106    2100.00    2120.00  1.360468440842764E-10  1.775221231010095E-11 34021
 107    2120.00    2140.00  9.725734914319917E-11  8.696706791450801E-12 32424
 108    2140.00    2160.00  9.845170851974260E-11  9.670050468790273E-12 31011
 109    2160.00    2180.00  1.009153686893284E-10  1.649476738494484E-11 29839
 110    2180.00    2200.00  8.242196256809310E-11  1.065271450841284E-11 28671
 111    2200.00    2220.00  6.613932345622241E-11  9.032109762640694E-12 27319
 112    2220.00    2240.00  5.916338746713260E-11  7.352066237919560E-12 26635
 113    2240.00    2260.00  5.806028013100712E-11  7.528180704410505E-12 25419
 114    2260.00    2280.00  5.439467360900124E-11  8.311731800085992E-12 24042
 115    2280.00    2300.00  4.595687041981720E-11  7.138105664662619E-12 23111
 116    2300.00    2320.00  4.438751164644335E-11  5.924428612426833E-12 22221
 117    2320.00    2340.00  6.904319384884727E-11  2.703554150270643E-11 21542
 118    2340.00    2360.00  3.262188291502245E-11  4.419779829525745E-12 20360
 119    2360.00    2380.00  3.457923956395226E-11  1.182978663795495E-11 19772
 120    2380.00    2400.00  2.855285935615513E-11  4.987101814914656E-12 18881
 121    2400.00    2420.00  2.072323956629969E-11  3.396530744510176E-12 18155
 122    2420.00    2440.00  1.980028259386247E-11  1.933659319218410E-12 17394
 123    2440.00    2460.00  1.601691182253370E-11  1.798427447344269E-12 16947
 124    2460.00    2480.00  1.993621922245389E-11  4.031795682495478E-12 16045
 125    2480.00    2500.00  1.552115340232696E-11  1.975022215699593E-12 15291
 126    2500.00    2520.00  1.081014652187005E-11  1.146975053017414E-12 14721
 127    2520.00    2540.00  1.073511835953667E-11  2.106930054290087E-12 14188
 128    2540.00    2560.00  9.216902947226836E-12  1.074329261584304E-12 13501
 129    2560.00    2580.00  1.318842869758630E-11  1.701195034372580E-12 13261
 130    2580.00    2600.00  1.041437093345053E-11  1.618315679565274E-12 12667
 131    2600.00    2620.00  8.875726441752301E-12  1.727413617844263E-12 12098
 132    2620.00    2640.00  6.678144103041544E-12  1.241148457978142E-12 11557
 133    2640.00    2660.00  9.758800627509313E-12  3.841547598367665E-12 11186
 134    2660.00    2680.00  6.302436344940173E-12  1.013474011852579E-12 10632
 135    2680.00    2700.00  7.412208189477705E-12  1.628872878901577E-12 10160
 136    2700.00    2720.00  5.185540077839586E-12  8.127695835993147E-13 9829
 137    2720.00    2740.00  4.840380626713599E-12  9.230735893840758E-13 9611
 138    2740.00    2760.00  5.454382456481264E-12  1.314199831357588E-12 9004
 139    2760.00    2780.00  5.468428434006557E-12  2.138567492008680E-12 8638
 140    2780.00    2800.00  2.685026356256691E-12  3.294009056948280E-13 8290
 141    2800.00    2820.00  2.711447510745095E-12  3.218256120080434E-13 8035
 142    2820.00    2840.00  2.802000699756200E-12  6.729914828647244E-13 7734
 143    2840.00    2860.00  2.636146868045541E-12  3.883910435678795E-13 7601
 144    2860.00    2880.00  1.950802442655304E-12  3.875509500288789E-13 7076
 145    2880.00    2900.00  3.133214204917592E-12  1.261384413585428E-12 6961
 146    2900.00    2920.00  1.418721521538442E-12  1.633668383001409E-13 6509
 147    2920.00    2940.00  2.317371874292290E-12  6.772201987735720E-13 6410
 148    2940.00    2960.00  9.607147467201212E-13  1.027669063047187E-13 6079
 149    2960.00    2980.00  1.383891612911738E-12  2.958481871527730E-13 5790
 150    2980.00    3000.00  1.177047130649036E-12  2.371361278731689E-13 5515
 151    3000.00    3020.00  7.474370304557828E-13  1.082852799726021E-13 5428
 152    3020.00    3040.00  9.655464729476674E-13  1.722722305951665E-13 5200
 153    3040.00    3060.00  7.747026752437792E-13  1.249870161028641E-13 4978
 154    3060.00    3080.00  8.712320659100828E-13  1.550257046817010E-13 4556
 155    3080.00    3100.00  2.523404211500237E-12  1.538987882712717E-12 4462
 156    3100.00    3120.00  6.113037714846209E-13  8.573817837019142E-14 4405
 157    3120.00    3140.00  7.428492342840016E-13  3.078253112641188E-13 4207
 158    3140.00    3160.00  3.359860274070708E-13  4.551334843813859E-14 4042
 159    3160.00    3180.00  3.798957320769282E-13  8.440582731320907E-14 3874
 160    3180.00    3200.00  7.071808211996712E-13  4.166498101634771E-13 3714
 161    3200.00    3220.00  3.430194836447558E-13  7.169378287314550E-14 3538
 162    3220.00    3240.00  3.297024226653837E-13  4.726722451615734E-14 3368
 163    3240.00    3260.00  3.971162472953467E-13  1.503125005210840E-13 3250
 164    3260.00    3280.00  2.807458004748994E-13  4.577458740670085E-14 3078
 165    3280.00    3300.00  4.989246153533339E-13  1.936682436451232E-13 3066
 166    3300.00    3320.00  1.991933346772833E-13  5.656282987208425E-14 2849
 167    3320.00    3340.00  2.732507038490611E-13  1.288987852692514E-13 2762
 168    3340.00    3360.00  2.218064473884871E-13  3.859431174682102E-14 2604
 169    3360.00    3380.00  1.634482041150343E-13  2.563736811941973E-14 2463
 170    3380.00    3400.00  1.648330754658729E-13  3.178029830771279E-14 2453
 171    3400.00    3420.00  2.205877526842494E-13  7.482503665951365E-14 2301
 172    3420.00    3440.00  1.131645026576539E-13  1.696489093936988E-14 2137
 173    3440.00    3460.00  7.468312188838981E-14  1.360774968333476E-14 2005
 174    3460.00    3480.00  2.329966442076219E-13  7.568763742774086E-14 2088
 175    3480.00    3500.00  6.353460758722490E-14  1.001097487774987E-14 1980
 176    3500.00    3520.00  9.243059013491791E-14  1.976379519237802E-14 1855
 177    3520.00    3540.00  7.986565773822181E-14  1.819062679002906E-14 1779
 178    3540.00    3560.00  5.398343244260179E-14  7.700989800794794E-15 1747
 179    3560.00    3580.00  4.556267018156494E-14  9.450266945688764E-15 1611
 180    3580.00    3600.00  3.898805912558982E-14  5.937877963566247E-15 1537
 181    3600.00    3620.00  6.066956552832364E-14  1.955179474519692E-14 1479
 182    3620.00    3640.00  2.933914177760901E-14  4.887983331076508E-15 1421
 183    3640.00    3660.00  4.732352451227239E-14  9.450652496429659E-15 1441
 184    3660.00    3680.00  7.305687966498394E-14  4.697628866381698E-14 1279
 185    3680.00    3700.00  3.852080660124487E-14  1.466394559700377E-14 1254
 186    3700.00    3720.00  4.492791486430504E-14  1.466024827833560E-14 1242
 187    3720.00    3740.00  8.232039096381211E-14  3.133663100410452E-14 1166
 188    3740.00    3760.00  2.005173755533749E-14  3.875749913269710E-15 1071
 189    3760.00    3780.00  1.845307144670309E-14  3.811623230950396E-15 1063
 190    3780.00    3800.00  9.904339040543657E-15  1.754383721939522E-15 969
 191    3800.00    3820.00  2.057651535840722E-14  1.079262322533432E-14 979
 192    3820.00    3840.00  1.154536261291875E-14  2.236090442237098E-15 915
 193    3840.00    3860.00  2.200821177445251E-14  9.557225814174819E-15 812
 194    3860.00    3880.00  2.468506928985583E-14  1.466566018559078E-14 855
 195    3880.00    3900.00  3.282163162493027E-14  1.423961414445934E-14 817
 196    3900.00    3920.00  6.251859374182420E-15  1.386727674470712E-15 777
 197    3920.00    3940.00  5.349451957346999E-15  1.009319753260919E-15 727
 198    3940.00    3960.00  2.419025311043851E-14  1.313332466632914E-14 707
 199    3960.00    3980.00  4.412769110701645E-15  9.541022481368660E-16 669
 200    3980.00    4000.00  8.916795163625639E-15  4.062367520802359E-15 594
 201    4000.00    4020.00  3.903144877451485E-15  8.918848620413286E-16 602
 202    4020.00    4040.00  1.420608699652020E-14  5.628401647092765E-15 582
 203    4040.00    4060.00  6.737960148821944E-15  4.236975945352117E-15 554
 204    4060.00    4080.00  7.114069166202376E-15  3.175557769928161E-15 532
 205    4080.00    4100.00  5.241868020985303E-15  2.574335160284737E-15 466
 206    4100.00    4120.00  3.095927644713953E-15  9.258053927209485E-16 434
 207    4120.00    4140.00  7.546687135983281E-15  4.972084093642188E-15 414
 208    4140.00    4160.00  1.222573682843078E-15  3.082759885016785E-16 405
 209    4160.00    4180.00  5.287702686909827E-15  2.311853878741191E-15 416
 210    4180.00    4200.00  1.273286464918603E-15  3.291477930044898E-16 400
 211    4200.00    4220.00  1.912281589258151E-15  5.891727164284270E-16 401
 212    4220.00    4240.00  1.578429493119065E-15  9.814123314835187E-16 370
 213    4240.00    4260.00  3.036217552096949E-15  1.608445789587128E-15 330
 214    4260.00    4280.00  2.759829600681428E-15  1.492558907260026E-15 374
 215    4280.00    4300.00  1.525277291338713E-15  6.548794562024703E-16 307
 216    4300.00    4320.00  7.683370077930622E-16  3.591822895332030E-16 287
 217    4320.00    4340.00  2.245064641501627E-15  8.531156405931213E-16 294
 218    4340.00    4360.00  7.530966230473570E-16  2.715293246866730E-16 250
 219    4360.00    4380.00  1.391440540875936E-15  8.411071415803208E-16 226
 220    4380.00    4400.00  4.985345325094624E-16  2.031293291680939E-16 235
 221    4400.00    4420.00  1.244606378074698E-15  5.330741676824173E-16 232
 222    4420.00    4440.00  4.722969497289910E-16  1.622142901329192E-16 199
 223    4440.00    4460.00  1.198660957476877E-15  8.132015501838773E-16 188
 224    4460.00    4480.00  1.049730030638710E-15  6.089253934474794E-16 169
 225    4480.00    4500.00  8.087507845608995E-16  4.854379570965403E-16 191
 226    4500.00    4520.00  1.590169595018012E-16  5.106704825599923E-17 175
 227    4520.00    4540.00  1.954191944265075E-16  6.746456466543482E-17 162
 228    4540.00    4560.00  3.591561259925514E-16  1.805237925890161E-16 148
 229    4560.00    4580.00  1.007862081481001E-16  4.079942413158082E-17 142
 230    4580.00    4600.00  2.063696455615764E-16  6.547995656054048E-17 129
 231    4600.00    4620.00  1.252717775780283E-16  5.590611659662725E-17 116
 232    4620.00    4640.00  3.394587523202644E-16  2.188062654484847E-16 137
 233    4640.00    4660.00  7.780198433010643E-17  2.234512262350798E-17 99
 234    4660.00    4680.00  2.461768694298459E-15  2.400121631252388E-15 118
 235    4680.00    4700.00  3.022388196715198E-16  1.294250535552922E-16 108
 236    4700.00    4720.00  9.246456800096628E-17  4.950889220450107E-17 94
 237    4720.00    4740.00  5.807297882100410E-16  5.318766892413430E-16 97
 238    4740.00    4760.00  5.641158705419870E-17  3.310562079577314E-17 93
 239    4760.00    4780.00  8.862839832772379E-18  3.945944987564730E-18 77
 240    4780.00    4800.00  1.603103551233508E-17  6.294948650285736E-18 65
 241    4800.00    4820.00  5.248686463137395E-17  4.548031327830047E-17 61
 242    4820.00    4840.00  1.033982746186569E-16  6.291740524609700E-17 64
 243    4840.00    4860.00  8.303431421801107E-17  6.876408567852782E-17 67
 244    4860.00    4880.00  2.050764149551684E-17  9.193135054306044E-18 59
 245    4880.00    4900.00  4.736051185988419E-17  2.936575423779248E-17 41
 246    4900.00    4920.00  2.215541198919483E-16  2.120232406971124E-16 52
 247    4920.00    4940.00  5.439267036896350E-17  2.452814208990328E-17 62
 248    4940.00    4960.00  1.282418764411725E-16  1.204902893603343E-16 48
 249    4960.00    4980.00  4.178032113394236E-18  1.905513402687834E-18 41
 250    4980.00    5000.00  5.748693975809874E-17  5.484824654522453E-17 44
 251    5000.00    5020.00  3.299049462899385E-17  2.865512129260535E-17 41
 252    5020.00    5040.00  1.032619412242981E-17  8.572610611571299E-18 29
 253    5040.00    5060.00  7.544973151186471E-19  3.640006425928619E-19 38
 254    5060.00    5080.00  2.499439527177250E-19  1.213034430532632E-19 28
 255    5080.00    5100.00  7.332043485726960E-18  4.784903146697602E-18 26
 256    5100.00    5120.00  3.005813497610332E-18  2.116048412891351E-18 27
 257    5120.00    5140.00  3.157693876351566E-16  3.156536692289949E-16 20
 258    5140.00    5160.00  7.274321808951678E-19  3.212184550066858E-19 19
 259    5160.00    5180.00  5.807628412450778E-18  3.872154143144863E-18 20
 260    5180.00    5200.00  1.795972158805649E-18  1.736634925225097E-18 21
 261    5200.00    5220.00  1.748174258745818E-18  1.498564332997357E-18 10
 262    5220.00    5240.00  9.972033983938516E-19  6.721823810626340E-19 17
 263    5240.00    5260.00  5.506437338101280E-20  4.136255847953825E-20 13
 264    5260.00    5280.00  1.214674908949704E-18  9.081660221927842E-19 16
 265    5280.00    5300.00  1.365492839270531E-19  1.258182321169789E-19 7
 266    5300.00    5320.00  2.446447083832766E-19  2.391186034519946E-19 8
 267    5320.00    5340.00  1.906023259492904E-17  1.595893224059056E-17 8
 268    5340.00    5360.00  5.082141601204979E-21  4.778860977824207E-21 6
 269    5360.00    5380.00  3.237199916526671E-18  2.658838767709364E-18 8
 270    5380.00    5400.00  1.696606024968388E-19  1.690363223084849E-19 4
 271    5400.00    5420.00  5.526247993397660E-22  5.283896736277002E-22 4
 272    5420.00    5440.00  2.042905090096203E-25  2.037122892679044E-25 2
 273    5440.00    5460.00  2.102178130890373E-18  2.101828669084448E-18 8
 274    5460.00    5480.00  2.244845912074661E-19  1.999376860223726E-19 6
 275    5480.00    5500.00  3.820748978005313E-20  3.811811146464638E-20 4
 276    5500.00    5520.00  1.281221652954273E-18  1.277977157756757E-18 5
 277    5520.00    5540.00  5.354076004436931E-20  5.354075937340913E-20 2
 278    5540.00    5560.00  4.666079816003785E-19  4.663054731675912E-19 2
 279    5560.00    5580.00  2.826524707760540E-26  2.826524702308670E-26 1
 280    5580.00    5600.00  8.222395197004432E-23  5.808121128790583E-23 3
 281    5600.00    5620.00  0.000000000000000E+00  0.000000000000000E+00 0
 282    5620.00    5640.00  1.701644853225382E-29  1.701644850150012E-29 1
 283    5640.00    5660.00  1.388112322951729E-27  1.388112321049148E-27 1
 284    5660.00    5680.00  2.025434253128956E-23  2.025434248806805E-23 1
 285    5680.00    5700.00  1.525238463500602E-22  1.525238461362666E-22 1
 286    5700.00    5720.00  0.000000000000000E+00  0.000000000000000E+00 0
 287    5720.00    5740.00  4.881345051866642E-26  4.881345042544375E-26 1
 288    5740.00    5760.00  1.764423730113338E-21  1.741412890498482E-21 3
 289    5760.00    5780.00  0.000000000000000E+00  0.000000000000000E+00 0
 290    5780.00    5800.00  0.000000000000000E+00  0.000000000000000E+00 0
 291    5800.00    5820.00  0.000000000000000E+00  0.000000000000000E+00 0
 292    5820.00    5840.00  0.000000000000000E+00  0.000000000000000E+00 0
 293    5840.00    5860.00  0.000000000000000E+00  0.000000000000000E+00 0
 294    5860.00    5880.00  1.123320903600561E-29  1.123320901570391E-29 1
 295    5880.00    5900.00  0.000000000000000E+00  0.000000000000000E+00 0
 296    5900.00    5920.00  1.078004973379248E-23  1.078004971846661E-23 1
 297    5920.00    5940.00  0.000000000000000E+00  0.000000000000000E+00 0
 298    5940.00    5960.00  0.000000000000000E+00  0.000000000000000E+00 0
 299    5960.00    5980.00  0.000000000000000E+00  0.000000000000000E+00 0
 300    5980.00    6000.00  0.000000000000000E+00  0.000000000000000E+00 0
 301    6000.00    6020.00  0.000000000000000E+00  0.000000000000000E+00 0
 302    6020.00    6040.00  8.500739072865803E-28  8.500739066079504E-28 1
 303    6040.00    6060.00  0.000000000000000E+00  0.000000000000000E+00 0
 304    6060.00    6080.00  0.000000000000000E+00  0.000000000000000E+00 0
 305    6080.00    6100.00  0.000000000000000E+00  0.000000000000000E+00 0
 306    6100.00    6120.00  0.000000000000000E+00  0.000000000000000E+00 0
 307    6120.00    6140.00  0.000000000000000E+00  0.000000000000000E+00 0
 308    6140.00    6160.00  0.000000000000000E+00  0.000000000000000E+00 0
 309    6160.00    6180.00  0.000000000000000E+00  0.000000000000000E+00 0
 310    6180.00    6200.00  0.000000000000000E+00  0.000000000000000E+00 0
 311    6200.00    6220.00  0.000000000000000E+00  0.000000000000000E+00 0
 312    6220.00    6240.00  0.000000000000000E+00  0.000000000000000E+00 0
 313    6240.00    6260.00  0.000000000000000E+00  0.000000000000000E+00 0
 314    6260.00    6280.00  0.000000000000000E+00  0.000000000000000E+00 0
 315    6280.00    6300.00  0.000000000000000E+00  0.000000000000000E+00 0
 316    6300.00    6320.00  0.000000000000000E+00  0.000000000000000E+00 0
 317    6320.00    6340.00  0.000000000000000E+00  0.000000000000000E+00 0
 318    6340.00    6360.00  0.000000000000000E+00  0.000000000000000E+00 0
 319    6360.00    6380.00  0.000000000000000E+00  0.000000000000000E+00 0
 320    6380.00    6400.00  0.000000000000000E+00  0.000000000000000E+00 0
 321    6400.00    6420.00  0.000000000000000E+00  0.000000000000000E+00 0
 322    6420.00    6440.00  0.000000000000000E+00  0.000000000000000E+00 0
 323    6440.00    6460.00  0.000000000000000E+00  0.000000000000000E+00 0
 324    6460.00    6480.00  0.000000000000000E+00  0.000000000000000E+00 0
 325    6480.00    6500.00  0.000000000000000E+00  0.000000000000000E+00 0
 326    6500.00    6520.00  0.000000000000000E+00  0.000000000000000E+00 0
 327    6520.00    6540.00  0.000000000000000E+00  0.000000000000000E+00 0
 328    6540.00    6560.00  0.000000000000000E+00  0.000000000000000E+00 0
 329    6560.00    6580.00  0.000000000000000E+00  0.000000000000000E+00 0
 330    6580.00    6600.00  0.000000000000000E+00  0.000000000000000E+00 0
 331    6600.00    6620.00  0.000000000000000E+00  0.000000000000000E+00 0
 332    6620.00    6640.00  0.000000000000000E+00  0.000000000000000E+00 0
 333    6640.00    6660.00  0.000000000000000E+00  0.000000000000000E+00 0
 334    6660.00    6680.00  0.000000000000000E+00  0.000000000000000E+00 0
 335    6680.00    6700.00  0.000000000000000E+00  0.000000000000000E+00 0
 336    6700.00    6720.00  0.000000000000000E+00  0.000000000000000E+00 0
 337    6720.00    6740.00  0.000000000000000E+00  0.000000000000000E+00 0
 338    6740.00    6760.00  0.000000000000000E+00  0.000000000000000E+00 0
 339    6760.00    6780.00  0.000000000000000E+00  0.000000000000000E+00 0
 340    6780.00    6800.00  0.000000000000000E+00  0.000000000000000E+00 0
 341    6800.00    6820.00  0.000000000000000E+00  0.000000000000000E+00 0
 342    6820.00    6840.00  0.000000000000000E+00  0.000000000000000E+00 0
 343    6840.00    6860.00  0.000000000000000E+00  0.000000000000000E+00 0
 344    6860.00    6880.00  0.000000000000000E+00  0.000000000000000E+00 0
 345    6880.00    6900.00  0.000000000000000E+00  0.000000000000000E+00 0
 346    6900.00    6920.00  0.000000000000000E+00  0.000000000000000E+00 0
 347    6920.00    6940.00  0.000000000000000E+00  0.000000000000000E+00 0
 348    6940.00    6960.00  0.000000000000000E+00  0.000000000000000E+00 0
 349    6960.00    6980.00  0.000000000000000E+00  0.000000000000000E+00 0
 350    6980.00    7000.00  0.000000000000000E+00  0.000000000000000E+00 0
 351    7000.00    7020.00  0.000000000000000E+00  0.000000000000000E+00 0
 352    7020.00    7040.00  0.000000000000000E+00  0.000000000000000E+00 0
 353    7040.00    7060.00  0.000000000000000E+00  0.000000000000000E+00 0
 354    7060.00    7080.00  0.000000000000000E+00  0.000000000000000E+00 0
 355    7080.00    7100.00  0.000000000000000E+00  0.000000000000000E+00 0
 356    7100.00    7120.00  0.000000000000000E+00  0.000000000000000E+00 0
 357    7120.00    7140.00  0.000000000000000E+00  0.000000000000000E+00 0
 358    7140.00    7160.00  0.000000000000000E+00  0.000000000000000E+00 0
 359    7160.00    7180.00  0.000000000000000E+00  0.000000000000000E+00 0
 360    7180.00    7200.00  0.000000000000000E+00  0.000000000000000E+00 0
 361    7200.00    7220.00  0.000000000000000E+00  0.000000000000000E+00 0
 362    7220.00    7240.00  0.000000000000000E+00  0.000000000000000E+00 0
 363    7240.00    7260.00  0.000000000000000E+00  0.000000000000000E+00 0
 364    7260.00    7280.00  0.000000000000000E+00  0.000000000000000E+00 0
 365    7280.00    7300.00  0.000000000000000E+00  0.000000000000000E+00 0
 366    7300.00    7320.00  0.000000000000000E+00  0.000000000000000E+00 0
 367    7320.00    7340.00  0.000000000000000E+00  0.000000000000000E+00 0
 368    7340.00    7360.00  0.000000000000000E+00  0.000000000000000E+00 0
 369    7360.00    7380.00  0.000000000000000E+00  0.000000000000000E+00 0
 370    7380.00    7400.00  0.000000000000000E+00  0.000000000000000E+00 0
 371    7400.00    7420.00  0.000000000000000E+00  0.000000000000000E+00 0
 372    7420.00    7440.00  0.000000000000000E+00  0.000000000000000E+00 0
 373    7440.00    7460.00  0.000000000000000E+00  0.000000000000000E+00 0
 374    7460.00    7480.00  0.000000000000000E+00  0.000000000000000E+00 0
 375    7480.00    7500.00  0.000000000000000E+00  0.000000000000000E+00 0
 376    7500.00    7520.00  0.000000000000000E+00  0.000000000000000E+00 0
 377    7520.00    7540.00  0.000000000000000E+00  0.000000000000000E+00 0
 378    7540.00    7560.00  0.000000000000000E+00  0.000000000000000E+00 0
 379    7560.00    7580.00  0.000000000000000E+00  0.000000000000000E+00 0
 380    7580.00    7600.00  0.000000000000000E+00  0.000000000000000E+00 0
 381    7600.00    7620.00  0.000000000000000E+00  0.000000000000000E+00 0
 382    7620.00    7640.00  0.000000000000000E+00  0.000000000000000E+00 0
 383    7640.00    7660.00  0.000000000000000E+00  0.000000000000000E+00 0
 384    7660.00    7680.00  0.000000000000000E+00  0.000000000000000E+00 0
 385    7680.00    7700.00  0.000000000000000E+00  0.000000000000000E+00 0
 386    7700.00    7720.00  0.000000000000000E+00  0.000000000000000E+00 0
 387    7720.00    7740.00  0.000000000000000E+00  0.000000000000000E+00 0
 388    7740.00    7760.00  0.000000000000000E+00  0.000000000000000E+00 0
 389    7760.00    7780.00  0.000000000000000E+00  0.000000000000000E+00 0
 390    7780.00    7800.00  0.000000000000000E+00  0.000000000000000E+00 0
 391    7800.00    7820.00  0.000000000000000E+00  0.000000000000000E+00 0
 392    7820.00    7840.00  0.000000000000000E+00  0.000000000000000E+00 0
 393    7840.00    7860.00  0.000000000000000E+00  0.000000000000000E+00 0
 394    7860.00    7880.00  0.000000000000000E+00  0.000000000000000E+00 0
 395    7880.00    7900.00  0.000000000000000E+00  0.000000000000000E+00 0
 396    7900.00    7920.00  0.000000000000000E+00  0.000000000000000E+00 0
 397    7920.00    7940.00  0.000000000000000E+00  0.000000000000000E+00 0
 398    7940.00    7960.00  0.000000000000000E+00  0.000000000000000E+00 0
 399    7960.00    7980.00  0.000000000000000E+00  0.000000000000000E+00 0
 400    7980.00    8000.00  0.000000000000000E+00  0.000000000000000E+00 0
 401    8000.00    8020.00  0.000000000000000E+00  0.000000000000000E+00 0
 402    8020.00    8040.00  0.000000000000000E+00  0.000000000000000E+00 0
 403    8040.00    8060.00  0.000000000000000E+00  0.000000000000000E+00 0
 404    8060.00    8080.00  0.000000000000000E+00  0.000000000000000E+00 0
 405    8080.00    8100.00  0.000000000000000E+00  0.000000000000000E+00 0
 406    8100.00    8120.00  0.000000000000000E+00  0.000000000000000E+00 0
 407    8120.00    8140.00  0.000000000000000E+00  0.000000000000000E+00 0
 408    8140.00    8160.00  0.000000000000000E+00  0.000000000000000E+00 0
 409    8160.00    8180.00  0.000000000000000E+00  0.000000000000000E+00 0
 410    8180.00    8200.00  0.000000000000000E+00  0.000000000000000E+00 0
 411    8200.00    8220.00  0.000000000000000E+00  0.000000000000000E+00 0
 412    8220.00    8240.00  0.000000000000000E+00  0.000000000000000E+00 0
 413    8240.00    8260.00  0.000000000000000E+00  0.000000000000000E+00 0
 414    8260.00    8280.00  0.000000000000000E+00  0.000000000000000E+00 0
 415    8280.00    8300.00  0.000000000000000E+00  0.000000000000000E+00 0
 416    8300.00    8320.00  0.000000000000000E+00  0.000000000000000E+00 0
 417    8320.00    8340.00  0.000000000000000E+00  0.000000000000000E+00 0
 418    8340.00    8360.00  0.000000000000000E+00  0.000000000000000E+00 0
 419    8360.00    8380.00  0.000000000000000E+00  0.000000000000000E+00 0
 420    8380.00    8400.00  0.000000000000000E+00  0.000000000000000E+00 0
 421    8400.00    8420.00  0.000000000000000E+00  0.000000000000000E+00 0
 422    8420.00    8440.00  0.000000000000000E+00  0.000000000000000E+00 0
 423    8440.00    8460.00  0.000000000000000E+00  0.000000000000000E+00 0
 424    8460.00    8480.00  0.000000000000000E+00  0.000000000000000E+00 0
 425    8480.00    8500.00  0.000000000000000E+00  0.000000000000000E+00 0
 426    8500.00    8520.00  0.000000000000000E+00  0.000000000000000E+00 0
 427    8520.00    8540.00  0.000000000000000E+00  0.000000000000000E+00 0
 428    8540.00    8560.00  0.000000000000000E+00  0.000000000000000E+00 0
 429    8560.00    8580.00  0.000000000000000E+00  0.000000000000000E+00 0
 430    8580.00    8600.00  0.000000000000000E+00  0.000000000000000E+00 0
 431    8600.00    8620.00  0.000000000000000E+00  0.000000000000000E+00 0
 432    8620.00    8640.00  0.000000000000000E+00  0.000000000000000E+00 0
 433    8640.00    8660.00  0.000000000000000E+00  0.000000000000000E+00 0
 434    8660.00    8680.00  0.000000000000000E+00  0.000000000000000E+00 0
 435    8680.00    8700.00  0.000000000000000E+00  0.000000000000000E+00 0
 436    8700.00    8720.00  0.000000000000000E+00  0.000000000000000E+00 0
 437    8720.00    8740.00  0.000000000000000E+00  0.000000000000000E+00 0
 438    8740.00    8760.00  0.000000000000000E+00  0.000000000000000E+00 0
 439    8760.00    8780.00  0.000000000000000E+00  0.000000000000000E+00 0
 440    8780.00    8800.00  0.000000000000000E+00  0.000000000000000E+00 0
 441    8800.00    8820.00  0.000000000000000E+00  0.000000000000000E+00 0
 442    8820.00    8840.00  0.000000000000000E+00  0.000000000000000E+00 0
 443    8840.00    8860.00  0.000000000000000E+00  0.000000000000000E+00 0
 444    8860.00    8880.00  0.000000000000000E+00  0.000000000000000E+00 0
 445    8880.00    8900.00  0.000000000000000E+00  0.000000000000000E+00 0
 446    8900.00    8920.00  0.000000000000000E+00  0.000000000000000E+00 0
 447    8920.00    8940.00  0.000000000000000E+00  0.000000000000000E+00 0
 448    8940.00    8960.00  0.000000000000000E+00  0.000000000000000E+00 0
 449    8960.00    8980.00  0.000000000000000E+00  0.000000000000000E+00 0
 450    8980.00    9000.00  0.000000000000000E+00  0.000000000000000E+00 0
 451    9000.00    9020.00  0.000000000000000E+00  0.000000000000000E+00 0
 452    9020.00    9040.00  0.000000000000000E+00  0.000000000000000E+00 0
 453    9040.00    9060.00  0.000000000000000E+00  0.000000000000000E+00 0
 454    9060.00    9080.00  0.000000000000000E+00  0.000000000000000E+00 0
 455    9080.00    9100.00  0.000000000000000E+00  0.000000000000000E+00 0
 456    9100.00    9120.00  0.000000000000000E+00  0.000000000000000E+00 0
 457    9120.00    9140.00  0.000000000000000E+00  0.000000000000000E+00 0
 458    9140.00    9160.00  0.000000000000000E+00  0.000000000000000E+00 0
 459    9160.00    9180.00  0.000000000000000E+00  0.000000000000000E+00 0
 460    9180.00    9200.00  0.000000000000000E+00  0.000000000000000E+00 0
 461    9200.00    9220.00  0.000000000000000E+00  0.000000000000000E+00 0
 462    9220.00    9240.00  0.000000000000000E+00  0.000000000000000E+00 0
 463    9240.00    9260.00  0.000000000000000E+00  0.000000000000000E+00 0
 464    9260.00    9280.00  0.000000000000000E+00  0.000000000000000E+00 0
 465    9280.00    9300.00  0.000000000000000E+00  0.000000000000000E+00 0
 466    9300.00    9320.00  0.000000000000000E+00  0.000000000000000E+00 0
 467    9320.00    9340.00  0.000000000000000E+00  0.000000000000000E+00 0
 468    9340.00    9360.00  0.000000000000000E+00  0.000000000000000E+00 0
 469    9360.00    9380.00  0.000000000000000E+00  0.000000000000000E+00 0
 470    9380.00    9400.00  0.000000000000000E+00  0.000000000000000E+00 0
 471    9400.00    9420.00  0.000000000000000E+00  0.000000000000000E+00 0
 472    9420.00    9440.00  0.000000000000000E+00  0.000000000000000E+00 0
 473    9440.00    9460.00  0.000000000000000E+00  0.000000000000000E+00 0
 474    9460.00    9480.00  0.000000000000000E+00  0.000000000000000E+00 0
 475    9480.00    9500.00  0.000000000000000E+00  0.000000000000000E+00 0
 476    9500.00    9520.00  0.000000000000000E+00  0.000000000000000E+00 0
 477    9520.00    9540.00  0.000000000000000E+00  0.000000000000000E+00 0
 478    9540.00    9560.00  0.000000000000000E+00  0.000000000000000E+00 0
 479    9560.00    9580.00  0.000000000000000E+00  0.000000000000000E+00 0
 480    9580.00    9600.00  0.000000000000000E+00  0.000000000000000E+00 0
 481    9600.00    9620.00  0.000000000000000E+00  0.000000000000000E+00 0
 482    9620.00    9640.00  0.000000000000000E+00  0.000000000000000E+00 0
 483    9640.00    9660.00  0.000000000000000E+00  0.000000000000000E+00 0
 484    9660.00    9680.00  0.000000000000000E+00  0.000000000000000E+00 0
 485    9680.00    9700.00  0.000000000000000E+00  0.000000000000000E+00 0
 486    9700.00    9720.00  0.000000000000000E+00  0.000000000000000E+00 0
 487    9720.00    9740.00  0.000000000000000E+00  0.000000000000000E+00 0
 488    9740.00    9760.00  0.000000000000000E+00  0.000000000000000E+00 0
 489    9760.00    9780.00  0.000000000000000E+00  0.000000000000000E+00 0
 490    9780.00    9800.00  0.000000000000000E+00  0.000000000000000E+00 0
 491    9800.00    9820.00  0.000000000000000E+00  0.000000000000000E+00 0
 492    9820.00    9840.00  0.000000000000000E+00  0.000000000000000E+00 0
 493    9840.00    9860.00  0.000000000000000E+00  0.000000000000000E+00 0
 494    9860.00    9880.00  0.000000000000000E+00  0.000000000000000E+00 0
 495    9880.00    9900.00  0.000000000000000E+00  0.000000000000000E+00 0
 496    9900.00    9920.00  0.000000000000000E+00  0.000000000000000E+00 0
 497    9920.00    9940.00  0.000000000000000E+00  0.000000000000000E+00 0
 498    9940.00    9960.00  0.000000000000000E+00  0.000000000000000E+00 0
 499    9960.00    9980.00  0.000000000000000E+00  0.000000000000000E+00 0
 500    9980.00   10000.00  0.000000000000000E+00  0.000000000000000E+00 0
 501   10000.00   10020.00  0.000000000000000E+00  0.000000000000000E+00 0
 502   10020.00   10040.00  0.000000000000000E+00  0.000000000000000E+00 0
 503   10040.00   10060.00  0.000000000000000E+00  0.000000000000000E+00 0
 504   10060.00   10080.00  0.000000000000000E+00  0.000000000000000E+00 0
 505   10080.00   10100.00  0.000000000000000E+00  0.000000000000000E+00 0
 506   10100.00   10120.00  0.000000000000000E+00  0.000000000000000E+00 0
 507   10120.00   10140.00  0.000000000000000E+00  0.000000000000000E+00 0
 508   10140.00   10160.00  0.000000000000000E+00  0.000000000000000E+00 0
 509   10160.00   10180.00  0.000000000000000E+00  0.000000000000000E+00 0
 510   10180.00   10200.00  0.000000000000000E+00  0.000000000000000E+00 0
 511   10200.00   10220.00  0.000000000000000E+00  0.000000000000000E+00 0
 512   10220.00   10240.00  0.000000000000000E+00  0.000000000000000E+00 0
 513   10240.00   10260.00  0.000000000000000E+00  0.000000000000000E+00 0
 514   10260.00   10280.00  0.000000000000000E+00  0.000000000000000E+00 0
 515   10280.00   10300.00  0.000000000000000E+00  0.000000000000000E+00 0
 516   10300.00   10320.00  0.000000000000000E+00  0.000000000000000E+00 0
 517   10320.00   10340.00  0.000000000000000E+00  0.000000000000000E+00 0
 518   10340.00   10360.00  0.000000000000000E+00  0.000000000000000E+00 0
 519   10360.00   10380.00  0.000000000000000E+00  0.000000000000000E+00 0
 520   10380.00   10400.00  0.000000000000000E+00  0.000000000000000E+00 0
 521   10400.00   10420.00  0.000000000000000E+00  0.000000000000000E+00 0
 522   10420.00   10440.00  0.000000000000000E+00  0.000000000000000E+00 0
 523   10440.00   10460.00  0.000000000000000E+00  0.000000000000000E+00 0
 524   10460.00   10480.00  0.000000000000000E+00  0.000000000000000E+00 0
 525   10480.00   10500.00  0.000000000000000E+00  0.000000000000000E+00 0
 526   10500.00   10520.00  0.000000000000000E+00  0.000000000000000E+00 0
 527   10520.00   10540.00  0.000000000000000E+00  0.000000000000000E+00 0
 528   10540.00   10560.00  0.000000000000000E+00  0.000000000000000E+00 0
 529   10560.00   10580.00  0.000000000000000E+00  0.000000000000000E+00 0
 530   10580.00   10600.00  0.000000000000000E+00  0.000000000000000E+00 0
 531   10600.00   10620.00  0.000000000000000E+00  0.000000000000000E+00 0
 532   10620.00   10640.00  0.000000000000000E+00  0.000000000000000E+00 0
 533   10640.00   10660.00  0.000000000000000E+00  0.000000000000000E+00 0
 534   10660.00   10680.00  0.000000000000000E+00  0.000000000000000E+00 0
 535   10680.00   10700.00  0.000000000000000E+00  0.000000000000000E+00 0
 536   10700.00   10720.00  0.000000000000000E+00  0.000000000000000E+00 0
 537   10720.00   10740.00  0.000000000000000E+00  0.000000000000000E+00 0
 538   10740.00   10760.00  0.000000000000000E+00  0.000000000000000E+00 0
 539   10760.00   10780.00  0.000000000000000E+00  0.000000000000000E+00 0
 540   10780.00   10800.00  0.000000000000000E+00  0.000000000000000E+00 0
 541   10800.00   10820.00  0.000000000000000E+00  0.000000000000000E+00 0
 542   10820.00   10840.00  0.000000000000000E+00  0.000000000000000E+00 0
 543   10840.00   10860.00  0.000000000000000E+00  0.000000000000000E+00 0
 544   10860.00   10880.00  0.000000000000000E+00  0.000000000000000E+00 0
 545   10880.00   10900.00  0.000000000000000E+00  0.000000000000000E+00 0
 546   10900.00   10920.00  0.000000000000000E+00  0.000000000000000E+00 0
 547   10920.00   10940.00  0.000000000000000E+00  0.000000000000000E+00 0
 548   10940.00   10960.00  0.000000000000000E+00  0.000000000000000E+00 0
 549   10960.00   10980.00  0.000000000000000E+00  0.000000000000000E+00 0
 550   10980.00   11000.00  0.000000000000000E+00  0.000000000000000E+00 0
 551   11000.00   11020.00  0.000000000000000E+00  0.000000000000000E+00 0
 552   11020.00   11040.00  0.000000000000000E+00  0.000000000000000E+00 0
 553   11040.00   11060.00  0.000000000000000E+00  0.000000000000000E+00 0
 554   11060.00   11080.00  0.000000000000000E+00  0.000000000000000E+00 0
 555   11080.00   11100.00  0.000000000000000E+00  0.000000000000000E+00 0
 556   11100.00   11120.00  0.000000000000000E+00  0.000000000000000E+00 0
 557   11120.00   11140.00  0.000000000000000E+00  0.000000000000000E+00 0
 558   11140.00   11160.00  0.000000000000000E+00  0.000000000000000E+00 0
 559   11160.00   11180.00  0.000000000000000E+00  0.000000000000000E+00 0
 560   11180.00   11200.00  0.000000000000000E+00  0.000000000000000E+00 0
 561   11200.00   11220.00  0.000000000000000E+00  0.000000000000000E+00 0
 562   11220.00   11240.00  0.000000000000000E+00  0.000000000000000E+00 0
 563   11240.00   11260.00  0.000000000000000E+00  0.000000000000000E+00 0
 564   11260.00   11280.00  0.000000000000000E+00  0.000000000000000E+00 0
 565   11280.00   11300.00  0.000000000000000E+00  0.000000000000000E+00 0
 566   11300.00   11320.00  0.000000000000000E+00  0.000000000000000E+00 0
 567   11320.00   11340.00  0.000000000000000E+00  0.000000000000000E+00 0
 568   11340.00   11360.00  0.000000000000000E+00  0.000000000000000E+00 0
 569   11360.00   11380.00  0.000000000000000E+00  0.000000000000000E+00 0
 570   11380.00   11400.00  0.000000000000000E+00  0.000000000000000E+00 0
 571   11400.00   11420.00  0.000000000000000E+00  0.000000000000000E+00 0
 572   11420.00   11440.00  0.000000000000000E+00  0.000000000000000E+00 0
 573   11440.00   11460.00  0.000000000000000E+00  0.000000000000000E+00 0
 574   11460.00   11480.00  0.000000000000000E+00  0.000000000000000E+00 0
 575   11480.00   11500.00  0.000000000000000E+00  0.000000000000000E+00 0
 576   11500.00   11520.00  0.000000000000000E+00  0.000000000000000E+00 0
 577   11520.00   11540.00  0.000000000000000E+00  0.000000000000000E+00 0
 578   11540.00   11560.00  0.000000000000000E+00  0.000000000000000E+00 0
 579   11560.00   11580.00  0.000000000000000E+00  0.000000000000000E+00 0
 580   11580.00   11600.00  0.000000000000000E+00  0.000000000000000E+00 0
 581   11600.00   11620.00  0.000000000000000E+00  0.000000000000000E+00 0
 582   11620.00   11640.00  0.000000000000000E+00  0.000000000000000E+00 0
 583   11640.00   11660.00  0.000000000000000E+00  0.000000000000000E+00 0
 584   11660.00   11680.00  0.000000000000000E+00  0.000000000000000E+00 0
 585   11680.00   11700.00  0.000000000000000E+00  0.000000000000000E+00 0
 586   11700.00   11720.00  0.000000000000000E+00  0.000000000000000E+00 0
 587   11720.00   11740.00  0.000000000000000E+00  0.000000000000000E+00 0
 588   11740.00   11760.00  0.000000000000000E+00  0.000000000000000E+00 0
 589   11760.00   11780.00  0.000000000000000E+00  0.000000000000000E+00 0
 590   11780.00   11800.00  0.000000000000000E+00  0.000000000000000E+00 0
 591   11800.00   11820.00  0.000000000000000E+00  0.000000000000000E+00 0
 592   11820.00   11840.00  0.000000000000000E+00  0.000000000000000E+00 0
 593   11840.00   11860.00  0.000000000000000E+00  0.000000000000000E+00 0
 594   11860.00   11880.00  0.000000000000000E+00  0.000000000000000E+00 0
 595   11880.00   11900.00  0.000000000000000E+00  0.000000000000000E+00 0
 596   11900.00   11920.00  0.000000000000000E+00  0.000000000000000E+00 0
 597   11920.00   11940.00  0.000000000000000E+00  0.000000000000000E+00 0
 598   11940.00   11960.00  0.000000000000000E+00  0.000000000000000E+00 0
 599   11960.00   11980.00  0.000000000000000E+00  0.000000000000000E+00 0
 600   11980.00   12000.00  0.000000000000000E+00  0.000000000000000E+00 0
 601   12000.00   12020.00  0.000000000000000E+00  0.000000000000000E+00 0
 602   12020.00   12040.00  0.000000000000000E+00  0.000000000000000E+00 0
 603   12040.00   12060.00  0.000000000000000E+00  0.000000000000000E+00 0
 604   12060.00   12080.00  0.000000000000000E+00  0.000000000000000E+00 0
 605   12080.00   12100.00  0.000000000000000E+00  0.000000000000000E+00 0
 606   12100.00   12120.00  0.000000000000000E+00  0.000000000000000E+00 0
 607   12120.00   12140.00  0.000000000000000E+00  0.000000000000000E+00 0
 608   12140.00   12160.00  0.000000000000000E+00  0.000000000000000E+00 0
 609   12160.00   12180.00  0.000000000000000E+00  0.000000000000000E+00 0
 610   12180.00   12200.00  0.000000000000000E+00  0.000000000000000E+00 0
 611   12200.00   12220.00  0.000000000000000E+00  0.000000000000000E+00 0
 612   12220.00   12240.00  0.000000000000000E+00  0.000000000000000E+00 0
 613   12240.00   12260.00  0.000000000000000E+00  0.000000000000000E+00 0
 614   12260.00   12280.00  0.000000000000000E+00  0.000000000000000E+00 0
 615   12280.00   12300.00  0.000000000000000E+00  0.000000000000000E+00 0
 616   12300.00   12320.00  0.000000000000000E+00  0.000000000000000E+00 0
 617   12320.00   12340.00  0.000000000000000E+00  0.000000000000000E+00 0
 618   12340.00   12360.00  0.000000000000000E+00  0.000000000000000E+00 0
 619   12360.00   12380.00  0.000000000000000E+00  0.000000000000000E+00 0
 620   12380.00   12400.00  0.000000000000000E+00  0.000000000000000E+00 0
 621   12400.00   12420.00  0.000000000000000E+00  0.000000000000000E+00 0
 622   12420.00   12440.00  0.000000000000000E+00  0.000000000000000E+00 0
 623   12440.00   12460.00  0.000000000000000E+00  0.000000000000000E+00 0
 624   12460.00   12480.00  0.000000000000000E+00  0.000000000000000E+00 0
 625   12480.00   12500.00  0.000000000000000E+00  0.000000000000000E+00 0
 626   12500.00   12520.00  0.000000000000000E+00  0.000000000000000E+00 0
 627   12520.00   12540.00  0.000000000000000E+00  0.000000000000000E+00 0
 628   12540.00   12560.00  0.000000000000000E+00  0.000000000000000E+00 0
 629   12560.00   12580.00  0.000000000000000E+00  0.000000000000000E+00 0
 630   12580.00   12600.00  0.000000000000000E+00  0.000000000000000E+00 0
 631   12600.00   12620.00  0.000000000000000E+00  0.000000000000000E+00 0
 632   12620.00   12640.00  0.000000000000000E+00  0.000000000000000E+00 0
 633   12640.00   12660.00  0.000000000000000E+00  0.000000000000000E+00 0
 634   12660.00   12680.00  0.000000000000000E+00  0.000000000000000E+00 0
 635   12680.00   12700.00  0.000000000000000E+00  0.000000000000000E+00 0
 636   12700.00   12720.00  0.000000000000000E+00  0.000000000000000E+00 0
 637   12720.00   12740.00  0.000000000000000E+00  0.000000000000000E+00 0
 638   12740.00   12760.00  0.000000000000000E+00  0.000000000000000E+00 0
 639   12760.00   12780.00  0.000000000000000E+00  0.000000000000000E+00 0
 640   12780.00   12800.00  0.000000000000000E+00  0.000000000000000E+00 0
 641   12800.00   12820.00  0.000000000000000E+00  0.000000000000000E+00 0
 642   12820.00   12840.00  0.000000000000000E+00  0.000000000000000E+00 0
 643   12840.00   12860.00  0.000000000000000E+00  0.000000000000000E+00 0
 644   12860.00   12880.00  0.000000000000000E+00  0.000000000000000E+00 0
 645   12880.00   12900.00  0.000000000000000E+00  0.000000000000000E+00 0
 646   12900.00   12920.00  0.000000000000000E+00  0.000000000000000E+00 0
 647   12920.00   12940.00  0.000000000000000E+00  0.000000000000000E+00 0
 648   12940.00   12960.00  0.000000000000000E+00  0.000000000000000E+00 0
 649   12960.00   12980.00  0.000000000000000E+00  0.000000000000000E+00 0
 650   12980.00   13000.00  0.000000000000000E+00  0.000000000000000E+00 0
# Underflow:                 0.0000000000000000E+00  0.0000000000000000E+00 0
# Overflow:                  0.0000000000000000E+00  0.0000000000000000E+00 0
#-------------------------------------------------------------------------------------
# Sum:                       2.3601487353232024E-02  3.9872391169177264E-05 9526000
#=====================================================================================
# Number of generated events: 341028053
