# title = Transverse Momentum of W-Z system
# xlabel = $p_{\text{T},\text{WZ}}\,$[GeV]
# ylabel = $\frac{\text{d}\sigma}{\text{d}p_{\text{T},\text{WZ}}}\,\left[\frac{\text{fb}}{\text{GeV}}\right]$
# xmin=  0.000E+00
# xmax=  8.000E+02
# ymin=  1.000E-06
# ymax=  1.000E-02
# kmin= -5.000E+01
# kmax=  1.000E+01
# logscale = true
# Renormalization and factorization scale scaled by: 2.0000000000
# Renormalization scaled by: 2.0000000000
# Number of generated events: 1019943521
#
#=====================================================================================
# No.       Left      Right                   Value                   Error Hits
#-------------------------------------------------------------------------------------
   1      10.00      30.00  6.398114781080902E-07  1.483644110920260E-09 3497420
   2      30.00      50.00  1.114621529042646E-06  1.841037329714562E-09 4552338
   3      50.00      70.00  1.399212488778308E-06  2.064206234910661E-09 4860984
   4      70.00      90.00  1.488239753423387E-06  2.127914442177337E-09 4885658
   5      90.00     110.00  1.448840854497987E-06  2.065844211813127E-09 4744881
   6     110.00     130.00  1.331212594703359E-06  1.950969640155959E-09 4507601
   7     130.00     150.00  1.173909955054869E-06  1.738549034410942E-09 4214711
   8     150.00     170.00  1.006344439965466E-06  1.528831542381606E-09 3905504
   9     170.00     190.00  8.541441663386687E-07  1.382608899007020E-09 3597255
  10     190.00     210.00  7.170493923387323E-07  1.227370536772936E-09 3298441
  11     210.00     230.00  5.969234305770199E-07  1.099174049058765E-09 3016690
  12     230.00     250.00  4.923339627657121E-07  9.503842468723859E-10 2757954
  13     250.00     270.00  4.059506833459993E-07  8.378228265677482E-10 2522791
  14     270.00     290.00  3.322797892037975E-07  7.325638672894036E-10 2304956
  15     290.00     310.00  2.700435483117785E-07  6.295266131084058E-10 2106791
  16     310.00     330.00  2.204906508268017E-07  5.477400588748533E-10 1928648
  17     330.00     350.00  1.793711574422678E-07  4.800156127302489E-10 1761628
  18     350.00     370.00  1.457867862258671E-07  4.219776857356885E-10 1616602
  19     370.00     390.00  1.179401596966337E-07  3.609095856089915E-10 1481669
  20     390.00     410.00  9.667008466169227E-08  3.199527626398575E-10 1367157
  21     410.00     430.00  7.856877603736634E-08  2.750478388652527E-10 1257364
  22     430.00     450.00  6.441348127557913E-08  2.406209841064792E-10 1160518
  23     450.00     470.00  5.280614896805940E-08  2.141182580778633E-10 1073079
  24     470.00     490.00  4.338505414540715E-08  1.842932174427484E-10 994832
  25     490.00     510.00  3.578998336936455E-08  1.623013744447664E-10 923772
  26     510.00     530.00  2.962068645451137E-08  1.438545718051238E-10 857838
  27     530.00     550.00  2.442325824307596E-08  1.243065295261621E-10 797402
  28     550.00     570.00  2.036484302150782E-08  1.086958558441089E-10 745573
  29     570.00     590.00  1.697251733758543E-08  9.555451388705274E-11 695102
  30     590.00     610.00  1.413864584391754E-08  8.199952881678839E-11 650224
  31     610.00     630.00  1.186348887444781E-08  7.366280055014213E-11 606862
  32     630.00     650.00  9.929321261555313E-09  6.455932335844789E-11 567164
  33     650.00     670.00  8.325881870518304E-09  5.473463972334388E-11 532830
  34     670.00     690.00  7.142474899068174E-09  4.982207543310967E-11 500637
  35     690.00     710.00  6.076285619142218E-09  4.532119712148367E-11 470553
  36     710.00     730.00  5.102862668377533E-09  3.899281462241817E-11 442541
  37     730.00     750.00  4.287746313960100E-09  3.389965619061007E-11 417444
  38     750.00     770.00  3.758421339551882E-09  3.102820897424180E-11 391766
  39     770.00     790.00  3.219954543134873E-09  2.807221492781136E-11 369805
  40     790.00     810.00  2.673524072621431E-09  2.332663005889646E-11 349136
  41     810.00     830.00  2.320856734636261E-09  2.177850963050893E-11 329599
  42     830.00     850.00  2.009376639181269E-09  1.828486077133656E-11 311734
  43     850.00     870.00  1.696246790318017E-09  1.609495581300868E-11 294167
  44     870.00     890.00  1.479111068579182E-09  1.447500759779001E-11 278461
  45     890.00     910.00  1.293256119540194E-09  1.336620739950784E-11 263677
  46     910.00     930.00  1.118568062045972E-09  1.190482751228559E-11 250125
  47     930.00     950.00  9.860158880723422E-10  1.103787426419990E-11 236407
  48     950.00     970.00  8.587177601524944E-10  9.956502402357768E-12 224496
  49     970.00     990.00  7.388121972093776E-10  8.125087966935995E-12 213268
  50     990.00    1010.00  6.411175739343865E-10  7.778644062455654E-12 202354
  51    1010.00    1030.00  5.721624168305328E-10  7.493364596672897E-12 192758
  52    1030.00    1050.00  5.117838113892068E-10  6.243136130043372E-12 183478
  53    1050.00    1070.00  4.326880129583813E-10  5.576729093171395E-12 173386
  54    1070.00    1090.00  3.930146264320642E-10  5.531356178221730E-12 165419
  55    1090.00    1110.00  3.483032646976655E-10  4.715652047236198E-12 157541
  56    1110.00    1130.00  3.062836512448101E-10  4.261743964217371E-12 149877
  57    1130.00    1150.00  2.651070551928310E-10  3.918289355501467E-12 143219
  58    1150.00    1170.00  2.360338639302332E-10  3.561552027140099E-12 136049
  59    1170.00    1190.00  2.122514667570438E-10  3.217727044216031E-12 129948
  60    1190.00    1210.00  1.870079361721484E-10  2.901360617122101E-12 123383
  61    1210.00    1230.00  1.677754212548192E-10  2.618423772136051E-12 117603
  62    1230.00    1250.00  1.497779916679953E-10  2.405400927256833E-12 112002
  63    1250.00    1270.00  1.352081744308685E-10  2.237142357421982E-12 107623
  64    1270.00    1290.00  1.194639259341553E-10  1.912046424968451E-12 102368
  65    1290.00    1310.00  1.064279472642024E-10  2.011499365645961E-12 97758
  66    1310.00    1330.00  9.730592813335422E-11  1.813441125679667E-12 93825
  67    1330.00    1350.00  8.363497120354521E-11  1.476548442853938E-12 89713
  68    1350.00    1370.00  7.482292632152862E-11  1.398403682093270E-12 85805
  69    1370.00    1390.00  6.880345073170224E-11  1.349678149684822E-12 81681
  70    1390.00    1410.00  6.219420902837463E-11  1.313527610340598E-12 78482
  71    1410.00    1430.00  5.497757210692072E-11  1.095263474488455E-12 75081
  72    1430.00    1450.00  5.113385928975295E-11  1.149621914569257E-12 71789
  73    1450.00    1470.00  4.646823333962688E-11  1.073423674584781E-12 69108
  74    1470.00    1490.00  4.082656494602131E-11  9.430629995761866E-13 66073
  75    1490.00    1510.00  3.717709795617028E-11  9.132246002009472E-13 63432
  76    1510.00    1530.00  3.507355204833237E-11  9.159467517178343E-13 60150
  77    1530.00    1550.00  3.038627758554769E-11  8.605941945725108E-13 57868
  78    1550.00    1570.00  2.807938801785789E-11  6.902191711967054E-13 55366
  79    1570.00    1590.00  2.525888597803173E-11  7.046543863081711E-13 52821
  80    1590.00    1610.00  2.416644870073056E-11  7.116722120256884E-13 51337
  81    1610.00    1630.00  2.026698006426901E-11  5.463269967810945E-13 48648
  82    1630.00    1650.00  1.935246702845474E-11  5.838999790933657E-13 46608
  83    1650.00    1670.00  1.683357255647511E-11  4.925191423501573E-13 44677
  84    1670.00    1690.00  1.480295771957477E-11  4.091890246734879E-13 43372
  85    1690.00    1710.00  1.424769032311948E-11  4.653502236551251E-13 41640
  86    1710.00    1730.00  1.249093481866499E-11  4.099635392579387E-13 39656
  87    1730.00    1750.00  1.167554388220642E-11  3.618809871588661E-13 38229
  88    1750.00    1770.00  1.078397408289927E-11  3.282080891565538E-13 36560
  89    1770.00    1790.00  9.379979546570094E-12  3.526454727815949E-13 34678
  90    1790.00    1810.00  9.047936338314222E-12  3.536270146837349E-13 33782
  91    1810.00    1830.00  8.048326058625840E-12  3.334935824111612E-13 32198
  92    1830.00    1850.00  7.648441290670284E-12  2.882102401088807E-13 31401
  93    1850.00    1870.00  6.720398181532853E-12  2.474025889594448E-13 29983
  94    1870.00    1890.00  6.070116233710020E-12  2.365583780366845E-13 28821
  95    1890.00    1910.00  5.666747394352501E-12  2.243059080266679E-13 27088
  96    1910.00    1930.00  5.417994667138730E-12  2.383637483204963E-13 26691
  97    1930.00    1950.00  4.719186328284519E-12  1.860373168077577E-13 25971
  98    1950.00    1970.00  4.340729023618287E-12  3.017913196985362E-13 24374
  99    1970.00    1990.00  4.126331059208255E-12  1.786720649168185E-13 23685
 100    1990.00    2010.00  3.679700709428446E-12  1.767127392053106E-13 22717
 101    2010.00    2030.00  3.380894274968347E-12  1.509082752061977E-13 21829
 102    2030.00    2050.00  2.989678156383240E-12  1.333078719278414E-13 20916
 103    2050.00    2070.00  2.675912115047634E-12  1.220734476684020E-13 20418
 104    2070.00    2090.00  2.796712700324106E-12  1.551432106100668E-13 19478
 105    2090.00    2110.00  2.266597477209728E-12  1.097464856946713E-13 18697
 106    2110.00    2130.00  2.243241187787672E-12  1.055607163825773E-13 18118
 107    2130.00    2150.00  1.996224539399266E-12  9.992996091596809E-14 17069
 108    2150.00    2170.00  1.794796176406588E-12  8.295174951360331E-14 16610
 109    2170.00    2190.00  1.786313732209286E-12  9.980949467019264E-14 16088
 110    2190.00    2210.00  1.578875227870124E-12  1.030833321072768E-13 15566
 111    2210.00    2230.00  1.314445847410259E-12  6.224834784170773E-14 14713
 112    2230.00    2250.00  1.256637106603298E-12  6.817306703143728E-14 14198
 113    2250.00    2270.00  1.194513956646827E-12  7.210747992801856E-14 13678
 114    2270.00    2290.00  1.133785551903163E-12  7.057263642989667E-14 13463
 115    2290.00    2310.00  9.976469605635150E-13  6.333888896630991E-14 12837
 116    2310.00    2330.00  1.007795252835125E-12  7.322631576297740E-14 12239
 117    2330.00    2350.00  8.754219435041960E-13  4.390499270693817E-14 11821
 118    2350.00    2370.00  8.329449303578350E-13  5.142646002402077E-14 11271
 119    2370.00    2390.00  7.440989225072931E-13  4.096086040666728E-14 10913
 120    2390.00    2410.00  7.104776852581419E-13  5.343172619120354E-14 10614
 121    2410.00    2430.00  6.443798967622079E-13  4.297914890777767E-14 10159
 122    2430.00    2450.00  6.075455249123967E-13  3.750011033180343E-14 9645
 123    2450.00    2470.00  4.894027713962601E-13  2.436039010490536E-14 9428
 124    2470.00    2490.00  4.875947647045983E-13  2.833110372922575E-14 8970
 125    2490.00    2510.00  4.587211986447561E-13  3.012120750019240E-14 8656
 126    2510.00    2530.00  4.369730373666026E-13  2.434128228809918E-14 8258
 127    2530.00    2550.00  4.061827894550908E-13  3.206313389614011E-14 8117
 128    2550.00    2570.00  3.806934380201293E-13  2.492864815842826E-14 7746
 129    2570.00    2590.00  3.774761562463883E-13  3.066444517648945E-14 7520
 130    2590.00    2610.00  3.012406810387320E-13  2.730650744415051E-14 7219
 131    2610.00    2630.00  2.809349396423516E-13  1.843087888235103E-14 6987
 132    2630.00    2650.00  2.718305147669175E-13  1.852117766870199E-14 6620
 133    2650.00    2670.00  2.564039006671085E-13  1.978906427346807E-14 6470
 134    2670.00    2690.00  2.136528715576597E-13  1.242071995993869E-14 6169
 135    2690.00    2710.00  2.489112688909935E-13  1.747232703236905E-14 5820
 136    2710.00    2730.00  2.132338862240300E-13  1.359144820747993E-14 5814
 137    2730.00    2750.00  1.995145399422548E-13  1.399941816767594E-14 5490
 138    2750.00    2770.00  1.899721623896868E-13  1.670614448299329E-14 5296
 139    2770.00    2790.00  1.697866133426983E-13  1.455297971738655E-14 5102
 140    2790.00    2810.00  1.541252409037879E-13  1.169508373627714E-14 4941
 141    2810.00    2830.00  1.607948642501537E-13  1.286431137729512E-14 4768
 142    2830.00    2850.00  1.671511772163243E-13  1.963368366053052E-14 4601
 143    2850.00    2870.00  1.267427806968018E-13  8.707525918956263E-15 4475
 144    2870.00    2890.00  1.422006310871881E-13  1.528227406804293E-14 4256
 145    2890.00    2910.00  1.210891492371005E-13  9.007163353591779E-15 4165
 146    2910.00    2930.00  1.165467545026371E-13  1.083324811997361E-14 3970
 147    2930.00    2950.00  1.061805765606019E-13  8.960731797605794E-15 3866
 148    2950.00    2970.00  8.745456217895981E-14  7.821730842474419E-15 3623
 149    2970.00    2990.00  1.033813436263795E-13  9.199137611598546E-15 3519
 150    2990.00    3010.00  8.436450479082440E-14  6.629828681864653E-15 3414
 151    3010.00    3030.00  8.838332020734681E-14  9.335946997270788E-15 3319
 152    3030.00    3050.00  7.617144637376027E-14  5.322958662428557E-15 3105
 153    3050.00    3070.00  6.391992669383458E-14  5.905037351076948E-15 2950
 154    3070.00    3090.00  7.235539235804015E-14  6.295483316720178E-15 2867
 155    3090.00    3110.00  7.797261226681986E-14  1.061714079172386E-14 2864
 156    3110.00    3130.00  5.594015133193616E-14  4.559304704234370E-15 2641
 157    3130.00    3150.00  5.687500755965579E-14  5.023177383504837E-15 2579
 158    3150.00    3170.00  5.494450619217851E-14  4.669858325843384E-15 2435
 159    3170.00    3190.00  5.123768254447831E-14  6.158847036881571E-15 2382
 160    3190.00    3210.00  5.561867403766632E-14  9.151786039899219E-15 2253
 161    3210.00    3230.00  4.475547366906762E-14  4.461173974574194E-15 2302
 162    3230.00    3250.00  5.939906237223428E-14  8.921368874035780E-15 2179
 163    3250.00    3270.00  4.063315302580345E-14  4.061093374374283E-15 2052
 164    3270.00    3290.00  4.091961898287549E-14  5.912418148352864E-15 1962
 165    3290.00    3310.00  3.965660326427714E-14  4.150532042733512E-15 1928
 166    3310.00    3330.00  3.164473110138802E-14  3.918319756895033E-15 1841
 167    3330.00    3350.00  4.233589029596839E-14  7.013103033722925E-15 1788
 168    3350.00    3370.00  3.325993460712985E-14  4.097243903274624E-15 1643
 169    3370.00    3390.00  3.196623626195449E-14  5.325612415919519E-15 1648
 170    3390.00    3410.00  2.801456850034180E-14  2.908809905167850E-15 1618
 171    3410.00    3430.00  2.466993788034026E-14  2.478884115047755E-15 1521
 172    3430.00    3450.00  2.554231927072596E-14  3.306711025478821E-15 1398
 173    3450.00    3470.00  3.052218375806785E-14  4.686231365574190E-15 1400
 174    3470.00    3490.00  2.782501832496876E-14  4.270314111228570E-15 1370
 175    3490.00    3510.00  2.217121668859710E-14  2.649820812223527E-15 1398
 176    3510.00    3530.00  2.304030656690644E-14  3.531662902877674E-15 1240
 177    3530.00    3550.00  2.303307099608563E-14  2.836242717326302E-15 1166
 178    3550.00    3570.00  2.443978753839123E-14  3.510195569147199E-15 1241
 179    3570.00    3590.00  2.084083589927514E-14  2.741188967240782E-15 1122
 180    3590.00    3610.00  2.050659072918920E-14  3.617030217120237E-15 1057
 181    3610.00    3630.00  2.139643328257351E-14  3.813451329394413E-15 1054
 182    3630.00    3650.00  1.549641179048081E-14  1.963621401924141E-15 962
 183    3650.00    3670.00  1.573008274185861E-14  2.636360458094286E-15 942
 184    3670.00    3690.00  1.897583954686547E-14  6.393514832791327E-15 906
 185    3690.00    3710.00  1.037810628318643E-14  1.888136282769529E-15 820
 186    3710.00    3730.00  1.000658858946910E-14  1.796227887515348E-15 827
 187    3730.00    3750.00  1.623732511554972E-14  4.989497761249997E-15 788
 188    3750.00    3770.00  8.589317628823088E-15  1.133573692997156E-15 795
 189    3770.00    3790.00  1.318115890914748E-14  2.311058135520268E-15 737
 190    3790.00    3810.00  1.204998949461343E-14  2.025618751641683E-15 720
 191    3810.00    3830.00  7.584398694922353E-15  1.295579926623772E-15 654
 192    3830.00    3850.00  1.550808046135967E-14  7.805841343200446E-15 645
 193    3850.00    3870.00  9.581489218145363E-15  2.378995543591770E-15 616
 194    3870.00    3890.00  7.863689484550196E-15  1.812939682172571E-15 655
 195    3890.00    3910.00  1.270880163234411E-14  2.839091210961164E-15 651
 196    3910.00    3930.00  6.094680939320082E-15  1.061609374727035E-15 521
 197    3930.00    3950.00  6.374709236363662E-15  1.262382622230370E-15 546
 198    3950.00    3970.00  4.474570945301521E-15  7.753930874564633E-16 493
 199    3970.00    3990.00  4.702464929156131E-15  8.276940131686299E-16 483
 200    3990.00    4010.00  5.705020425882382E-15  1.330802747563444E-15 463
 201    4010.00    4030.00  6.778988556370780E-15  1.477848037228470E-15 447
 202    4030.00    4050.00  3.943873808619625E-15  8.906390421188135E-16 457
 203    4050.00    4070.00  4.468194694876730E-15  1.001284399175260E-15 419
 204    4070.00    4090.00  5.420732382721370E-15  1.203991491118983E-15 412
 205    4090.00    4110.00  4.283892656102900E-15  1.053272751340943E-15 396
 206    4110.00    4130.00  7.234242583457856E-15  2.556628533573260E-15 356
 207    4130.00    4150.00  2.781753677985895E-15  5.321907199055957E-16 354
 208    4150.00    4170.00  2.979272320923882E-15  5.069369174812782E-16 344
 209    4170.00    4190.00  2.660483609874487E-15  9.594230339018269E-16 341
 210    4190.00    4210.00  1.754033400323367E-15  3.320894478539368E-16 309
 211    4210.00    4230.00  2.341651279799103E-15  4.102231930226362E-16 307
 212    4230.00    4250.00  2.442559412358501E-15  5.869553398189654E-16 275
 213    4250.00    4270.00  1.693574189272756E-15  2.902563630749800E-16 292
 214    4270.00    4290.00  2.047057595803196E-15  5.300597805029434E-16 263
 215    4290.00    4310.00  1.467541099224898E-15  5.001600352194534E-16 283
 216    4310.00    4330.00  2.257463410144848E-15  5.850336392216162E-16 240
 217    4330.00    4350.00  1.622002389804936E-15  4.342243923268374E-16 231
 218    4350.00    4370.00  1.773596609109767E-15  5.843480268214164E-16 208
 219    4370.00    4390.00  1.935721202320504E-15  6.029929987433147E-16 215
 220    4390.00    4410.00  6.977375344581254E-16  1.439408149618194E-16 198
 221    4410.00    4430.00  1.895418360763429E-15  7.821119916102354E-16 214
 222    4430.00    4450.00  1.103367321203914E-15  2.675248492124396E-16 190
 223    4450.00    4470.00  1.030607717512063E-15  4.481806452315356E-16 172
 224    4470.00    4490.00  9.150639277794232E-16  2.543737119925225E-16 175
 225    4490.00    4510.00  6.984360931623390E-16  1.714937858096043E-16 162
 226    4510.00    4530.00  1.526975620368597E-15  5.645430805542760E-16 136
 227    4530.00    4550.00  4.535078986187333E-16  9.202727514127276E-17 163
 228    4550.00    4570.00  5.260908092524273E-16  1.512883335269618E-16 145
 229    4570.00    4590.00  6.445851139949038E-16  2.362927106582217E-16 133
 230    4590.00    4610.00  7.048651092297356E-16  2.961108239718150E-16 125
 231    4610.00    4630.00  7.315374979212346E-16  2.782354355279960E-16 127
 232    4630.00    4650.00  2.002987910962078E-16  4.142849270271474E-17 119
 233    4650.00    4670.00  3.056961033351161E-16  9.060527031024452E-17 118
 234    4670.00    4690.00  4.529082032780637E-16  2.028684870365999E-16 99
 235    4690.00    4710.00  2.395554364922811E-16  9.452540856045321E-17 106
 236    4710.00    4730.00  1.868708701455795E-16  8.818045837576251E-17 77
 237    4730.00    4750.00  2.588203382199403E-16  8.001030172195700E-17 86
 238    4750.00    4770.00  1.882579854229857E-16  6.237797131755577E-17 89
 239    4770.00    4790.00  1.510598363782939E-16  5.507770577884134E-17 75
 240    4790.00    4810.00  1.664643040096210E-16  5.424509318363076E-17 75
 241    4810.00    4830.00  3.235868684299945E-16  1.447933431770671E-16 60
 242    4830.00    4850.00  4.667917388677370E-17  1.551779050001535E-17 68
 243    4850.00    4870.00  2.050886763687570E-16  8.347767088916226E-17 56
 244    4870.00    4890.00  2.945706707303964E-16  1.949259159744011E-16 65
 245    4890.00    4910.00  1.643786620134916E-16  6.303328961542677E-17 61
 246    4910.00    4930.00  8.355040844276036E-17  3.835333774814515E-17 52
 247    4930.00    4950.00  5.523668929039483E-17  2.275968589700779E-17 57
 248    4950.00    4970.00  4.029684818596939E-17  1.963610250300186E-17 44
 249    4970.00    4990.00  3.788787887604409E-17  1.317753886603296E-17 42
 250    4990.00    5010.00  1.460967415356730E-16  7.041449438742053E-17 53
 251    5010.00    5030.00  2.351529470065299E-17  8.399732914719808E-18 39
 252    5030.00    5050.00  1.573759261250467E-16  1.447770251470750E-16 42
 253    5050.00    5070.00  8.016053826084511E-17  6.529502241320223E-17 41
 254    5070.00    5090.00  3.158998970319748E-17  1.194131948068826E-17 31
 255    5090.00    5110.00  7.048519337420121E-17  3.382409135800175E-17 36
 256    5110.00    5130.00  2.390661301424612E-17  9.469465684351249E-18 40
 257    5130.00    5150.00  1.654274336877475E-17  7.340786406973119E-18 32
 258    5150.00    5170.00  2.041721840674261E-17  7.842249147488056E-18 29
 259    5170.00    5190.00  2.619400638816871E-17  8.761156183066902E-18 28
 260    5190.00    5210.00  4.879806327078516E-18  3.129984672827215E-18 13
 261    5210.00    5230.00  3.921577831483755E-18  1.553193977153946E-18 21
 262    5230.00    5250.00  9.616808110887203E-18  4.612430857422961E-18 23
 263    5250.00    5270.00  2.070352145371381E-17  1.522429090128210E-17 24
 264    5270.00    5290.00  3.346850530473825E-18  1.587933185909516E-18 21
 265    5290.00    5310.00  1.736387049096840E-17  1.145335920852647E-17 16
 266    5310.00    5330.00  9.167453732957659E-18  4.525070861725616E-18 17
 267    5330.00    5350.00  6.853938681284360E-18  2.656943315472748E-18 21
 268    5350.00    5370.00  1.121537123065763E-18  6.851111594118278E-19 15
 269    5370.00    5390.00  4.775748193847626E-18  4.261731626013138E-18 11
 270    5390.00    5410.00  5.521676224390679E-18  4.456570634197257E-18 12
 271    5410.00    5430.00  2.628603093034923E-19  1.603387799114045E-19 7
 272    5430.00    5450.00  1.179847938709527E-19  8.089850294209203E-20 6
 273    5450.00    5470.00  1.597049105091126E-17  1.371589815262495E-17 13
 274    5470.00    5490.00  7.178637618189009E-19  4.879673194971021E-19 7
 275    5490.00    5510.00  3.199400788544436E-18  2.495068807172209E-18 8
 276    5510.00    5530.00  2.368088037103126E-19  1.214885818054310E-19 9
 277    5530.00    5550.00  1.128954626588859E-18  1.058913310450345E-18 5
 278    5550.00    5570.00  3.136325042147230E-18  2.499787430359452E-18 8
 279    5570.00    5590.00  1.575095934778115E-19  9.496181480696706E-20 7
 280    5590.00    5610.00  4.174815647520386E-18  4.147061227683278E-18 3
 281    5610.00    5630.00  2.497066351782572E-21  1.492469505678118E-21 4
 282    5630.00    5650.00  4.195835492982310E-21  3.451480588327401E-21 2
 283    5650.00    5670.00  3.850417727138440E-19  3.574359081731340E-19 6
 284    5670.00    5690.00  1.277217104950402E-22  1.032159629161908E-22 2
 285    5690.00    5710.00  1.818044790868988E-21  1.818044789977740E-21 1
 286    5710.00    5730.00  1.153474977040872E-19  1.095950384542910E-19 4
 287    5730.00    5750.00  2.193710382242642E-19  1.640537433220061E-19 5
 288    5750.00    5770.00  3.060738924706840E-21  2.375625007942548E-21 2
 289    5770.00    5790.00  1.219753114819649E-20  1.219753114221698E-20 1
 290    5790.00    5810.00  0.000000000000000E+00  0.000000000000000E+00 0
 291    5810.00    5830.00  8.262593580464488E-22  5.193138709353873E-22 3
 292    5830.00    5850.00  1.443107606595397E-19  1.043900638801745E-19 2
 293    5850.00    5870.00  1.685083594296435E-21  1.683805532865851E-21 2
 294    5870.00    5890.00  1.376418636766907E-21  1.099716953094425E-21 2
 295    5890.00    5910.00  3.336172712247901E-23  3.221254798028608E-23 2
 296    5910.00    5930.00  1.905986482763421E-19  1.905986481829062E-19 1
 297    5930.00    5950.00  0.000000000000000E+00  0.000000000000000E+00 0
 298    5950.00    5970.00  0.000000000000000E+00  0.000000000000000E+00 0
 299    5970.00    5990.00  0.000000000000000E+00  0.000000000000000E+00 0
 300    5990.00    6010.00  1.810205902185001E-21  1.540030789855741E-21 3
 301    6010.00    6030.00  0.000000000000000E+00  0.000000000000000E+00 0
 302    6030.00    6050.00  0.000000000000000E+00  0.000000000000000E+00 0
 303    6050.00    6070.00  0.000000000000000E+00  0.000000000000000E+00 0
 304    6070.00    6090.00  0.000000000000000E+00  0.000000000000000E+00 0
 305    6090.00    6110.00  0.000000000000000E+00  0.000000000000000E+00 0
 306    6110.00    6130.00  0.000000000000000E+00  0.000000000000000E+00 0
 307    6130.00    6150.00  0.000000000000000E+00  0.000000000000000E+00 0
 308    6150.00    6170.00  0.000000000000000E+00  0.000000000000000E+00 0
 309    6170.00    6190.00  0.000000000000000E+00  0.000000000000000E+00 0
 310    6190.00    6210.00  0.000000000000000E+00  0.000000000000000E+00 0
 311    6210.00    6230.00  0.000000000000000E+00  0.000000000000000E+00 0
 312    6230.00    6250.00  0.000000000000000E+00  0.000000000000000E+00 0
 313    6250.00    6270.00  0.000000000000000E+00  0.000000000000000E+00 0
 314    6270.00    6290.00  0.000000000000000E+00  0.000000000000000E+00 0
 315    6290.00    6310.00  0.000000000000000E+00  0.000000000000000E+00 0
 316    6310.00    6330.00  0.000000000000000E+00  0.000000000000000E+00 0
 317    6330.00    6350.00  0.000000000000000E+00  0.000000000000000E+00 0
 318    6350.00    6370.00  0.000000000000000E+00  0.000000000000000E+00 0
 319    6370.00    6390.00  0.000000000000000E+00  0.000000000000000E+00 0
 320    6390.00    6410.00  0.000000000000000E+00  0.000000000000000E+00 0
 321    6410.00    6430.00  0.000000000000000E+00  0.000000000000000E+00 0
 322    6430.00    6450.00  0.000000000000000E+00  0.000000000000000E+00 0
 323    6450.00    6470.00  0.000000000000000E+00  0.000000000000000E+00 0
 324    6470.00    6490.00  0.000000000000000E+00  0.000000000000000E+00 0
 325    6490.00    6510.00  0.000000000000000E+00  0.000000000000000E+00 0
 326    6510.00    6530.00  0.000000000000000E+00  0.000000000000000E+00 0
 327    6530.00    6550.00  0.000000000000000E+00  0.000000000000000E+00 0
 328    6550.00    6570.00  0.000000000000000E+00  0.000000000000000E+00 0
 329    6570.00    6590.00  0.000000000000000E+00  0.000000000000000E+00 0
 330    6590.00    6610.00  0.000000000000000E+00  0.000000000000000E+00 0
 331    6610.00    6630.00  0.000000000000000E+00  0.000000000000000E+00 0
 332    6630.00    6650.00  0.000000000000000E+00  0.000000000000000E+00 0
 333    6650.00    6670.00  0.000000000000000E+00  0.000000000000000E+00 0
 334    6670.00    6690.00  0.000000000000000E+00  0.000000000000000E+00 0
 335    6690.00    6710.00  0.000000000000000E+00  0.000000000000000E+00 0
 336    6710.00    6730.00  0.000000000000000E+00  0.000000000000000E+00 0
 337    6730.00    6750.00  0.000000000000000E+00  0.000000000000000E+00 0
 338    6750.00    6770.00  0.000000000000000E+00  0.000000000000000E+00 0
 339    6770.00    6790.00  0.000000000000000E+00  0.000000000000000E+00 0
 340    6790.00    6810.00  0.000000000000000E+00  0.000000000000000E+00 0
 341    6810.00    6830.00  0.000000000000000E+00  0.000000000000000E+00 0
 342    6830.00    6850.00  0.000000000000000E+00  0.000000000000000E+00 0
 343    6850.00    6870.00  0.000000000000000E+00  0.000000000000000E+00 0
 344    6870.00    6890.00  0.000000000000000E+00  0.000000000000000E+00 0
 345    6890.00    6910.00  0.000000000000000E+00  0.000000000000000E+00 0
 346    6910.00    6930.00  0.000000000000000E+00  0.000000000000000E+00 0
 347    6930.00    6950.00  0.000000000000000E+00  0.000000000000000E+00 0
 348    6950.00    6970.00  0.000000000000000E+00  0.000000000000000E+00 0
 349    6970.00    6990.00  0.000000000000000E+00  0.000000000000000E+00 0
 350    6990.00    7010.00  0.000000000000000E+00  0.000000000000000E+00 0
 351    7010.00    7030.00  0.000000000000000E+00  0.000000000000000E+00 0
 352    7030.00    7050.00  0.000000000000000E+00  0.000000000000000E+00 0
 353    7050.00    7070.00  0.000000000000000E+00  0.000000000000000E+00 0
 354    7070.00    7090.00  0.000000000000000E+00  0.000000000000000E+00 0
 355    7090.00    7110.00  0.000000000000000E+00  0.000000000000000E+00 0
 356    7110.00    7130.00  0.000000000000000E+00  0.000000000000000E+00 0
 357    7130.00    7150.00  0.000000000000000E+00  0.000000000000000E+00 0
 358    7150.00    7170.00  0.000000000000000E+00  0.000000000000000E+00 0
 359    7170.00    7190.00  0.000000000000000E+00  0.000000000000000E+00 0
 360    7190.00    7210.00  0.000000000000000E+00  0.000000000000000E+00 0
 361    7210.00    7230.00  0.000000000000000E+00  0.000000000000000E+00 0
 362    7230.00    7250.00  0.000000000000000E+00  0.000000000000000E+00 0
 363    7250.00    7270.00  0.000000000000000E+00  0.000000000000000E+00 0
 364    7270.00    7290.00  0.000000000000000E+00  0.000000000000000E+00 0
 365    7290.00    7310.00  0.000000000000000E+00  0.000000000000000E+00 0
 366    7310.00    7330.00  0.000000000000000E+00  0.000000000000000E+00 0
 367    7330.00    7350.00  0.000000000000000E+00  0.000000000000000E+00 0
 368    7350.00    7370.00  0.000000000000000E+00  0.000000000000000E+00 0
 369    7370.00    7390.00  0.000000000000000E+00  0.000000000000000E+00 0
 370    7390.00    7410.00  0.000000000000000E+00  0.000000000000000E+00 0
 371    7410.00    7430.00  0.000000000000000E+00  0.000000000000000E+00 0
 372    7430.00    7450.00  0.000000000000000E+00  0.000000000000000E+00 0
 373    7450.00    7470.00  0.000000000000000E+00  0.000000000000000E+00 0
 374    7470.00    7490.00  0.000000000000000E+00  0.000000000000000E+00 0
 375    7490.00    7510.00  0.000000000000000E+00  0.000000000000000E+00 0
 376    7510.00    7530.00  0.000000000000000E+00  0.000000000000000E+00 0
 377    7530.00    7550.00  0.000000000000000E+00  0.000000000000000E+00 0
 378    7550.00    7570.00  0.000000000000000E+00  0.000000000000000E+00 0
 379    7570.00    7590.00  0.000000000000000E+00  0.000000000000000E+00 0
 380    7590.00    7610.00  0.000000000000000E+00  0.000000000000000E+00 0
 381    7610.00    7630.00  0.000000000000000E+00  0.000000000000000E+00 0
 382    7630.00    7650.00  0.000000000000000E+00  0.000000000000000E+00 0
 383    7650.00    7670.00  0.000000000000000E+00  0.000000000000000E+00 0
 384    7670.00    7690.00  0.000000000000000E+00  0.000000000000000E+00 0
 385    7690.00    7710.00  0.000000000000000E+00  0.000000000000000E+00 0
 386    7710.00    7730.00  0.000000000000000E+00  0.000000000000000E+00 0
 387    7730.00    7750.00  0.000000000000000E+00  0.000000000000000E+00 0
 388    7750.00    7770.00  0.000000000000000E+00  0.000000000000000E+00 0
 389    7770.00    7790.00  0.000000000000000E+00  0.000000000000000E+00 0
 390    7790.00    7810.00  0.000000000000000E+00  0.000000000000000E+00 0
 391    7810.00    7830.00  0.000000000000000E+00  0.000000000000000E+00 0
 392    7830.00    7850.00  0.000000000000000E+00  0.000000000000000E+00 0
 393    7850.00    7870.00  0.000000000000000E+00  0.000000000000000E+00 0
 394    7870.00    7890.00  0.000000000000000E+00  0.000000000000000E+00 0
 395    7890.00    7910.00  0.000000000000000E+00  0.000000000000000E+00 0
 396    7910.00    7930.00  0.000000000000000E+00  0.000000000000000E+00 0
 397    7930.00    7950.00  0.000000000000000E+00  0.000000000000000E+00 0
 398    7950.00    7970.00  0.000000000000000E+00  0.000000000000000E+00 0
 399    7970.00    7990.00  0.000000000000000E+00  0.000000000000000E+00 0
 400    7990.00    8010.00  0.000000000000000E+00  0.000000000000000E+00 0
 401    8010.00    8030.00  0.000000000000000E+00  0.000000000000000E+00 0
 402    8030.00    8050.00  0.000000000000000E+00  0.000000000000000E+00 0
 403    8050.00    8070.00  0.000000000000000E+00  0.000000000000000E+00 0
 404    8070.00    8090.00  0.000000000000000E+00  0.000000000000000E+00 0
 405    8090.00    8110.00  0.000000000000000E+00  0.000000000000000E+00 0
 406    8110.00    8130.00  0.000000000000000E+00  0.000000000000000E+00 0
 407    8130.00    8150.00  0.000000000000000E+00  0.000000000000000E+00 0
 408    8150.00    8170.00  0.000000000000000E+00  0.000000000000000E+00 0
 409    8170.00    8190.00  0.000000000000000E+00  0.000000000000000E+00 0
 410    8190.00    8210.00  0.000000000000000E+00  0.000000000000000E+00 0
 411    8210.00    8230.00  0.000000000000000E+00  0.000000000000000E+00 0
 412    8230.00    8250.00  0.000000000000000E+00  0.000000000000000E+00 0
 413    8250.00    8270.00  0.000000000000000E+00  0.000000000000000E+00 0
 414    8270.00    8290.00  0.000000000000000E+00  0.000000000000000E+00 0
 415    8290.00    8310.00  0.000000000000000E+00  0.000000000000000E+00 0
 416    8310.00    8330.00  0.000000000000000E+00  0.000000000000000E+00 0
 417    8330.00    8350.00  0.000000000000000E+00  0.000000000000000E+00 0
 418    8350.00    8370.00  0.000000000000000E+00  0.000000000000000E+00 0
 419    8370.00    8390.00  0.000000000000000E+00  0.000000000000000E+00 0
 420    8390.00    8410.00  0.000000000000000E+00  0.000000000000000E+00 0
 421    8410.00    8430.00  0.000000000000000E+00  0.000000000000000E+00 0
 422    8430.00    8450.00  0.000000000000000E+00  0.000000000000000E+00 0
 423    8450.00    8470.00  0.000000000000000E+00  0.000000000000000E+00 0
 424    8470.00    8490.00  0.000000000000000E+00  0.000000000000000E+00 0
 425    8490.00    8510.00  0.000000000000000E+00  0.000000000000000E+00 0
 426    8510.00    8530.00  0.000000000000000E+00  0.000000000000000E+00 0
 427    8530.00    8550.00  0.000000000000000E+00  0.000000000000000E+00 0
 428    8550.00    8570.00  0.000000000000000E+00  0.000000000000000E+00 0
 429    8570.00    8590.00  0.000000000000000E+00  0.000000000000000E+00 0
 430    8590.00    8610.00  0.000000000000000E+00  0.000000000000000E+00 0
 431    8610.00    8630.00  0.000000000000000E+00  0.000000000000000E+00 0
 432    8630.00    8650.00  0.000000000000000E+00  0.000000000000000E+00 0
 433    8650.00    8670.00  0.000000000000000E+00  0.000000000000000E+00 0
 434    8670.00    8690.00  0.000000000000000E+00  0.000000000000000E+00 0
 435    8690.00    8710.00  0.000000000000000E+00  0.000000000000000E+00 0
 436    8710.00    8730.00  0.000000000000000E+00  0.000000000000000E+00 0
 437    8730.00    8750.00  0.000000000000000E+00  0.000000000000000E+00 0
 438    8750.00    8770.00  0.000000000000000E+00  0.000000000000000E+00 0
 439    8770.00    8790.00  0.000000000000000E+00  0.000000000000000E+00 0
 440    8790.00    8810.00  0.000000000000000E+00  0.000000000000000E+00 0
 441    8810.00    8830.00  0.000000000000000E+00  0.000000000000000E+00 0
 442    8830.00    8850.00  0.000000000000000E+00  0.000000000000000E+00 0
 443    8850.00    8870.00  0.000000000000000E+00  0.000000000000000E+00 0
 444    8870.00    8890.00  0.000000000000000E+00  0.000000000000000E+00 0
 445    8890.00    8910.00  0.000000000000000E+00  0.000000000000000E+00 0
 446    8910.00    8930.00  0.000000000000000E+00  0.000000000000000E+00 0
 447    8930.00    8950.00  0.000000000000000E+00  0.000000000000000E+00 0
 448    8950.00    8970.00  0.000000000000000E+00  0.000000000000000E+00 0
 449    8970.00    8990.00  0.000000000000000E+00  0.000000000000000E+00 0
 450    8990.00    9010.00  0.000000000000000E+00  0.000000000000000E+00 0
 451    9010.00    9030.00  0.000000000000000E+00  0.000000000000000E+00 0
 452    9030.00    9050.00  0.000000000000000E+00  0.000000000000000E+00 0
 453    9050.00    9070.00  0.000000000000000E+00  0.000000000000000E+00 0
 454    9070.00    9090.00  0.000000000000000E+00  0.000000000000000E+00 0
 455    9090.00    9110.00  0.000000000000000E+00  0.000000000000000E+00 0
 456    9110.00    9130.00  0.000000000000000E+00  0.000000000000000E+00 0
 457    9130.00    9150.00  0.000000000000000E+00  0.000000000000000E+00 0
 458    9150.00    9170.00  0.000000000000000E+00  0.000000000000000E+00 0
 459    9170.00    9190.00  0.000000000000000E+00  0.000000000000000E+00 0
 460    9190.00    9210.00  0.000000000000000E+00  0.000000000000000E+00 0
 461    9210.00    9230.00  0.000000000000000E+00  0.000000000000000E+00 0
 462    9230.00    9250.00  0.000000000000000E+00  0.000000000000000E+00 0
 463    9250.00    9270.00  0.000000000000000E+00  0.000000000000000E+00 0
 464    9270.00    9290.00  0.000000000000000E+00  0.000000000000000E+00 0
 465    9290.00    9310.00  0.000000000000000E+00  0.000000000000000E+00 0
 466    9310.00    9330.00  0.000000000000000E+00  0.000000000000000E+00 0
 467    9330.00    9350.00  0.000000000000000E+00  0.000000000000000E+00 0
 468    9350.00    9370.00  0.000000000000000E+00  0.000000000000000E+00 0
 469    9370.00    9390.00  0.000000000000000E+00  0.000000000000000E+00 0
 470    9390.00    9410.00  0.000000000000000E+00  0.000000000000000E+00 0
 471    9410.00    9430.00  0.000000000000000E+00  0.000000000000000E+00 0
 472    9430.00    9450.00  0.000000000000000E+00  0.000000000000000E+00 0
 473    9450.00    9470.00  0.000000000000000E+00  0.000000000000000E+00 0
 474    9470.00    9490.00  0.000000000000000E+00  0.000000000000000E+00 0
 475    9490.00    9510.00  0.000000000000000E+00  0.000000000000000E+00 0
 476    9510.00    9530.00  0.000000000000000E+00  0.000000000000000E+00 0
 477    9530.00    9550.00  0.000000000000000E+00  0.000000000000000E+00 0
 478    9550.00    9570.00  0.000000000000000E+00  0.000000000000000E+00 0
 479    9570.00    9590.00  0.000000000000000E+00  0.000000000000000E+00 0
 480    9590.00    9610.00  0.000000000000000E+00  0.000000000000000E+00 0
 481    9610.00    9630.00  0.000000000000000E+00  0.000000000000000E+00 0
 482    9630.00    9650.00  0.000000000000000E+00  0.000000000000000E+00 0
 483    9650.00    9670.00  0.000000000000000E+00  0.000000000000000E+00 0
 484    9670.00    9690.00  0.000000000000000E+00  0.000000000000000E+00 0
 485    9690.00    9710.00  0.000000000000000E+00  0.000000000000000E+00 0
 486    9710.00    9730.00  0.000000000000000E+00  0.000000000000000E+00 0
 487    9730.00    9750.00  0.000000000000000E+00  0.000000000000000E+00 0
 488    9750.00    9770.00  0.000000000000000E+00  0.000000000000000E+00 0
 489    9770.00    9790.00  0.000000000000000E+00  0.000000000000000E+00 0
 490    9790.00    9810.00  0.000000000000000E+00  0.000000000000000E+00 0
 491    9810.00    9830.00  0.000000000000000E+00  0.000000000000000E+00 0
 492    9830.00    9850.00  0.000000000000000E+00  0.000000000000000E+00 0
 493    9850.00    9870.00  0.000000000000000E+00  0.000000000000000E+00 0
 494    9870.00    9890.00  0.000000000000000E+00  0.000000000000000E+00 0
 495    9890.00    9910.00  0.000000000000000E+00  0.000000000000000E+00 0
 496    9910.00    9930.00  0.000000000000000E+00  0.000000000000000E+00 0
 497    9930.00    9950.00  0.000000000000000E+00  0.000000000000000E+00 0
 498    9950.00    9970.00  0.000000000000000E+00  0.000000000000000E+00 0
 499    9970.00    9990.00  0.000000000000000E+00  0.000000000000000E+00 0
 500    9990.00   10010.00  0.000000000000000E+00  0.000000000000000E+00 0
 501   10010.00   10030.00  0.000000000000000E+00  0.000000000000000E+00 0
 502   10030.00   10050.00  0.000000000000000E+00  0.000000000000000E+00 0
 503   10050.00   10070.00  0.000000000000000E+00  0.000000000000000E+00 0
 504   10070.00   10090.00  0.000000000000000E+00  0.000000000000000E+00 0
 505   10090.00   10110.00  0.000000000000000E+00  0.000000000000000E+00 0
 506   10110.00   10130.00  0.000000000000000E+00  0.000000000000000E+00 0
 507   10130.00   10150.00  0.000000000000000E+00  0.000000000000000E+00 0
 508   10150.00   10170.00  0.000000000000000E+00  0.000000000000000E+00 0
 509   10170.00   10190.00  0.000000000000000E+00  0.000000000000000E+00 0
 510   10190.00   10210.00  0.000000000000000E+00  0.000000000000000E+00 0
 511   10210.00   10230.00  0.000000000000000E+00  0.000000000000000E+00 0
 512   10230.00   10250.00  0.000000000000000E+00  0.000000000000000E+00 0
 513   10250.00   10270.00  0.000000000000000E+00  0.000000000000000E+00 0
 514   10270.00   10290.00  0.000000000000000E+00  0.000000000000000E+00 0
 515   10290.00   10310.00  0.000000000000000E+00  0.000000000000000E+00 0
 516   10310.00   10330.00  0.000000000000000E+00  0.000000000000000E+00 0
 517   10330.00   10350.00  0.000000000000000E+00  0.000000000000000E+00 0
 518   10350.00   10370.00  0.000000000000000E+00  0.000000000000000E+00 0
 519   10370.00   10390.00  0.000000000000000E+00  0.000000000000000E+00 0
 520   10390.00   10410.00  0.000000000000000E+00  0.000000000000000E+00 0
 521   10410.00   10430.00  0.000000000000000E+00  0.000000000000000E+00 0
 522   10430.00   10450.00  0.000000000000000E+00  0.000000000000000E+00 0
 523   10450.00   10470.00  0.000000000000000E+00  0.000000000000000E+00 0
 524   10470.00   10490.00  0.000000000000000E+00  0.000000000000000E+00 0
 525   10490.00   10510.00  0.000000000000000E+00  0.000000000000000E+00 0
 526   10510.00   10530.00  0.000000000000000E+00  0.000000000000000E+00 0
 527   10530.00   10550.00  0.000000000000000E+00  0.000000000000000E+00 0
 528   10550.00   10570.00  0.000000000000000E+00  0.000000000000000E+00 0
 529   10570.00   10590.00  0.000000000000000E+00  0.000000000000000E+00 0
 530   10590.00   10610.00  0.000000000000000E+00  0.000000000000000E+00 0
 531   10610.00   10630.00  0.000000000000000E+00  0.000000000000000E+00 0
 532   10630.00   10650.00  0.000000000000000E+00  0.000000000000000E+00 0
 533   10650.00   10670.00  0.000000000000000E+00  0.000000000000000E+00 0
 534   10670.00   10690.00  0.000000000000000E+00  0.000000000000000E+00 0
 535   10690.00   10710.00  0.000000000000000E+00  0.000000000000000E+00 0
 536   10710.00   10730.00  0.000000000000000E+00  0.000000000000000E+00 0
 537   10730.00   10750.00  0.000000000000000E+00  0.000000000000000E+00 0
 538   10750.00   10770.00  0.000000000000000E+00  0.000000000000000E+00 0
 539   10770.00   10790.00  0.000000000000000E+00  0.000000000000000E+00 0
 540   10790.00   10810.00  0.000000000000000E+00  0.000000000000000E+00 0
 541   10810.00   10830.00  0.000000000000000E+00  0.000000000000000E+00 0
 542   10830.00   10850.00  0.000000000000000E+00  0.000000000000000E+00 0
 543   10850.00   10870.00  0.000000000000000E+00  0.000000000000000E+00 0
 544   10870.00   10890.00  0.000000000000000E+00  0.000000000000000E+00 0
 545   10890.00   10910.00  0.000000000000000E+00  0.000000000000000E+00 0
 546   10910.00   10930.00  0.000000000000000E+00  0.000000000000000E+00 0
 547   10930.00   10950.00  0.000000000000000E+00  0.000000000000000E+00 0
 548   10950.00   10970.00  0.000000000000000E+00  0.000000000000000E+00 0
 549   10970.00   10990.00  0.000000000000000E+00  0.000000000000000E+00 0
 550   10990.00   11010.00  0.000000000000000E+00  0.000000000000000E+00 0
 551   11010.00   11030.00  0.000000000000000E+00  0.000000000000000E+00 0
 552   11030.00   11050.00  0.000000000000000E+00  0.000000000000000E+00 0
 553   11050.00   11070.00  0.000000000000000E+00  0.000000000000000E+00 0
 554   11070.00   11090.00  0.000000000000000E+00  0.000000000000000E+00 0
 555   11090.00   11110.00  0.000000000000000E+00  0.000000000000000E+00 0
 556   11110.00   11130.00  0.000000000000000E+00  0.000000000000000E+00 0
 557   11130.00   11150.00  0.000000000000000E+00  0.000000000000000E+00 0
 558   11150.00   11170.00  0.000000000000000E+00  0.000000000000000E+00 0
 559   11170.00   11190.00  0.000000000000000E+00  0.000000000000000E+00 0
 560   11190.00   11210.00  0.000000000000000E+00  0.000000000000000E+00 0
 561   11210.00   11230.00  0.000000000000000E+00  0.000000000000000E+00 0
 562   11230.00   11250.00  0.000000000000000E+00  0.000000000000000E+00 0
 563   11250.00   11270.00  0.000000000000000E+00  0.000000000000000E+00 0
 564   11270.00   11290.00  0.000000000000000E+00  0.000000000000000E+00 0
 565   11290.00   11310.00  0.000000000000000E+00  0.000000000000000E+00 0
 566   11310.00   11330.00  0.000000000000000E+00  0.000000000000000E+00 0
 567   11330.00   11350.00  0.000000000000000E+00  0.000000000000000E+00 0
 568   11350.00   11370.00  0.000000000000000E+00  0.000000000000000E+00 0
 569   11370.00   11390.00  0.000000000000000E+00  0.000000000000000E+00 0
 570   11390.00   11410.00  0.000000000000000E+00  0.000000000000000E+00 0
 571   11410.00   11430.00  0.000000000000000E+00  0.000000000000000E+00 0
 572   11430.00   11450.00  0.000000000000000E+00  0.000000000000000E+00 0
 573   11450.00   11470.00  0.000000000000000E+00  0.000000000000000E+00 0
 574   11470.00   11490.00  0.000000000000000E+00  0.000000000000000E+00 0
 575   11490.00   11510.00  0.000000000000000E+00  0.000000000000000E+00 0
 576   11510.00   11530.00  0.000000000000000E+00  0.000000000000000E+00 0
 577   11530.00   11550.00  0.000000000000000E+00  0.000000000000000E+00 0
 578   11550.00   11570.00  0.000000000000000E+00  0.000000000000000E+00 0
 579   11570.00   11590.00  0.000000000000000E+00  0.000000000000000E+00 0
 580   11590.00   11610.00  0.000000000000000E+00  0.000000000000000E+00 0
 581   11610.00   11630.00  0.000000000000000E+00  0.000000000000000E+00 0
 582   11630.00   11650.00  0.000000000000000E+00  0.000000000000000E+00 0
 583   11650.00   11670.00  0.000000000000000E+00  0.000000000000000E+00 0
 584   11670.00   11690.00  0.000000000000000E+00  0.000000000000000E+00 0
 585   11690.00   11710.00  0.000000000000000E+00  0.000000000000000E+00 0
 586   11710.00   11730.00  0.000000000000000E+00  0.000000000000000E+00 0
 587   11730.00   11750.00  0.000000000000000E+00  0.000000000000000E+00 0
 588   11750.00   11770.00  0.000000000000000E+00  0.000000000000000E+00 0
 589   11770.00   11790.00  0.000000000000000E+00  0.000000000000000E+00 0
 590   11790.00   11810.00  0.000000000000000E+00  0.000000000000000E+00 0
 591   11810.00   11830.00  0.000000000000000E+00  0.000000000000000E+00 0
 592   11830.00   11850.00  0.000000000000000E+00  0.000000000000000E+00 0
 593   11850.00   11870.00  0.000000000000000E+00  0.000000000000000E+00 0
 594   11870.00   11890.00  0.000000000000000E+00  0.000000000000000E+00 0
 595   11890.00   11910.00  0.000000000000000E+00  0.000000000000000E+00 0
 596   11910.00   11930.00  0.000000000000000E+00  0.000000000000000E+00 0
 597   11930.00   11950.00  0.000000000000000E+00  0.000000000000000E+00 0
 598   11950.00   11970.00  0.000000000000000E+00  0.000000000000000E+00 0
 599   11970.00   11990.00  0.000000000000000E+00  0.000000000000000E+00 0
 600   11990.00   12010.00  0.000000000000000E+00  0.000000000000000E+00 0
 601   12010.00   12030.00  0.000000000000000E+00  0.000000000000000E+00 0
 602   12030.00   12050.00  0.000000000000000E+00  0.000000000000000E+00 0
 603   12050.00   12070.00  0.000000000000000E+00  0.000000000000000E+00 0
 604   12070.00   12090.00  0.000000000000000E+00  0.000000000000000E+00 0
 605   12090.00   12110.00  0.000000000000000E+00  0.000000000000000E+00 0
 606   12110.00   12130.00  0.000000000000000E+00  0.000000000000000E+00 0
 607   12130.00   12150.00  0.000000000000000E+00  0.000000000000000E+00 0
 608   12150.00   12170.00  0.000000000000000E+00  0.000000000000000E+00 0
 609   12170.00   12190.00  0.000000000000000E+00  0.000000000000000E+00 0
 610   12190.00   12210.00  0.000000000000000E+00  0.000000000000000E+00 0
 611   12210.00   12230.00  0.000000000000000E+00  0.000000000000000E+00 0
 612   12230.00   12250.00  0.000000000000000E+00  0.000000000000000E+00 0
 613   12250.00   12270.00  0.000000000000000E+00  0.000000000000000E+00 0
 614   12270.00   12290.00  0.000000000000000E+00  0.000000000000000E+00 0
 615   12290.00   12310.00  0.000000000000000E+00  0.000000000000000E+00 0
 616   12310.00   12330.00  0.000000000000000E+00  0.000000000000000E+00 0
 617   12330.00   12350.00  0.000000000000000E+00  0.000000000000000E+00 0
 618   12350.00   12370.00  0.000000000000000E+00  0.000000000000000E+00 0
 619   12370.00   12390.00  0.000000000000000E+00  0.000000000000000E+00 0
 620   12390.00   12410.00  0.000000000000000E+00  0.000000000000000E+00 0
 621   12410.00   12430.00  0.000000000000000E+00  0.000000000000000E+00 0
 622   12430.00   12450.00  0.000000000000000E+00  0.000000000000000E+00 0
 623   12450.00   12470.00  0.000000000000000E+00  0.000000000000000E+00 0
 624   12470.00   12490.00  0.000000000000000E+00  0.000000000000000E+00 0
 625   12490.00   12510.00  0.000000000000000E+00  0.000000000000000E+00 0
 626   12510.00   12530.00  0.000000000000000E+00  0.000000000000000E+00 0
 627   12530.00   12550.00  0.000000000000000E+00  0.000000000000000E+00 0
 628   12550.00   12570.00  0.000000000000000E+00  0.000000000000000E+00 0
 629   12570.00   12590.00  0.000000000000000E+00  0.000000000000000E+00 0
 630   12590.00   12610.00  0.000000000000000E+00  0.000000000000000E+00 0
 631   12610.00   12630.00  0.000000000000000E+00  0.000000000000000E+00 0
 632   12630.00   12650.00  0.000000000000000E+00  0.000000000000000E+00 0
 633   12650.00   12670.00  0.000000000000000E+00  0.000000000000000E+00 0
 634   12670.00   12690.00  0.000000000000000E+00  0.000000000000000E+00 0
 635   12690.00   12710.00  0.000000000000000E+00  0.000000000000000E+00 0
 636   12710.00   12730.00  0.000000000000000E+00  0.000000000000000E+00 0
 637   12730.00   12750.00  0.000000000000000E+00  0.000000000000000E+00 0
 638   12750.00   12770.00  0.000000000000000E+00  0.000000000000000E+00 0
 639   12770.00   12790.00  0.000000000000000E+00  0.000000000000000E+00 0
 640   12790.00   12810.00  0.000000000000000E+00  0.000000000000000E+00 0
 641   12810.00   12830.00  0.000000000000000E+00  0.000000000000000E+00 0
 642   12830.00   12850.00  0.000000000000000E+00  0.000000000000000E+00 0
 643   12850.00   12870.00  0.000000000000000E+00  0.000000000000000E+00 0
 644   12870.00   12890.00  0.000000000000000E+00  0.000000000000000E+00 0
 645   12890.00   12910.00  0.000000000000000E+00  0.000000000000000E+00 0
 646   12910.00   12930.00  0.000000000000000E+00  0.000000000000000E+00 0
 647   12930.00   12950.00  0.000000000000000E+00  0.000000000000000E+00 0
 648   12950.00   12970.00  0.000000000000000E+00  0.000000000000000E+00 0
 649   12970.00   12990.00  0.000000000000000E+00  0.000000000000000E+00 0
 650   12990.00   13010.00  0.000000000000000E+00  0.000000000000000E+00 0
# Underflow:                 8.5899533245110300E-08  5.1102243470085194E-10 735584
# Overflow:                  0.0000000000000000E+00  0.0000000000000000E+00 0
#-------------------------------------------------------------------------------------
# Sum:                       2.9156447920291917E-04  1.2084359019086430E-07 84479000
#=====================================================================================
