# title = Transverse Mass of W
# xlabel = $M_{\text{T},\text{W}}\,$[GeV]
# ylabel = $\frac{\text{d}\sigma}{\text{d}M_{\text{T},\text{W}}}\,\left[\frac{\text{fb}}{\text{GeV}}\right]$
# xmin=  0.000E+00
# xmax=  8.000E+02
# ymin=  1.000E-06
# ymax=  1.000E-02
# kmin= -5.000E+01
# kmax=  1.000E+01
# logscale = true
# Renormalization and factorization scale scaled by: 2.0000000000
# Renormalization scaled by: 2.0000000000
# Number of generated events: 1019943521
#
#=====================================================================================
# No.       Left      Right                   Value                   Error Hits
#-------------------------------------------------------------------------------------
   1       0.00      20.00  9.514032102491435E-07  1.325153775142141E-09 8696362
   2      20.00      40.00  1.299477177482110E-06  1.618978396445652E-09 10644919
   3      40.00      60.00  2.423784418681350E-06  2.313980806453020E-09 16297169
   4      60.00      80.00  7.933402638160257E-06  4.592128065727661E-09 39766216
   5      80.00     100.00  1.844142402246059E-06  2.296356337387311E-09 8377811
   6     100.00     120.00  6.747627022160312E-08  4.411461183011213E-10 319177
   7     120.00     140.00  2.486755124241143E-08  2.775611337501211E-10 121502
   8     140.00     160.00  1.217771921714525E-08  1.801380852362629E-10 64174
   9     160.00     180.00  6.786623924018882E-09  1.332481193432721E-10 39312
  10     180.00     200.00  4.328439644827674E-09  1.029603162420173E-10 26167
  11     200.00     220.00  2.886845512729446E-09  9.304836133948009E-11 18700
  12     220.00     240.00  1.972798799174650E-09  7.414063936465389E-11 14247
  13     240.00     260.00  1.392175859623968E-09  5.427068887934244E-11 11018
  14     260.00     280.00  9.487987841651983E-10  4.668411397283046E-11 8629
  15     280.00     300.00  7.601982762975494E-10  3.839377397455515E-11 7191
  16     300.00     320.00  5.627458978510556E-10  3.289854470871148E-11 5966
  17     320.00     340.00  3.607098574620855E-10  1.800046584924955E-11 4947
  18     340.00     360.00  2.491357088953273E-10  1.446914509212163E-11 4124
  19     360.00     380.00  2.325884658028857E-10  1.739566671499484E-11 3689
  20     380.00     400.00  1.981617333308747E-10  1.946566284818315E-11 3289
  21     400.00     420.00  1.435865547175056E-10  1.750322212471632E-11 2771
  22     420.00     440.00  1.095203741321642E-10  9.413683900915083E-12 2581
  23     440.00     460.00  9.911629111893363E-11  8.440278373963131E-12 2288
  24     460.00     480.00  7.604570747747479E-11  7.329008221638877E-12 2014
  25     480.00     500.00  5.878751219472426E-11  5.402462143869741E-12 1870
  26     500.00     520.00  4.957959502151579E-11  5.736548358166543E-12 1749
  27     520.00     540.00  4.861213510433582E-11  6.203497350665075E-12 1639
  28     540.00     560.00  2.721369124687520E-11  2.503026473888305E-12 1451
  29     560.00     580.00  2.637398542274188E-11  2.893919097182042E-12 1314
  30     580.00     600.00  2.412459131771499E-11  2.917049781123355E-12 1229
  31     600.00     620.00  2.271840318913833E-11  3.893899594132147E-12 1113
  32     620.00     640.00  1.498708473656275E-11  1.689283652725877E-12 1073
  33     640.00     660.00  1.730625911617419E-11  3.748312208559597E-12 979
  34     660.00     680.00  1.213296503937409E-11  2.210444770207801E-12 937
  35     680.00     700.00  1.260673366583634E-11  1.943753914129787E-12 893
  36     700.00     720.00  1.288156923961424E-11  2.507653190410627E-12 800
  37     720.00     740.00  6.275559812843804E-12  9.674589444610356E-13 780
  38     740.00     760.00  5.605622606533288E-12  1.068746331366090E-12 705
  39     760.00     780.00  5.994528781956918E-12  9.841802775386297E-13 751
  40     780.00     800.00  3.100206013211396E-12  6.343780665866809E-13 629
  41     800.00     820.00  2.796111806090613E-12  4.900752030270801E-13 632
  42     820.00     840.00  2.308452214324446E-12  4.809484755852147E-13 577
  43     840.00     860.00  3.113559633958763E-12  4.626655329566789E-13 571
  44     860.00     880.00  3.587725449962357E-12  1.134334963425860E-12 552
  45     880.00     900.00  3.107646456083051E-12  7.247258927565603E-13 527
  46     900.00     920.00  1.733200782202174E-12  3.951195856198606E-13 478
  47     920.00     940.00  1.471969605952031E-12  2.079599181737661E-13 484
  48     940.00     960.00  1.274716939605891E-12  2.467897940370200E-13 437
  49     960.00     980.00  2.050066734910801E-12  4.371204508458101E-13 404
  50     980.00    1000.00  2.754158519795555E-12  9.190608346683992E-13 402
  51    1000.00    1020.00  1.741370535697552E-12  8.270426610774547E-13 373
  52    1020.00    1040.00  5.151781050331995E-13  1.211177733391512E-13 373
  53    1040.00    1060.00  1.134537007356162E-12  3.359762267923108E-13 332
  54    1060.00    1080.00  7.687498757987027E-13  1.584800236825227E-13 355
  55    1080.00    1100.00  4.415060361994728E-13  9.303488171696054E-14 299
  56    1100.00    1120.00  7.525180488663199E-13  2.001495178243308E-13 299
  57    1120.00    1140.00  7.509266515376152E-13  1.990405204973360E-13 315
  58    1140.00    1160.00  1.564334171879912E-13  3.593361073664060E-14 281
  59    1160.00    1180.00  4.605647889985819E-13  1.422152001709406E-13 260
  60    1180.00    1200.00  4.997276549860571E-13  1.355620317048792E-13 287
  61    1200.00    1220.00  4.647008833084832E-13  1.476488155814957E-13 237
  62    1220.00    1240.00  8.776461237473622E-13  3.403900056348643E-13 286
  63    1240.00    1260.00  5.021618600807943E-13  1.901397312515127E-13 262
  64    1260.00    1280.00  2.426560020484229E-13  6.663559969785280E-14 245
  65    1280.00    1300.00  5.173496396908878E-13  3.096915622349903E-13 188
  66    1300.00    1320.00  3.013772058638460E-13  1.212696379990684E-13 214
  67    1320.00    1340.00  1.412377404887586E-13  6.185224145312096E-14 188
  68    1340.00    1360.00  1.287379365860038E-13  3.220634206784603E-14 201
  69    1360.00    1380.00  2.975118236232965E-13  1.356168329050421E-13 187
  70    1380.00    1400.00  1.143693365471743E-13  4.115857558147990E-14 172
  71    1400.00    1420.00  1.635788885214474E-13  5.191188780081683E-14 172
  72    1420.00    1440.00  8.003316193703864E-14  2.670460218370244E-14 139
  73    1440.00    1460.00  1.934404650713882E-13  7.114261369559401E-14 159
  74    1460.00    1480.00  6.684629839640091E-14  2.289819723257506E-14 175
  75    1480.00    1500.00  3.689927854579273E-14  1.364580106832925E-14 140
  76    1500.00    1520.00  1.723220201274302E-13  1.249740071112773E-13 156
  77    1520.00    1540.00  2.950841459915487E-14  9.679417260842161E-15 118
  78    1540.00    1560.00  9.550988450529065E-14  4.275656048755830E-14 146
  79    1560.00    1580.00  4.782782354700464E-14  1.740279481231077E-14 139
  80    1580.00    1600.00  4.729050914627953E-14  2.051592994087299E-14 143
  81    1600.00    1620.00  3.830924966338037E-14  1.372613681733896E-14 119
  82    1620.00    1640.00  9.665294782099109E-14  6.040157332470024E-14 126
  83    1640.00    1660.00  2.538322067821726E-14  1.229836119568195E-14 118
  84    1660.00    1680.00  4.181216003465183E-14  1.537475777355363E-14 98
  85    1680.00    1700.00  5.667437042612585E-14  2.819811637490026E-14 126
  86    1700.00    1720.00  2.499238994282801E-14  1.017276720414690E-14 117
  87    1720.00    1740.00  1.955733621989211E-14  8.321101967964810E-15 114
  88    1740.00    1760.00  5.933174241906520E-14  2.770933862680155E-14 102
  89    1760.00    1780.00  4.081063592486250E-14  2.850785714304999E-14 88
  90    1780.00    1800.00  2.611833706584338E-14  1.539247193721443E-14 118
  91    1800.00    1820.00  1.344043388647172E-14  5.490220955741034E-15 95
  92    1820.00    1840.00  2.637052446325015E-14  1.165342819309330E-14 97
  93    1840.00    1860.00  4.115245403590681E-14  2.798870424479187E-14 92
  94    1860.00    1880.00  1.114091022144721E-14  5.950293098628685E-15 88
  95    1880.00    1900.00  1.219030368408568E-14  8.784419186105134E-15 75
  96    1900.00    1920.00  1.842896243523178E-14  9.076801255544888E-15 89
  97    1920.00    1940.00  2.171663133718177E-14  1.307957193297886E-14 74
  98    1940.00    1960.00  4.434192892121061E-15  1.990691603595485E-15 80
  99    1960.00    1980.00  1.033805562862182E-14  4.701730645588451E-15 82
 100    1980.00    2000.00  1.133107639481391E-14  7.187858944865876E-15 70
 101    2000.00    2020.00  3.952186952232122E-14  3.071686816079493E-14 93
 102    2020.00    2040.00  8.351330861430710E-15  3.076716137095542E-15 67
 103    2040.00    2060.00  2.349174610997540E-14  1.905907862362661E-14 62
 104    2060.00    2080.00  1.446777753733726E-14  1.138597620432187E-14 59
 105    2080.00    2100.00  1.984181054031900E-14  1.431994284377816E-14 64
 106    2100.00    2120.00  6.192278206331425E-15  2.888643179286839E-15 70
 107    2120.00    2140.00  1.124051295658587E-15  3.740321609063573E-16 58
 108    2140.00    2160.00  5.513002101743300E-16  1.423942248730131E-16 57
 109    2160.00    2180.00  1.637999329232737E-14  1.052195144826666E-14 47
 110    2180.00    2200.00  1.837552031149598E-14  1.293239248466251E-14 59
 111    2200.00    2220.00  6.955866525125708E-15  4.308115105497899E-15 70
 112    2220.00    2240.00  1.065023830776753E-15  7.879756300752724E-16 50
 113    2240.00    2260.00  7.016948844769038E-16  3.016349525638616E-16 45
 114    2260.00    2280.00  3.540409451513589E-15  2.229284247658464E-15 46
 115    2280.00    2300.00  1.536692462939722E-14  1.217109745792856E-14 57
 116    2300.00    2320.00  6.965433894514478E-15  4.555503822924171E-15 39
 117    2320.00    2340.00  2.995330195706417E-15  1.670318756102558E-15 43
 118    2340.00    2360.00  2.432919483004640E-15  1.648803400332989E-15 48
 119    2360.00    2380.00  1.903138882132678E-16  1.592982556643167E-16 36
 120    2380.00    2400.00  5.340594183564004E-15  3.524163047441942E-15 48
 121    2400.00    2420.00  2.173209355301306E-15  1.363835912621819E-15 38
 122    2420.00    2440.00  9.181314451211313E-16  5.273021832392423E-16 34
 123    2440.00    2460.00  9.424220708440445E-16  4.029956670954068E-16 41
 124    2460.00    2480.00  3.438676315801010E-15  1.392653974181311E-15 56
 125    2480.00    2500.00  3.758767134353614E-16  1.505391018618805E-16 43
 126    2500.00    2520.00  1.477155858559216E-15  7.702802042715654E-16 33
 127    2520.00    2540.00  8.128658520261659E-16  6.851746510389450E-16 24
 128    2540.00    2560.00  3.504736046459972E-16  1.780140570366057E-16 36
 129    2560.00    2580.00  4.021390812486634E-15  3.447277040615456E-15 27
 130    2580.00    2600.00  3.143556312075641E-15  1.859207263660983E-15 33
 131    2600.00    2620.00  3.007920426233810E-15  2.267938376936345E-15 33
 132    2620.00    2640.00  2.542788502278592E-15  2.447619304430817E-15 40
 133    2640.00    2660.00  3.748042595821031E-16  3.025939898799792E-16 27
 134    2660.00    2680.00  5.966952969834993E-15  4.002611089797043E-15 45
 135    2680.00    2700.00  1.958159610506640E-16  1.081787502372254E-16 34
 136    2700.00    2720.00  4.007271188315063E-16  2.416463331154961E-16 24
 137    2720.00    2740.00  1.581169165749730E-15  8.027997736928038E-16 25
 138    2740.00    2760.00  1.014536976314798E-15  6.722806369073454E-16 29
 139    2760.00    2780.00  2.679441389972545E-16  1.968545481953723E-16 22
 140    2780.00    2800.00  2.413511222542664E-16  1.023369608514372E-16 30
 141    2800.00    2820.00  3.891205895034818E-17  1.330553550043036E-17 29
 142    2820.00    2840.00  8.312731743366300E-16  7.392086454013568E-16 26
 143    2840.00    2860.00  3.755910953036637E-16  3.655147670041807E-16 16
 144    2860.00    2880.00  1.828457701656893E-16  9.760186174111579E-17 30
 145    2880.00    2900.00  3.374332188218379E-16  2.605706844118523E-16 23
 146    2900.00    2920.00  1.277293900942482E-15  1.162039568649710E-15 26
 147    2920.00    2940.00  2.873917727026338E-17  2.092138742126933E-17 19
 148    2940.00    2960.00  2.703332520592876E-16  1.383563706954257E-16 29
 149    2960.00    2980.00  2.961763543647155E-17  2.063178647076724E-17 12
 150    2980.00    3000.00  2.419936913950970E-17  1.494051636897895E-17 12
 151    3000.00    3020.00  3.218887560963548E-17  2.677780793192287E-17 18
 152    3020.00    3040.00  6.610684729506308E-18  2.576984565079705E-18 18
 153    3040.00    3060.00  5.203786359155773E-16  2.937126862586215E-16 27
 154    3060.00    3080.00  8.834018597736394E-17  4.719678959613974E-17 15
 155    3080.00    3100.00  3.280475726196336E-17  2.425236196915288E-17 22
 156    3100.00    3120.00  1.908864909083782E-16  1.344409533956385E-16 17
 157    3120.00    3140.00  6.414465942421845E-16  4.499494688633133E-16 16
 158    3140.00    3160.00  8.067396545934227E-17  4.456538627663974E-17 14
 159    3160.00    3180.00  1.625413994059782E-16  1.165768825751373E-16 22
 160    3180.00    3200.00  3.029582041489777E-16  2.812761527488227E-16 15
 161    3200.00    3220.00  1.224122981453319E-17  6.544704595971692E-18 10
 162    3220.00    3240.00  1.347002136432544E-17  1.119760927987499E-17 7
 163    3240.00    3260.00  1.007268459307094E-16  7.112573268063051E-17 17
 164    3260.00    3280.00  8.596019586867537E-18  5.504866107244664E-18 11
 165    3280.00    3300.00  5.571701277042155E-17  4.902382691577650E-17 15
 166    3300.00    3320.00  3.568193411857084E-15  2.450015796672232E-15 16
 167    3320.00    3340.00  4.151287939831457E-17  4.099901754935743E-17 12
 168    3340.00    3360.00  6.855426871556233E-16  6.246799772351788E-16 14
 169    3360.00    3380.00  4.377858851956177E-19  2.757286148144719E-19 9
 170    3380.00    3400.00  2.672302224781019E-16  2.661351142400765E-16 8
 171    3400.00    3420.00  1.031147352801672E-17  9.807278708154187E-18 8
 172    3420.00    3440.00  2.311192634239418E-17  1.649479279764730E-17 13
 173    3440.00    3460.00  1.271478137069487E-17  1.143770958071019E-17 8
 174    3460.00    3480.00  1.777622162827923E-16  1.343536087986791E-16 12
 175    3480.00    3500.00  6.544185560524735E-19  5.695947580987535E-19 6
 176    3500.00    3520.00  4.881158978679819E-17  3.633343183067608E-17 11
 177    3520.00    3540.00  4.496873912064226E-18  2.804285336761016E-18 13
 178    3540.00    3560.00  1.371504567886918E-18  1.050588734494307E-18 10
 179    3560.00    3580.00  1.167727357143498E-16  9.683112573944445E-17 12
 180    3580.00    3600.00  1.219995070814455E-17  1.071680728127796E-17 11
 181    3600.00    3620.00  1.017906792096836E-18  3.733580781357969E-19 15
 182    3620.00    3640.00  3.340673613718747E-17  2.767608532325892E-17 14
 183    3640.00    3660.00  6.159607381002886E-18  5.572880367960730E-18 11
 184    3660.00    3680.00  2.365065080418174E-17  1.768324670376052E-17 13
 185    3680.00    3700.00  1.975788736702030E-18  1.282486537356112E-18 8
 186    3700.00    3720.00  1.155287996246740E-16  1.147034291362164E-16 10
 187    3720.00    3740.00  1.211037232881628E-16  1.207088779326924E-16 7
 188    3740.00    3760.00  2.662295347122488E-17  2.545394822459664E-17 6
 189    3760.00    3780.00  2.870537250455465E-17  1.952330670288660E-17 12
 190    3780.00    3800.00  9.218192963191953E-16  9.180921793810685E-16 10
 191    3800.00    3820.00  3.291809446317439E-18  3.274515005431948E-18 4
 192    3820.00    3840.00  1.403468381880436E-18  7.824931811511204E-19 10
 193    3840.00    3860.00  7.304991949032457E-18  6.984535360680909E-18 7
 194    3860.00    3880.00  6.716328103307222E-19  5.384480488877187E-19 5
 195    3880.00    3900.00  6.512697479381914E-18  5.191698884110418E-18 10
 196    3900.00    3920.00  2.812824380789596E-16  2.490537976722476E-16 10
 197    3920.00    3940.00  4.317730549586462E-18  4.235517043825898E-18 7
 198    3940.00    3960.00  6.222783616887858E-19  3.984394952287089E-19 7
 199    3960.00    3980.00  6.472386346919704E-16  6.462653757599219E-16 6
 200    3980.00    4000.00  1.312374813156408E-17  9.535388880551455E-18 11
 201    4000.00    4020.00  1.157150884709816E-19  8.513132430044990E-20 8
 202    4020.00    4040.00  8.856280570292169E-19  8.571274308569927E-19 4
 203    4040.00    4060.00  2.172062276895880E-18  1.933834087711502E-18 5
 204    4060.00    4080.00  5.544167942698444E-19  2.914620186192894E-19 8
 205    4080.00    4100.00  1.446819344434657E-18  7.010137794728184E-19 9
 206    4100.00    4120.00  7.939925552886597E-19  3.997556278244403E-19 9
 207    4120.00    4140.00  5.038449786908325E-19  3.917667896991927E-19 6
 208    4140.00    4160.00  4.278311551828049E-18  2.367173293797212E-18 6
 209    4160.00    4180.00  1.624203209790150E-22  1.176774735945472E-22 3
 210    4180.00    4200.00  4.624601579104241E-18  4.558178248827908E-18 6
 211    4200.00    4220.00  2.725426364585369E-18  2.026479237799602E-18 8
 212    4220.00    4240.00  9.608324135676036E-20  7.184168580689225E-20 6
 213    4240.00    4260.00  2.626725301153326E-17  2.576584343359832E-17 5
 214    4260.00    4280.00  8.403468580583444E-19  5.881487658568306E-19 5
 215    4280.00    4300.00  7.877888465778687E-17  7.868245873382074E-17 6
 216    4300.00    4320.00  5.292130541234412E-21  5.292130538640087E-21 1
 217    4320.00    4340.00  3.029434285666302E-18  2.037517279658724E-18 9
 218    4340.00    4360.00  1.289136702308896E-18  8.087647527367086E-19 6
 219    4360.00    4380.00  2.191165812781559E-21  1.328612601793773E-21 3
 220    4380.00    4400.00  1.577881115496049E-19  9.684334204780224E-20 5
 221    4400.00    4420.00  8.639874151711115E-21  7.291235728101156E-21 2
 222    4420.00    4440.00  2.756391120517507E-19  2.285796222902673E-19 2
 223    4440.00    4460.00  4.387022631753210E-18  3.091697863937882E-18 6
 224    4460.00    4480.00  7.494041182812637E-18  7.326670093599197E-18 4
 225    4480.00    4500.00  1.051970396145805E-19  1.051970395630105E-19 1
 226    4500.00    4520.00  1.321544463198455E-19  8.513429190762708E-20 7
 227    4520.00    4540.00  7.723222385725993E-20  5.693631335412594E-20 3
 228    4540.00    4560.00  2.482172321046735E-19  1.790337948031877E-19 7
 229    4560.00    4580.00  1.408763701375994E-18  1.333244705176798E-18 5
 230    4580.00    4600.00  3.002306346111274E-17  2.979155191495633E-17 4
 231    4600.00    4620.00  6.174861331498814E-22  6.174861328471754E-22 1
 232    4620.00    4640.00  0.000000000000000E+00  0.000000000000000E+00 0
 233    4640.00    4660.00  2.158272810436649E-20  2.105683422979024E-20 5
 234    4660.00    4680.00  0.000000000000000E+00  0.000000000000000E+00 0
 235    4680.00    4700.00  2.212583788252778E-19  2.206916454776260E-19 3
 236    4700.00    4720.00  2.568071506478621E-19  2.560330905222407E-19 2
 237    4720.00    4740.00  1.480783427836352E-17  1.469193158794701E-17 5
 238    4740.00    4760.00  3.144967961781362E-17  3.091633165139438E-17 4
 239    4760.00    4780.00  2.394491985619036E-19  2.169544145218179E-19 2
 240    4780.00    4800.00  1.459787221334426E-19  1.276572592131131E-19 6
 241    4800.00    4820.00  5.391086275739699E-21  3.467113998928110E-21 4
 242    4820.00    4840.00  1.156079869128812E-18  1.154349925078520E-18 2
 243    4840.00    4860.00  3.738303796723629E-18  3.558661242143308E-18 6
 244    4860.00    4880.00  3.023155344825682E-20  2.165708429303805E-20 3
 245    4880.00    4900.00  1.177248705750960E-18  8.459229589577311E-19 5
 246    4900.00    4920.00  2.636487052011945E-21  2.237810904240920E-21 2
 247    4920.00    4940.00  6.199644759240143E-21  4.784230148559409E-21 3
 248    4940.00    4960.00  1.606612235616789E-19  1.246886133741124E-19 2
 249    4960.00    4980.00  1.503503191734764E-19  1.419156811568327E-19 2
 250    4980.00    5000.00  4.039890553662726E-20  3.619698557525323E-20 5
 251    5000.00    5020.00  2.056907301333475E-18  2.056711508649546E-18 2
 252    5020.00    5040.00  7.267296761891993E-20  4.290655359476896E-20 3
 253    5040.00    5060.00  3.304548410568094E-20  3.126365516800297E-20 2
 254    5060.00    5080.00  2.673909121411148E-20  2.595098581423795E-20 2
 255    5080.00    5100.00  1.767472439566386E-22  1.767472438699930E-22 1
 256    5100.00    5120.00  4.745149407980460E-20  4.727822297062151E-20 3
 257    5120.00    5140.00  4.674946972531668E-20  3.366342298012349E-20 2
 258    5140.00    5160.00  4.083019640171176E-21  2.316745359778016E-21 5
 259    5160.00    5180.00  2.774445295674672E-20  1.964518447346527E-20 2
 260    5180.00    5200.00  4.145297078141694E-20  4.110981876439873E-20 2
 261    5200.00    5220.00  9.961447150150538E-21  8.208764241664392E-21 2
 262    5220.00    5240.00  9.156460068358209E-21  6.794226354161104E-21 2
 263    5240.00    5260.00  0.000000000000000E+00  0.000000000000000E+00 0
 264    5260.00    5280.00  3.537398711492475E-19  2.501328130947277E-19 3
 265    5280.00    5300.00  2.184047825050346E-22  2.184047823979675E-22 1
 266    5300.00    5320.00  1.228127121564590E-18  1.217787267260061E-18 3
 267    5320.00    5340.00  4.343702177736055E-24  4.343702175606671E-24 1
 268    5340.00    5360.00  1.274110870118902E-18  1.214874455288183E-18 2
 269    5360.00    5380.00  3.303544104480852E-21  3.053874595335357E-21 2
 270    5380.00    5400.00  3.346584568061482E-21  3.346584566420909E-21 1
 271    5400.00    5420.00  2.936403723181017E-20  2.936403721741524E-20 1
 272    5420.00    5440.00  4.163208524473789E-21  4.163208522432887E-21 1
 273    5440.00    5460.00  3.032810990855389E-16  3.025296636922436E-16 3
 274    5460.00    5480.00  0.000000000000000E+00  0.000000000000000E+00 0
 275    5480.00    5500.00  3.862135453884647E-20  3.151367653975196E-20 3
 276    5500.00    5520.00  2.407402139580399E-21  2.081969983611350E-21 2
 277    5520.00    5540.00  4.597885955633062E-21  3.347306732230791E-21 3
 278    5540.00    5560.00  0.000000000000000E+00  0.000000000000000E+00 0
 279    5560.00    5580.00  6.829946832448735E-21  6.829946829100535E-21 1
 280    5580.00    5600.00  3.678176759536564E-21  2.249811360328202E-21 4
 281    5600.00    5620.00  3.194413603751252E-22  3.194413602185276E-22 1
 282    5620.00    5640.00  1.381604372389951E-21  1.381604371712656E-21 1
 283    5640.00    5660.00  2.553628264649299E-20  2.511463758852688E-20 2
 284    5660.00    5680.00  0.000000000000000E+00  0.000000000000000E+00 0
 285    5680.00    5700.00  0.000000000000000E+00  0.000000000000000E+00 0
 286    5700.00    5720.00  2.237410286562061E-20  2.230793161282965E-20 2
 287    5720.00    5740.00  0.000000000000000E+00  0.000000000000000E+00 0
 288    5740.00    5760.00  0.000000000000000E+00  0.000000000000000E+00 0
 289    5760.00    5780.00  3.419205719901801E-21  3.419205718225627E-21 1
 290    5780.00    5800.00  0.000000000000000E+00  0.000000000000000E+00 0
 291    5800.00    5820.00  2.593283404965456E-20  2.185589671378377E-20 2
 292    5820.00    5840.00  1.411313280949874E-21  1.411313280258015E-21 1
 293    5840.00    5860.00  3.784515858300341E-20  3.693908277685928E-20 3
 294    5860.00    5880.00  4.124946597916878E-22  4.124946595894734E-22 1
 295    5880.00    5900.00  2.595679751435672E-23  2.595679750163209E-23 1
 296    5900.00    5920.00  2.420910377710182E-19  2.303274135770902E-19 4
 297    5920.00    5940.00  0.000000000000000E+00  0.000000000000000E+00 0
 298    5940.00    5960.00  2.866496216478182E-24  2.866496215072959E-24 1
 299    5960.00    5980.00  5.091287560718628E-23  5.091287558222760E-23 1
 300    5980.00    6000.00  0.000000000000000E+00  0.000000000000000E+00 0
 301    6000.00    6020.00  2.069365298905609E-22  2.069365297891158E-22 1
 302    6020.00    6040.00  0.000000000000000E+00  0.000000000000000E+00 0
 303    6040.00    6060.00  2.841656526826856E-20  2.410890293782486E-20 3
 304    6060.00    6080.00  0.000000000000000E+00  0.000000000000000E+00 0
 305    6080.00    6100.00  2.275591225851626E-18  2.275591224736078E-18 1
 306    6100.00    6120.00  9.852804866640826E-21  9.852804861810751E-21 1
 307    6120.00    6140.00  3.668713324726705E-20  3.184852117027436E-20 2
 308    6140.00    6160.00  0.000000000000000E+00  0.000000000000000E+00 0
 309    6160.00    6180.00  9.644571873811219E-19  9.644120498484574E-19 2
 310    6180.00    6200.00  3.013153317139817E-21  3.013153315662699E-21 1
 311    6200.00    6220.00  0.000000000000000E+00  0.000000000000000E+00 0
 312    6220.00    6240.00  7.066073516432966E-21  7.066073512969012E-21 1
 313    6240.00    6260.00  0.000000000000000E+00  0.000000000000000E+00 0
 314    6260.00    6280.00  1.285934995148457E-19  1.285934994518062E-19 1
 315    6280.00    6300.00  1.396710156564884E-25  1.396710155880184E-25 1
 316    6300.00    6320.00  0.000000000000000E+00  0.000000000000000E+00 0
 317    6320.00    6340.00  4.027613809136494E-21  2.651066979877289E-21 3
 318    6340.00    6360.00  5.909623023775728E-20  5.909623020878693E-20 1
 319    6360.00    6380.00  0.000000000000000E+00  0.000000000000000E+00 0
 320    6380.00    6400.00  0.000000000000000E+00  0.000000000000000E+00 0
 321    6400.00    6420.00  5.177385397412628E-19  5.177385394874554E-19 1
 322    6420.00    6440.00  0.000000000000000E+00  0.000000000000000E+00 0
 323    6440.00    6460.00  0.000000000000000E+00  0.000000000000000E+00 0
 324    6460.00    6480.00  0.000000000000000E+00  0.000000000000000E+00 0
 325    6480.00    6500.00  8.411190267974346E-21  8.411190263850985E-21 1
 326    6500.00    6520.00  1.086263932630722E-20  1.086263932098210E-20 1
 327    6520.00    6540.00  5.185353944475083E-21  5.185353941933102E-21 1
 328    6540.00    6560.00  0.000000000000000E+00  0.000000000000000E+00 0
 329    6560.00    6580.00  5.838780968700000E-20  5.838780965837694E-20 1
 330    6580.00    6600.00  4.686234721648425E-22  4.686234719351123E-22 1
 331    6600.00    6620.00  0.000000000000000E+00  0.000000000000000E+00 0
 332    6620.00    6640.00  5.057732888330359E-23  5.057732885850940E-23 1
 333    6640.00    6660.00  4.410346758734496E-22  4.410346756572442E-22 1
 334    6660.00    6680.00  0.000000000000000E+00  0.000000000000000E+00 0
 335    6680.00    6700.00  1.100007853848339E-20  1.100007853309090E-20 1
 336    6700.00    6720.00  0.000000000000000E+00  0.000000000000000E+00 0
 337    6720.00    6740.00  0.000000000000000E+00  0.000000000000000E+00 0
 338    6740.00    6760.00  0.000000000000000E+00  0.000000000000000E+00 0
 339    6760.00    6780.00  0.000000000000000E+00  0.000000000000000E+00 0
 340    6780.00    6800.00  0.000000000000000E+00  0.000000000000000E+00 0
 341    6800.00    6820.00  0.000000000000000E+00  0.000000000000000E+00 0
 342    6820.00    6840.00  0.000000000000000E+00  0.000000000000000E+00 0
 343    6840.00    6860.00  0.000000000000000E+00  0.000000000000000E+00 0
 344    6860.00    6880.00  0.000000000000000E+00  0.000000000000000E+00 0
 345    6880.00    6900.00  0.000000000000000E+00  0.000000000000000E+00 0
 346    6900.00    6920.00  0.000000000000000E+00  0.000000000000000E+00 0
 347    6920.00    6940.00  0.000000000000000E+00  0.000000000000000E+00 0
 348    6940.00    6960.00  7.425393659977986E-21  7.425393656337884E-21 1
 349    6960.00    6980.00  7.224673287583008E-23  7.224673284041305E-23 1
 350    6980.00    7000.00  7.473195635302979E-23  7.473195631639445E-23 1
 351    7000.00    7020.00  2.827129466600152E-22  2.827129465214227E-22 1
 352    7020.00    7040.00  0.000000000000000E+00  0.000000000000000E+00 0
 353    7040.00    7060.00  0.000000000000000E+00  0.000000000000000E+00 0
 354    7060.00    7080.00  4.276989008594927E-19  4.258668558433556E-19 2
 355    7080.00    7100.00  0.000000000000000E+00  0.000000000000000E+00 0
 356    7100.00    7120.00  0.000000000000000E+00  0.000000000000000E+00 0
 357    7120.00    7140.00  1.419748784421804E-21  1.419748783725810E-21 1
 358    7140.00    7160.00  1.278302201130083E-22  1.278302200503430E-22 1
 359    7160.00    7180.00  0.000000000000000E+00  0.000000000000000E+00 0
 360    7180.00    7200.00  0.000000000000000E+00  0.000000000000000E+00 0
 361    7200.00    7220.00  5.619122146282454E-21  4.993686218757371E-21 2
 362    7220.00    7240.00  0.000000000000000E+00  0.000000000000000E+00 0
 363    7240.00    7260.00  0.000000000000000E+00  0.000000000000000E+00 0
 364    7260.00    7280.00  0.000000000000000E+00  0.000000000000000E+00 0
 365    7280.00    7300.00  0.000000000000000E+00  0.000000000000000E+00 0
 366    7300.00    7320.00  0.000000000000000E+00  0.000000000000000E+00 0
 367    7320.00    7340.00  0.000000000000000E+00  0.000000000000000E+00 0
 368    7340.00    7360.00  0.000000000000000E+00  0.000000000000000E+00 0
 369    7360.00    7380.00  6.920658017689627E-22  6.920658014296960E-22 1
 370    7380.00    7400.00  0.000000000000000E+00  0.000000000000000E+00 0
 371    7400.00    7420.00  0.000000000000000E+00  0.000000000000000E+00 0
 372    7420.00    7440.00  0.000000000000000E+00  0.000000000000000E+00 0
 373    7440.00    7460.00  0.000000000000000E+00  0.000000000000000E+00 0
 374    7460.00    7480.00  0.000000000000000E+00  0.000000000000000E+00 0
 375    7480.00    7500.00  0.000000000000000E+00  0.000000000000000E+00 0
 376    7500.00    7520.00  0.000000000000000E+00  0.000000000000000E+00 0
 377    7520.00    7540.00  0.000000000000000E+00  0.000000000000000E+00 0
 378    7540.00    7560.00  0.000000000000000E+00  0.000000000000000E+00 0
 379    7560.00    7580.00  0.000000000000000E+00  0.000000000000000E+00 0
 380    7580.00    7600.00  1.147031407073030E-22  1.147031406510729E-22 1
 381    7600.00    7620.00  0.000000000000000E+00  0.000000000000000E+00 0
 382    7620.00    7640.00  0.000000000000000E+00  0.000000000000000E+00 0
 383    7640.00    7660.00  1.991895222198012E-21  1.991895221221539E-21 1
 384    7660.00    7680.00  0.000000000000000E+00  0.000000000000000E+00 0
 385    7680.00    7700.00  0.000000000000000E+00  0.000000000000000E+00 0
 386    7700.00    7720.00  0.000000000000000E+00  0.000000000000000E+00 0
 387    7720.00    7740.00  0.000000000000000E+00  0.000000000000000E+00 0
 388    7740.00    7760.00  0.000000000000000E+00  0.000000000000000E+00 0
 389    7760.00    7780.00  0.000000000000000E+00  0.000000000000000E+00 0
 390    7780.00    7800.00  0.000000000000000E+00  0.000000000000000E+00 0
 391    7800.00    7820.00  0.000000000000000E+00  0.000000000000000E+00 0
 392    7820.00    7840.00  0.000000000000000E+00  0.000000000000000E+00 0
 393    7840.00    7860.00  1.655502671451663E-22  1.655502670640097E-22 1
 394    7860.00    7880.00  0.000000000000000E+00  0.000000000000000E+00 0
 395    7880.00    7900.00  0.000000000000000E+00  0.000000000000000E+00 0
 396    7900.00    7920.00  0.000000000000000E+00  0.000000000000000E+00 0
 397    7920.00    7940.00  0.000000000000000E+00  0.000000000000000E+00 0
 398    7940.00    7960.00  0.000000000000000E+00  0.000000000000000E+00 0
 399    7960.00    7980.00  0.000000000000000E+00  0.000000000000000E+00 0
 400    7980.00    8000.00  0.000000000000000E+00  0.000000000000000E+00 0
 401    8000.00    8020.00  0.000000000000000E+00  0.000000000000000E+00 0
 402    8020.00    8040.00  0.000000000000000E+00  0.000000000000000E+00 0
 403    8040.00    8060.00  0.000000000000000E+00  0.000000000000000E+00 0
 404    8060.00    8080.00  0.000000000000000E+00  0.000000000000000E+00 0
 405    8080.00    8100.00  0.000000000000000E+00  0.000000000000000E+00 0
 406    8100.00    8120.00  0.000000000000000E+00  0.000000000000000E+00 0
 407    8120.00    8140.00  0.000000000000000E+00  0.000000000000000E+00 0
 408    8140.00    8160.00  0.000000000000000E+00  0.000000000000000E+00 0
 409    8160.00    8180.00  0.000000000000000E+00  0.000000000000000E+00 0
 410    8180.00    8200.00  0.000000000000000E+00  0.000000000000000E+00 0
 411    8200.00    8220.00  0.000000000000000E+00  0.000000000000000E+00 0
 412    8220.00    8240.00  0.000000000000000E+00  0.000000000000000E+00 0
 413    8240.00    8260.00  0.000000000000000E+00  0.000000000000000E+00 0
 414    8260.00    8280.00  0.000000000000000E+00  0.000000000000000E+00 0
 415    8280.00    8300.00  0.000000000000000E+00  0.000000000000000E+00 0
 416    8300.00    8320.00  0.000000000000000E+00  0.000000000000000E+00 0
 417    8320.00    8340.00  0.000000000000000E+00  0.000000000000000E+00 0
 418    8340.00    8360.00  0.000000000000000E+00  0.000000000000000E+00 0
 419    8360.00    8380.00  0.000000000000000E+00  0.000000000000000E+00 0
 420    8380.00    8400.00  0.000000000000000E+00  0.000000000000000E+00 0
 421    8400.00    8420.00  1.232914160740308E-22  1.232914160135905E-22 1
 422    8420.00    8440.00  1.193622437977194E-22  1.193622437392052E-22 1
 423    8440.00    8460.00  6.476750664246757E-22  6.476750661071702E-22 1
 424    8460.00    8480.00  0.000000000000000E+00  0.000000000000000E+00 0
 425    8480.00    8500.00  0.000000000000000E+00  0.000000000000000E+00 0
 426    8500.00    8520.00  0.000000000000000E+00  0.000000000000000E+00 0
 427    8520.00    8540.00  0.000000000000000E+00  0.000000000000000E+00 0
 428    8540.00    8560.00  0.000000000000000E+00  0.000000000000000E+00 0
 429    8560.00    8580.00  0.000000000000000E+00  0.000000000000000E+00 0
 430    8580.00    8600.00  0.000000000000000E+00  0.000000000000000E+00 0
 431    8600.00    8620.00  0.000000000000000E+00  0.000000000000000E+00 0
 432    8620.00    8640.00  0.000000000000000E+00  0.000000000000000E+00 0
 433    8640.00    8660.00  0.000000000000000E+00  0.000000000000000E+00 0
 434    8660.00    8680.00  0.000000000000000E+00  0.000000000000000E+00 0
 435    8680.00    8700.00  0.000000000000000E+00  0.000000000000000E+00 0
 436    8700.00    8720.00  0.000000000000000E+00  0.000000000000000E+00 0
 437    8720.00    8740.00  0.000000000000000E+00  0.000000000000000E+00 0
 438    8740.00    8760.00  0.000000000000000E+00  0.000000000000000E+00 0
 439    8760.00    8780.00  0.000000000000000E+00  0.000000000000000E+00 0
 440    8780.00    8800.00  0.000000000000000E+00  0.000000000000000E+00 0
 441    8800.00    8820.00  0.000000000000000E+00  0.000000000000000E+00 0
 442    8820.00    8840.00  0.000000000000000E+00  0.000000000000000E+00 0
 443    8840.00    8860.00  0.000000000000000E+00  0.000000000000000E+00 0
 444    8860.00    8880.00  0.000000000000000E+00  0.000000000000000E+00 0
 445    8880.00    8900.00  0.000000000000000E+00  0.000000000000000E+00 0
 446    8900.00    8920.00  0.000000000000000E+00  0.000000000000000E+00 0
 447    8920.00    8940.00  0.000000000000000E+00  0.000000000000000E+00 0
 448    8940.00    8960.00  0.000000000000000E+00  0.000000000000000E+00 0
 449    8960.00    8980.00  0.000000000000000E+00  0.000000000000000E+00 0
 450    8980.00    9000.00  0.000000000000000E+00  0.000000000000000E+00 0
 451    9000.00    9020.00  0.000000000000000E+00  0.000000000000000E+00 0
 452    9020.00    9040.00  0.000000000000000E+00  0.000000000000000E+00 0
 453    9040.00    9060.00  0.000000000000000E+00  0.000000000000000E+00 0
 454    9060.00    9080.00  0.000000000000000E+00  0.000000000000000E+00 0
 455    9080.00    9100.00  0.000000000000000E+00  0.000000000000000E+00 0
 456    9100.00    9120.00  0.000000000000000E+00  0.000000000000000E+00 0
 457    9120.00    9140.00  0.000000000000000E+00  0.000000000000000E+00 0
 458    9140.00    9160.00  7.384314893170385E-23  7.384314889550422E-23 1
 459    9160.00    9180.00  0.000000000000000E+00  0.000000000000000E+00 0
 460    9180.00    9200.00  1.711671586676037E-21  1.711671585836936E-21 1
 461    9200.00    9220.00  0.000000000000000E+00  0.000000000000000E+00 0
 462    9220.00    9240.00  0.000000000000000E+00  0.000000000000000E+00 0
 463    9240.00    9260.00  0.000000000000000E+00  0.000000000000000E+00 0
 464    9260.00    9280.00  0.000000000000000E+00  0.000000000000000E+00 0
 465    9280.00    9300.00  0.000000000000000E+00  0.000000000000000E+00 0
 466    9300.00    9320.00  0.000000000000000E+00  0.000000000000000E+00 0
 467    9320.00    9340.00  0.000000000000000E+00  0.000000000000000E+00 0
 468    9340.00    9360.00  0.000000000000000E+00  0.000000000000000E+00 0
 469    9360.00    9380.00  0.000000000000000E+00  0.000000000000000E+00 0
 470    9380.00    9400.00  0.000000000000000E+00  0.000000000000000E+00 0
 471    9400.00    9420.00  0.000000000000000E+00  0.000000000000000E+00 0
 472    9420.00    9440.00  0.000000000000000E+00  0.000000000000000E+00 0
 473    9440.00    9460.00  0.000000000000000E+00  0.000000000000000E+00 0
 474    9460.00    9480.00  0.000000000000000E+00  0.000000000000000E+00 0
 475    9480.00    9500.00  0.000000000000000E+00  0.000000000000000E+00 0
 476    9500.00    9520.00  0.000000000000000E+00  0.000000000000000E+00 0
 477    9520.00    9540.00  0.000000000000000E+00  0.000000000000000E+00 0
 478    9540.00    9560.00  0.000000000000000E+00  0.000000000000000E+00 0
 479    9560.00    9580.00  0.000000000000000E+00  0.000000000000000E+00 0
 480    9580.00    9600.00  0.000000000000000E+00  0.000000000000000E+00 0
 481    9600.00    9620.00  0.000000000000000E+00  0.000000000000000E+00 0
 482    9620.00    9640.00  0.000000000000000E+00  0.000000000000000E+00 0
 483    9640.00    9660.00  0.000000000000000E+00  0.000000000000000E+00 0
 484    9660.00    9680.00  0.000000000000000E+00  0.000000000000000E+00 0
 485    9680.00    9700.00  0.000000000000000E+00  0.000000000000000E+00 0
 486    9700.00    9720.00  1.618332011531351E-23  1.618332010738007E-23 1
 487    9720.00    9740.00  0.000000000000000E+00  0.000000000000000E+00 0
 488    9740.00    9760.00  0.000000000000000E+00  0.000000000000000E+00 0
 489    9760.00    9780.00  0.000000000000000E+00  0.000000000000000E+00 0
 490    9780.00    9800.00  0.000000000000000E+00  0.000000000000000E+00 0
 491    9800.00    9820.00  0.000000000000000E+00  0.000000000000000E+00 0
 492    9820.00    9840.00  0.000000000000000E+00  0.000000000000000E+00 0
 493    9840.00    9860.00  0.000000000000000E+00  0.000000000000000E+00 0
 494    9860.00    9880.00  0.000000000000000E+00  0.000000000000000E+00 0
 495    9880.00    9900.00  0.000000000000000E+00  0.000000000000000E+00 0
 496    9900.00    9920.00  0.000000000000000E+00  0.000000000000000E+00 0
 497    9920.00    9940.00  0.000000000000000E+00  0.000000000000000E+00 0
 498    9940.00    9960.00  0.000000000000000E+00  0.000000000000000E+00 0
 499    9960.00    9980.00  0.000000000000000E+00  0.000000000000000E+00 0
 500    9980.00   10000.00  0.000000000000000E+00  0.000000000000000E+00 0
 501   10000.00   10020.00  0.000000000000000E+00  0.000000000000000E+00 0
 502   10020.00   10040.00  0.000000000000000E+00  0.000000000000000E+00 0
 503   10040.00   10060.00  0.000000000000000E+00  0.000000000000000E+00 0
 504   10060.00   10080.00  0.000000000000000E+00  0.000000000000000E+00 0
 505   10080.00   10100.00  0.000000000000000E+00  0.000000000000000E+00 0
 506   10100.00   10120.00  0.000000000000000E+00  0.000000000000000E+00 0
 507   10120.00   10140.00  0.000000000000000E+00  0.000000000000000E+00 0
 508   10140.00   10160.00  0.000000000000000E+00  0.000000000000000E+00 0
 509   10160.00   10180.00  0.000000000000000E+00  0.000000000000000E+00 0
 510   10180.00   10200.00  0.000000000000000E+00  0.000000000000000E+00 0
 511   10200.00   10220.00  0.000000000000000E+00  0.000000000000000E+00 0
 512   10220.00   10240.00  0.000000000000000E+00  0.000000000000000E+00 0
 513   10240.00   10260.00  0.000000000000000E+00  0.000000000000000E+00 0
 514   10260.00   10280.00  0.000000000000000E+00  0.000000000000000E+00 0
 515   10280.00   10300.00  0.000000000000000E+00  0.000000000000000E+00 0
 516   10300.00   10320.00  0.000000000000000E+00  0.000000000000000E+00 0
 517   10320.00   10340.00  0.000000000000000E+00  0.000000000000000E+00 0
 518   10340.00   10360.00  0.000000000000000E+00  0.000000000000000E+00 0
 519   10360.00   10380.00  0.000000000000000E+00  0.000000000000000E+00 0
 520   10380.00   10400.00  0.000000000000000E+00  0.000000000000000E+00 0
 521   10400.00   10420.00  0.000000000000000E+00  0.000000000000000E+00 0
 522   10420.00   10440.00  0.000000000000000E+00  0.000000000000000E+00 0
 523   10440.00   10460.00  0.000000000000000E+00  0.000000000000000E+00 0
 524   10460.00   10480.00  0.000000000000000E+00  0.000000000000000E+00 0
 525   10480.00   10500.00  0.000000000000000E+00  0.000000000000000E+00 0
 526   10500.00   10520.00  0.000000000000000E+00  0.000000000000000E+00 0
 527   10520.00   10540.00  0.000000000000000E+00  0.000000000000000E+00 0
 528   10540.00   10560.00  0.000000000000000E+00  0.000000000000000E+00 0
 529   10560.00   10580.00  0.000000000000000E+00  0.000000000000000E+00 0
 530   10580.00   10600.00  0.000000000000000E+00  0.000000000000000E+00 0
 531   10600.00   10620.00  0.000000000000000E+00  0.000000000000000E+00 0
 532   10620.00   10640.00  0.000000000000000E+00  0.000000000000000E+00 0
 533   10640.00   10660.00  0.000000000000000E+00  0.000000000000000E+00 0
 534   10660.00   10680.00  0.000000000000000E+00  0.000000000000000E+00 0
 535   10680.00   10700.00  0.000000000000000E+00  0.000000000000000E+00 0
 536   10700.00   10720.00  0.000000000000000E+00  0.000000000000000E+00 0
 537   10720.00   10740.00  0.000000000000000E+00  0.000000000000000E+00 0
 538   10740.00   10760.00  0.000000000000000E+00  0.000000000000000E+00 0
 539   10760.00   10780.00  0.000000000000000E+00  0.000000000000000E+00 0
 540   10780.00   10800.00  0.000000000000000E+00  0.000000000000000E+00 0
 541   10800.00   10820.00  0.000000000000000E+00  0.000000000000000E+00 0
 542   10820.00   10840.00  0.000000000000000E+00  0.000000000000000E+00 0
 543   10840.00   10860.00  0.000000000000000E+00  0.000000000000000E+00 0
 544   10860.00   10880.00  0.000000000000000E+00  0.000000000000000E+00 0
 545   10880.00   10900.00  0.000000000000000E+00  0.000000000000000E+00 0
 546   10900.00   10920.00  0.000000000000000E+00  0.000000000000000E+00 0
 547   10920.00   10940.00  0.000000000000000E+00  0.000000000000000E+00 0
 548   10940.00   10960.00  0.000000000000000E+00  0.000000000000000E+00 0
 549   10960.00   10980.00  0.000000000000000E+00  0.000000000000000E+00 0
 550   10980.00   11000.00  0.000000000000000E+00  0.000000000000000E+00 0
 551   11000.00   11020.00  0.000000000000000E+00  0.000000000000000E+00 0
 552   11020.00   11040.00  0.000000000000000E+00  0.000000000000000E+00 0
 553   11040.00   11060.00  0.000000000000000E+00  0.000000000000000E+00 0
 554   11060.00   11080.00  0.000000000000000E+00  0.000000000000000E+00 0
 555   11080.00   11100.00  0.000000000000000E+00  0.000000000000000E+00 0
 556   11100.00   11120.00  0.000000000000000E+00  0.000000000000000E+00 0
 557   11120.00   11140.00  0.000000000000000E+00  0.000000000000000E+00 0
 558   11140.00   11160.00  0.000000000000000E+00  0.000000000000000E+00 0
 559   11160.00   11180.00  0.000000000000000E+00  0.000000000000000E+00 0
 560   11180.00   11200.00  0.000000000000000E+00  0.000000000000000E+00 0
 561   11200.00   11220.00  0.000000000000000E+00  0.000000000000000E+00 0
 562   11220.00   11240.00  0.000000000000000E+00  0.000000000000000E+00 0
 563   11240.00   11260.00  0.000000000000000E+00  0.000000000000000E+00 0
 564   11260.00   11280.00  0.000000000000000E+00  0.000000000000000E+00 0
 565   11280.00   11300.00  0.000000000000000E+00  0.000000000000000E+00 0
 566   11300.00   11320.00  0.000000000000000E+00  0.000000000000000E+00 0
 567   11320.00   11340.00  0.000000000000000E+00  0.000000000000000E+00 0
 568   11340.00   11360.00  0.000000000000000E+00  0.000000000000000E+00 0
 569   11360.00   11380.00  0.000000000000000E+00  0.000000000000000E+00 0
 570   11380.00   11400.00  0.000000000000000E+00  0.000000000000000E+00 0
 571   11400.00   11420.00  0.000000000000000E+00  0.000000000000000E+00 0
 572   11420.00   11440.00  0.000000000000000E+00  0.000000000000000E+00 0
 573   11440.00   11460.00  0.000000000000000E+00  0.000000000000000E+00 0
 574   11460.00   11480.00  0.000000000000000E+00  0.000000000000000E+00 0
 575   11480.00   11500.00  0.000000000000000E+00  0.000000000000000E+00 0
 576   11500.00   11520.00  0.000000000000000E+00  0.000000000000000E+00 0
 577   11520.00   11540.00  0.000000000000000E+00  0.000000000000000E+00 0
 578   11540.00   11560.00  0.000000000000000E+00  0.000000000000000E+00 0
 579   11560.00   11580.00  0.000000000000000E+00  0.000000000000000E+00 0
 580   11580.00   11600.00  0.000000000000000E+00  0.000000000000000E+00 0
 581   11600.00   11620.00  0.000000000000000E+00  0.000000000000000E+00 0
 582   11620.00   11640.00  0.000000000000000E+00  0.000000000000000E+00 0
 583   11640.00   11660.00  0.000000000000000E+00  0.000000000000000E+00 0
 584   11660.00   11680.00  0.000000000000000E+00  0.000000000000000E+00 0
 585   11680.00   11700.00  0.000000000000000E+00  0.000000000000000E+00 0
 586   11700.00   11720.00  0.000000000000000E+00  0.000000000000000E+00 0
 587   11720.00   11740.00  0.000000000000000E+00  0.000000000000000E+00 0
 588   11740.00   11760.00  0.000000000000000E+00  0.000000000000000E+00 0
 589   11760.00   11780.00  0.000000000000000E+00  0.000000000000000E+00 0
 590   11780.00   11800.00  0.000000000000000E+00  0.000000000000000E+00 0
 591   11800.00   11820.00  0.000000000000000E+00  0.000000000000000E+00 0
 592   11820.00   11840.00  0.000000000000000E+00  0.000000000000000E+00 0
 593   11840.00   11860.00  0.000000000000000E+00  0.000000000000000E+00 0
 594   11860.00   11880.00  0.000000000000000E+00  0.000000000000000E+00 0
 595   11880.00   11900.00  0.000000000000000E+00  0.000000000000000E+00 0
 596   11900.00   11920.00  0.000000000000000E+00  0.000000000000000E+00 0
 597   11920.00   11940.00  0.000000000000000E+00  0.000000000000000E+00 0
 598   11940.00   11960.00  0.000000000000000E+00  0.000000000000000E+00 0
 599   11960.00   11980.00  0.000000000000000E+00  0.000000000000000E+00 0
 600   11980.00   12000.00  0.000000000000000E+00  0.000000000000000E+00 0
 601   12000.00   12020.00  0.000000000000000E+00  0.000000000000000E+00 0
 602   12020.00   12040.00  0.000000000000000E+00  0.000000000000000E+00 0
 603   12040.00   12060.00  0.000000000000000E+00  0.000000000000000E+00 0
 604   12060.00   12080.00  0.000000000000000E+00  0.000000000000000E+00 0
 605   12080.00   12100.00  0.000000000000000E+00  0.000000000000000E+00 0
 606   12100.00   12120.00  0.000000000000000E+00  0.000000000000000E+00 0
 607   12120.00   12140.00  0.000000000000000E+00  0.000000000000000E+00 0
 608   12140.00   12160.00  0.000000000000000E+00  0.000000000000000E+00 0
 609   12160.00   12180.00  0.000000000000000E+00  0.000000000000000E+00 0
 610   12180.00   12200.00  0.000000000000000E+00  0.000000000000000E+00 0
 611   12200.00   12220.00  0.000000000000000E+00  0.000000000000000E+00 0
 612   12220.00   12240.00  0.000000000000000E+00  0.000000000000000E+00 0
 613   12240.00   12260.00  0.000000000000000E+00  0.000000000000000E+00 0
 614   12260.00   12280.00  0.000000000000000E+00  0.000000000000000E+00 0
 615   12280.00   12300.00  0.000000000000000E+00  0.000000000000000E+00 0
 616   12300.00   12320.00  0.000000000000000E+00  0.000000000000000E+00 0
 617   12320.00   12340.00  0.000000000000000E+00  0.000000000000000E+00 0
 618   12340.00   12360.00  0.000000000000000E+00  0.000000000000000E+00 0
 619   12360.00   12380.00  0.000000000000000E+00  0.000000000000000E+00 0
 620   12380.00   12400.00  0.000000000000000E+00  0.000000000000000E+00 0
 621   12400.00   12420.00  0.000000000000000E+00  0.000000000000000E+00 0
 622   12420.00   12440.00  0.000000000000000E+00  0.000000000000000E+00 0
 623   12440.00   12460.00  0.000000000000000E+00  0.000000000000000E+00 0
 624   12460.00   12480.00  0.000000000000000E+00  0.000000000000000E+00 0
 625   12480.00   12500.00  0.000000000000000E+00  0.000000000000000E+00 0
 626   12500.00   12520.00  0.000000000000000E+00  0.000000000000000E+00 0
 627   12520.00   12540.00  0.000000000000000E+00  0.000000000000000E+00 0
 628   12540.00   12560.00  0.000000000000000E+00  0.000000000000000E+00 0
 629   12560.00   12580.00  0.000000000000000E+00  0.000000000000000E+00 0
 630   12580.00   12600.00  0.000000000000000E+00  0.000000000000000E+00 0
 631   12600.00   12620.00  0.000000000000000E+00  0.000000000000000E+00 0
 632   12620.00   12640.00  0.000000000000000E+00  0.000000000000000E+00 0
 633   12640.00   12660.00  0.000000000000000E+00  0.000000000000000E+00 0
 634   12660.00   12680.00  0.000000000000000E+00  0.000000000000000E+00 0
 635   12680.00   12700.00  0.000000000000000E+00  0.000000000000000E+00 0
 636   12700.00   12720.00  0.000000000000000E+00  0.000000000000000E+00 0
 637   12720.00   12740.00  0.000000000000000E+00  0.000000000000000E+00 0
 638   12740.00   12760.00  0.000000000000000E+00  0.000000000000000E+00 0
 639   12760.00   12780.00  0.000000000000000E+00  0.000000000000000E+00 0
 640   12780.00   12800.00  0.000000000000000E+00  0.000000000000000E+00 0
 641   12800.00   12820.00  0.000000000000000E+00  0.000000000000000E+00 0
 642   12820.00   12840.00  0.000000000000000E+00  0.000000000000000E+00 0
 643   12840.00   12860.00  0.000000000000000E+00  0.000000000000000E+00 0
 644   12860.00   12880.00  0.000000000000000E+00  0.000000000000000E+00 0
 645   12880.00   12900.00  0.000000000000000E+00  0.000000000000000E+00 0
 646   12900.00   12920.00  0.000000000000000E+00  0.000000000000000E+00 0
 647   12920.00   12940.00  0.000000000000000E+00  0.000000000000000E+00 0
 648   12940.00   12960.00  0.000000000000000E+00  0.000000000000000E+00 0
 649   12960.00   12980.00  0.000000000000000E+00  0.000000000000000E+00 0
 650   12980.00   13000.00  0.000000000000000E+00  0.000000000000000E+00 0
# Underflow:                 0.0000000000000000E+00  0.0000000000000000E+00 0
# Overflow:                  0.0000000000000000E+00  0.0000000000000000E+00 0
#-------------------------------------------------------------------------------------
# Sum:                       2.9156447920296487E-04  1.2074556575169793E-07 84479000
#=====================================================================================
