# title = Azimuthal Angle between two jets
# xlabel = $\phi_{\text{j}_1\text{j}_2}\,$[$^{\circ}$]
# ylabel = $\frac{\text{d}\sigma}{\text{d}\phi_{\text{j}_1\text{j}_2}}\,\left[\frac{\text{fb}}{\text{$^{\circ}$}}\right]$
# xmin=  0.000E+00
# xmax=  3.142E+00
# ymin=  1.000E-01
# ymax=  2.000E-01
# kmin=  0.000E+00
# kmax=  1.000E+01
# logscale = false
# Renormalization and factorization scale scaled by: 1.0000000000
# Renormalization scaled by: 1.0000000000
# Number of generated events: 1240551489
#	#	#
#=====================================================================================	#=====================================================================================	#=====================================================================================
# No.       Left      Right                   Value                   Error Hits
#-------------------------------------------------------------------------------------	#-------------------------------------------------------------------------------------	#-------------------------------------------------------------------------------------
   1       0.00       0.08  8.728144641285992E-05  2.674025931251132E-07 1349391	   1       0.00       0.08  8.163771859431337E-05  2.507901751069836E-07 1349391	   1       0.00       0.08  9.335694996358030E-05  2.852164111234595E-07 1349391
   2       0.08       0.16  8.814394339254580E-05  2.671800454303438E-07 1351415	   2       0.08       0.16  8.245034589945332E-05  2.506183090045677E-07 1351415	   2       0.08       0.16  9.427096053609336E-05  2.849449541519012E-07 1351415
   3       0.16       0.24  8.946304320295988E-05  2.712945497541591E-07 1354272	   3       0.16       0.24  8.371532385160197E-05  2.548788110976750E-07 1354272	   3       0.16       0.24  9.563904872539625E-05  2.887629286583939E-07 1354272
   4       0.24       0.31  9.170693440021221E-05  2.795281430941397E-07 1360453	   4       0.24       0.31  8.580284394141940E-05  2.623882189087502E-07 1360453	   4       0.24       0.31  9.805526972602850E-05  2.978531931684679E-07 1360453
   5       0.31       0.39  9.331827503479139E-05  2.851509233612826E-07 1360742	   5       0.31       0.39  8.734204954207851E-05  2.677507947052408E-07 1360742	   5       0.31       0.39  9.973633474488614E-05  3.037524374963775E-07 1360742
   6       0.39       0.47  9.591073144918451E-05  2.960028491803119E-07 1367970	   6       0.39       0.47  8.977437974332579E-05  2.778075711839958E-07 1367970	   6       0.39       0.47  1.024993656288323E-04  3.154827218909968E-07 1367970
   7       0.47       0.55  1.002398844890331E-04  3.078600889282576E-07 1375411	   7       0.47       0.55  9.386921560391973E-05  2.892786215473399E-07 1375411	   7       0.47       0.55  1.070702574551816E-04  3.276677261943031E-07 1375411
   8       0.55       0.63  1.046028764625016E-04  3.220418722868859E-07 1384391	   8       0.55       0.63  9.798639790080088E-05  3.027578897535449E-07 1384391	   8       0.55       0.63  1.116881555464428E-04  3.425325743896540E-07 1384391
   9       0.63       0.71  1.084811531449333E-04  3.372323854331744E-07 1393768	   9       0.63       0.71  1.016693357087998E-04  3.172912877375091E-07 1393768	   9       0.63       0.71  1.157642498702570E-04  3.583655623944180E-07 1393768
  10       0.71       0.79  1.146642878583772E-04  3.527285960534711E-07 1406496	  10       0.71       0.79  1.075068201750217E-04  3.318265982961369E-07 1406496	  10       0.71       0.79  1.223047077390735E-04  3.748888580926293E-07 1406496
  11       0.79       0.86  1.211663949577438E-04  3.722653675080940E-07 1416805	  11       0.79       0.86  1.136388757026465E-04  3.504344448327193E-07 1416805	  11       0.79       0.86  1.291940360719435E-04  3.953795931359869E-07 1416805
  12       0.86       0.94  1.289234970665903E-04  3.992116300347028E-07 1430232	  12       0.86       0.94  1.209845942329054E-04  3.762686527955598E-07 1430232	  12       0.86       0.94  1.373709936010909E-04  4.233350872284163E-07 1430232
  13       0.94       1.02  1.379466571920643E-04  4.284488659203807E-07 1446811	  13       0.94       1.02  1.295295656451341E-04  4.043924114152606E-07 1446811	  13       0.94       1.02  1.468852608315467E-04  4.536766001476715E-07 1446811
  14       1.02       1.10  1.463710589135357E-04  4.438850815172093E-07 1461905	  14       1.02       1.10  1.375068995675951E-04  4.189526276300462E-07 1461905	  14       1.02       1.10  1.557678648228512E-04  4.700367011643213E-07 1461905
  15       1.10       1.18  1.573092492943440E-04  4.984728721914121E-07 1479958	  15       1.10       1.18  1.478044821312625E-04  4.697499934902787E-07 1479958	  15       1.10       1.18  1.673778969534325E-04  5.287167254263555E-07 1479958
  16       1.18       1.26  1.692860539484512E-04  5.190580881037778E-07 1500723	  16       1.18       1.26  1.592054791078175E-04  4.903522186272111E-07 1500723	  16       1.18       1.26  1.799269178045701E-04  5.490338593274097E-07 1500723
  17       1.26       1.33  1.824662006325909E-04  5.598651678501279E-07 1521235	  17       1.26       1.33  1.716732392704630E-04  5.288865624088914E-07 1521235	  17       1.26       1.33  1.938376112525982E-04  5.922041459483206E-07 1521235
  18       1.33       1.41  1.964911066387528E-04  5.990449893168047E-07 1546545	  18       1.33       1.41  1.849472478967630E-04  5.661692402584434E-07 1546545	  18       1.33       1.41  2.086372621744747E-04  6.333392166747678E-07 1546545
  19       1.41       1.49  2.132723323380836E-04  6.524943882499004E-07 1573652	  19       1.41       1.49  2.008339601485218E-04  6.174400615572098E-07 1573652	  19       1.41       1.49  2.263392247794486E-04  6.888752401361032E-07 1573652
  20       1.49       1.57  2.319842890551033E-04  7.139235616045338E-07 1598810	  20       1.49       1.57  2.185591251027189E-04  6.756465263293622E-07 1598810	  20       1.49       1.57  2.460590432038269E-04  7.536295182707038E-07 1598810
  21       1.57       1.65  2.524880060014962E-04  7.875156153745761E-07 1632745	  21       1.57       1.65  2.379900199849789E-04  7.442004269071664E-07 1632745	  21       1.57       1.65  2.676554796990791E-04  8.326341296903824E-07 1632745
  22       1.65       1.73  2.724863803436003E-04  8.257862703101746E-07 1665324	  22       1.65       1.73  2.570053392251754E-04  7.824910607064885E-07 1665324	  22       1.65       1.73  2.886444201376940E-04  8.704585248038856E-07 1665324
  23       1.73       1.81  2.972460975151142E-04  9.130965085660449E-07 1700182	  23       1.73       1.81  2.803941728044980E-04  8.629234463902545E-07 1700182	  23       1.73       1.81  3.148246789637273E-04  9.657297958929369E-07 1700182
  24       1.81       1.89  3.228847375790716E-04  9.747203773228427E-07 1738575	  24       1.81       1.89  3.047150417343612E-04  9.235817395883925E-07 1738575	  24       1.81       1.89  3.418039083397385E-04  1.027511720460934E-06 1738575
  25       1.89       1.96  3.524124529374519E-04  1.072861128638334E-06 1781822	  25       1.89       1.96  3.327389087775042E-04  1.017166430763610E-06 1781822	  25       1.89       1.96  3.728542179092870E-04  1.130017990612737E-06 1781822
  26       1.96       2.04  3.800845489296803E-04  1.143080562526063E-06 1826694	  26       1.96       2.04  3.589940765363643E-04  1.082823460783162E-06 1826694	  26       1.96       2.04  4.019713065472556E-04  1.205260222712571E-06 1826694
  27       2.04       2.12  4.136802064050314E-04  1.232678684535260E-06 1879404	  27       2.04       2.12  3.908666928413023E-04  1.168555998870370E-06 1879404	  27       2.04       2.12  4.373234225344500E-04  1.298908177940761E-06 1879404
  28       2.12       2.20  4.524347834486598E-04  1.325791835159144E-06 1935748	  28       2.12       2.20  4.276529642784088E-04  1.257432127813900E-06 1935748	  28       2.12       2.20  4.780662806520310E-04  1.396010762582602E-06 1935748
  29       2.20       2.28  4.898339696160172E-04  1.447480318405085E-06 1996020	  29       2.20       2.28  4.631085789889588E-04  1.373362895771333E-06 1996020	  29       2.20       2.28  5.174628539936760E-04  1.523784516429722E-06 1996020
  30       2.28       2.36  5.311479058027000E-04  1.529344176530671E-06 2064226	  30       2.28       2.36  5.022121937247619E-04  1.450966530750486E-06 2064226	  30       2.28       2.36  5.610493033393315E-04  1.609790126582906E-06 2064226
  31       2.36       2.44  5.763647225870234E-04  1.654435066657067E-06 2132564	  31       2.36       2.44  5.451612824857766E-04  1.569884590164420E-06 2132564	  31       2.36       2.44  6.085525155581552E-04  1.741151884870369E-06 2132564
  32       2.44       2.51  6.195303795610617E-04  1.767963785408582E-06 2214414	  32       2.44       2.51  5.860314191398861E-04  1.677824278429497E-06 2214414	  32       2.44       2.51  6.540837616621358E-04  1.860170193811778E-06 2214414
  33       2.51       2.59  6.712545789743401E-04  1.895744971905219E-06 2307163	  33       2.51       2.59  6.351031258318297E-04  1.798577424836043E-06 2307163	  33       2.51       2.59  7.085036004644984E-04  1.995423397050963E-06 2307163
  34       2.59       2.67  7.195420098212787E-04  1.999104199385683E-06 2408219	  34       2.59       2.67  6.808535164943727E-04  1.896715000818555E-06 2408219	  34       2.59       2.67  7.594027434251986E-04  2.104189544783701E-06 2408219
  35       2.67       2.75  7.690956244333449E-04  2.143094261018972E-06 2524045	  35       2.67       2.75  7.278444762729058E-04  2.032864876880806E-06 2524045	  35       2.67       2.75  8.115727760130662E-04  2.256301853919717E-06 2524045
  36       2.75       2.83  8.206777920832656E-04  2.279216926710423E-06 2648299	  36       2.75       2.83  7.766013202615095E-04  2.162039818128664E-06 2648299	  36       2.75       2.83  8.660766150231516E-04  2.399439672231047E-06 2648299
  37       2.83       2.91  8.651166472237598E-04  2.347764874666025E-06 2800959	  37       2.83       2.91  8.185176674062299E-04  2.226225054247855E-06 2800959	  37       2.83       2.91  9.131637087100446E-04  2.472770965923864E-06 2800959
  38       2.91       2.98  8.964609956210761E-04  2.405445399765902E-06 2966540	  38       2.91       2.98  8.479842717178882E-04  2.280820910005644E-06 2966540	  38       2.91       2.98  9.465063504820540E-04  2.534012944931044E-06 2966540
  39       2.98       3.06  9.258995598589644E-04  2.481151270529646E-06 3165937	  39       2.98       3.06  8.756473996177727E-04  2.350053048860745E-06 3165937	  39       2.98       3.06  9.778344180103259E-04  2.617087878244166E-06 3165937
  40       3.06       3.14  9.416480943404013E-04  2.479403976403380E-06 3409135	  40       3.06       3.14  8.904349876852784E-04  2.348570661729100E-06 3409135	  40       3.06       3.14  9.945973811798273E-04  2.614662887557681E-06 3409135
# Underflow:                 0.0000000000000000E+00  0.0000000000000000E+00 0
# Overflow:                  0.0000000000000000E+00  0.0000000000000000E+00 0
#-------------------------------------------------------------------------------------	#-------------------------------------------------------------------------------------	#-------------------------------------------------------------------------------------
# Sum:                       1.1175680937500049E-03  6.2734490024099733E-07 73479000
#=====================================================================================	#=====================================================================================	#=====================================================================================
