# title = Transverse Momentum Electron
# xlabel = $p_{\text{T},\text{e}^-}\,$[GeV]
# ylabel = $\frac{\text{d}\sigma}{\text{d}p_{\text{T},\text{e}^-}}\,\left[\frac{\text{fb}}{\text{GeV}}\right]$
# xmin=  0.000E+00
# xmax=  8.000E+02
# ymin=  1.000E-06
# ymax=  1.000E-02
# kmin=  0.000E+00
# kmax=  1.000E+02
# logscale = true
# Renormalization and factorization scale scaled by: 1.0000000000
# Renormalization scaled by: 1.0000000000
# Number of generated events: 80542
#
#=====================================================================================
# No.       Left      Right                   Value                   Error Hits
#-------------------------------------------------------------------------------------
   1       0.00      20.00  0.000000000000000E+00  0.000000000000000E+00 0
   2      20.00      40.00  4.279943165888021E-05  6.513725932724608E-08 203072722
   3      40.00      60.00  4.452014203654062E-05  6.679438900935491E-08 160341186
   4      60.00      80.00  3.578856155372451E-05  6.141475697181818E-08 106026690
   5      80.00     100.00  2.663233969683530E-05  5.528150807496304E-08 75425887
   6     100.00     120.00  1.924796653276797E-05  4.725275538564076E-08 56216196
   7     120.00     140.00  1.381022490395008E-05  4.035623046079834E-08 43335338
   8     140.00     160.00  9.999394779597542E-06  3.638964025061071E-08 34308482
   9     160.00     180.00  7.163212556968434E-06  3.026582507860538E-08 27721850
  10     180.00     200.00  5.119598946050679E-06  2.628450315845305E-08 22789289
  11     200.00     220.00  3.673688758297005E-06  2.268698239854247E-08 19015715
  12     220.00     240.00  2.676469997615186E-06  2.055701805253533E-08 16052653
  13     240.00     260.00  1.925207547904215E-06  1.753282543145914E-08 13697565
  14     260.00     280.00  1.385978704218040E-06  1.555719775515003E-08 11780697
  15     280.00     300.00  1.009632126856310E-06  1.367725576981339E-08 10228535
  16     300.00     320.00  7.269658363723533E-07  1.196617033744104E-08 8929329
  17     320.00     340.00  5.244955693011421E-07  1.058400676381866E-08 7856168
  18     340.00     360.00  3.986496514556096E-07  9.481760259615777E-09 6937322
  19     360.00     380.00  2.976439963314420E-07  8.382711534443182E-09 6161018
  20     380.00     400.00  2.066152344103393E-07  7.388795387962662E-09 5497958
  21     400.00     420.00  1.541178136644945E-07  6.987021295752670E-09 4924346
  22     420.00     440.00  1.179599070883082E-07  5.841311916430395E-09 4429183
  23     440.00     460.00  7.965310970273190E-08  5.277922021547135E-09 3993293
  24     460.00     480.00  5.868947329829728E-08  4.573299934895244E-09 3617001
  25     480.00     500.00  4.614191611027952E-08  4.388920007923440E-09 3278982
  26     500.00     520.00  3.146627741099179E-08  3.640029931551219E-09 2987797
  27     520.00     540.00  1.870020602003265E-08  3.477430680057952E-09 2720206
  28     540.00     560.00  1.349592708972950E-08  3.088317816982429E-09 2489664
  29     560.00     580.00  1.150014559028533E-08  2.748480711585122E-09 2280407
  30     580.00     600.00  8.930488056297411E-09  2.460665714220912E-09 2094274
  31     600.00     620.00  2.916774963502967E-09  2.194793056953720E-09 1925802
  32     620.00     640.00 -1.279264487859765E-10  1.844285992391702E-09 1774542
  33     640.00     660.00 -3.184928053586290E-09  1.784876905215098E-09 1637645
  34     660.00     680.00 -2.701849571468857E-09  1.629406859467446E-09 1513489
  35     680.00     700.00 -7.489079780442236E-10  1.333053501520433E-09 1400598
  36     700.00     720.00 -4.946329406870226E-10  1.287025329756380E-09 1300110
  37     720.00     740.00 -2.840580291119855E-09  1.115274508424582E-09 1205628
  38     740.00     760.00 -2.964050283753314E-09  1.117647450273225E-09 1119891
  39     760.00     780.00 -3.986202669319113E-09  9.472466033607622E-10 1042941
  40     780.00     800.00 -2.360163704115443E-09  8.712196123640888E-10 970590
  41     800.00     820.00  1.392826393545115E-10  8.822483470406209E-10 906746
  42     820.00     840.00 -2.529879524268802E-09  6.399200183080958E-10 846224
  43     840.00     860.00 -1.411731954975794E-09  6.308619783491356E-10 791189
  44     860.00     880.00 -2.834073561681310E-09  5.557134941559834E-10 740182
  45     880.00     900.00 -1.413207012036422E-09  5.390510432570123E-10 693885
  46     900.00     920.00 -1.022089120291698E-09  4.673803927092585E-10 649008
  47     920.00     940.00 -1.317169223344470E-09  4.200973541798931E-10 608365
  48     940.00     960.00 -2.218992053454582E-09  3.695625478732291E-10 571750
  49     960.00     980.00 -1.669412141482139E-09  4.053279911123236E-10 538200
  50     980.00    1000.00 -1.007446564822478E-09  3.533793929086553E-10 504478
  51    1000.00    1020.00 -8.802729136413912E-10  2.988773630993349E-10 474018
  52    1020.00    1040.00 -4.740555589231697E-10  2.605268808919159E-10 447984
  53    1040.00    1060.00 -6.221539401798624E-10  2.533182222323028E-10 421788
  54    1060.00    1080.00 -7.461618835933322E-10  1.956167447948945E-10 396489
  55    1080.00    1100.00 -4.289647204037849E-10  2.120286780195508E-10 375246
  56    1100.00    1120.00 -2.700398395086675E-10  2.232850503238370E-10 353458
  57    1120.00    1140.00 -3.140247641788795E-10  1.739189532024718E-10 333607
  58    1140.00    1160.00 -4.315714688883924E-10  1.653150385348484E-10 315625
  59    1160.00    1180.00 -5.559341281781761E-10  1.481355670183641E-10 299197
  60    1180.00    1200.00 -4.083832098345510E-10  1.359238261867908E-10 282080
  61    1200.00    1220.00 -3.024889770046511E-10  1.294732329692782E-10 267543
  62    1220.00    1240.00 -3.042442324243799E-10  1.118513472962468E-10 253459
  63    1240.00    1260.00 -4.154327732269587E-10  1.035935459454219E-10 239717
  64    1260.00    1280.00 -2.387723644349090E-10  1.040268743542078E-10 226945
  65    1280.00    1300.00 -2.112904632593467E-10  7.800891182157469E-11 214926
  66    1300.00    1320.00 -1.068321686136009E-10  8.842104116004066E-11 204305
  67    1320.00    1340.00 -1.819912573485109E-10  6.271477104609373E-11 193649
  68    1340.00    1360.00 -2.337246577119400E-10  6.221509987359659E-11 184694
  69    1360.00    1380.00 -2.256838313342907E-10  5.021387366030198E-11 174608
  70    1380.00    1400.00 -1.703309118881727E-10  5.855790045058357E-11 166041
  71    1400.00    1420.00 -8.553094658877309E-11  4.663528790122369E-11 157972
  72    1420.00    1440.00 -8.607695219500845E-11  3.787651254800635E-11 150848
  73    1440.00    1460.00 -5.030290728069638E-11  4.122114421039598E-11 142189
  74    1460.00    1480.00 -6.427666951775086E-11  4.225106861913854E-11 135744
  75    1480.00    1500.00 -8.984079648914991E-11  3.169645133046552E-11 129318
  76    1500.00    1520.00 -5.449061858984773E-11  3.133794723118859E-11 123195
  77    1520.00    1540.00 -8.286338813732973E-11  3.331109563024155E-11 117112
  78    1540.00    1560.00 -4.338599026177366E-11  2.107588470618626E-11 112124
  79    1560.00    1580.00 -5.271098976970220E-11  2.620928449142989E-11 105897
  80    1580.00    1600.00 -6.055282109098960E-11  2.006517189811109E-11 101156
  81    1600.00    1620.00 -4.297891483884283E-11  2.094779376560277E-11 96438
  82    1620.00    1640.00 -1.889190223003183E-11  2.043797968100172E-11 92344
  83    1640.00    1660.00 -1.849970771971781E-11  2.210474166900525E-11 88660
  84    1660.00    1680.00 -2.947317199828770E-11  1.323244661684826E-11 83949
  85    1680.00    1700.00 -8.035768250702828E-12  2.658291363870246E-11 80108
  86    1700.00    1720.00  1.778870598717652E-11  1.316486132227880E-11 76740
  87    1720.00    1740.00 -5.557268518096807E-12  1.106125693169849E-11 72661
  88    1740.00    1760.00 -2.280884595754061E-11  1.012960325388186E-11 70142
  89    1760.00    1780.00 -2.023689181102369E-11  9.845878342230057E-12 67000
  90    1780.00    1800.00 -7.290350427975769E-12  7.327692074005910E-12 63452
  91    1800.00    1820.00 -1.403447688969864E-11  7.408469865582400E-12 60772
  92    1820.00    1840.00 -7.047587814538730E-12  5.838234039017864E-12 58335
  93    1840.00    1860.00 -5.370634026130678E-12  7.624684415525007E-12 55722
  94    1860.00    1880.00 -5.253431331229616E-12  6.608674269250765E-12 52807
  95    1880.00    1900.00  1.502866927153913E-12  5.535192521330083E-12 50708
  96    1900.00    1920.00 -1.093347364570951E-11  4.686852733794137E-12 48401
  97    1920.00    1940.00 -3.235782424170761E-12  3.873843846318436E-12 46078
  98    1940.00    1960.00 -2.754108283267778E-12  4.430226933886055E-12 44383
  99    1960.00    1980.00 -1.180307122831477E-11  4.752454825969813E-12 42541
 100    1980.00    2000.00 -5.932716609334126E-12  3.015436130994542E-12 40591
 101    2000.00    2020.00  8.931636417286204E-13  2.631364513547480E-12 38753
 102    2020.00    2040.00 -3.608543400825568E-12  2.422939314592075E-12 36982
 103    2040.00    2060.00 -3.526353594945733E-12  2.253893786871373E-12 35258
 104    2060.00    2080.00  8.534661497960924E-13  3.218646147127043E-12 34339
 105    2080.00    2100.00  2.472258760049504E-12  2.309474025541952E-12 32234
 106    2100.00    2120.00 -3.711933263524582E-12  2.149903579871280E-12 31104
 107    2120.00    2140.00 -5.304631440427324E-12  2.151218496605451E-12 29836
 108    2140.00    2160.00  4.050787115062420E-13  1.696235802596875E-12 28618
 109    2160.00    2180.00 -2.841540744388230E-12  1.975566322104125E-12 27473
 110    2180.00    2200.00 -2.227264272196517E-13  1.447690527826035E-12 26339
 111    2200.00    2220.00 -4.051987636417369E-13  1.804581784794912E-12 25293
 112    2220.00    2240.00  1.228758928815532E-12  1.491340451592420E-12 24191
 113    2240.00    2260.00 -2.538175752752015E-12  2.216565509628163E-12 23062
 114    2260.00    2280.00 -2.328350378050530E-12  1.158068879933318E-12 22388
 115    2280.00    2300.00 -1.981280005967318E-12  9.357578210101765E-13 21160
 116    2300.00    2320.00 -3.080621672535815E-12  1.290055242744549E-12 20585
 117    2320.00    2340.00 -5.960579155448025E-15  9.412712171040487E-13 19457
 118    2340.00    2360.00 -8.573499004212088E-13  2.261713293539986E-12 18757
 119    2360.00    2380.00  1.865132283730032E-12  1.953151239533675E-12 18014
 120    2380.00    2400.00 -1.496413235037171E-12  6.205338851529217E-13 16999
 121    2400.00    2420.00 -4.321505186879571E-14  5.802823855689883E-13 16438
 122    2420.00    2440.00  8.479635870406133E-13  6.469543515792667E-13 15588
 123    2440.00    2460.00 -3.247073199817662E-13  2.925005717034056E-13 15054
 124    2460.00    2480.00 -9.261063505972109E-14  3.517188032368188E-13 14411
 125    2480.00    2500.00 -6.081980670630593E-13  3.568163451874347E-13 13994
 126    2500.00    2520.00 -7.807179926857967E-13  8.823900792810537E-13 13391
 127    2520.00    2540.00 -1.016907945797815E-13  3.138166348327374E-13 12720
 128    2540.00    2560.00 -1.257395446948221E-12  6.948317764868286E-13 12218
 129    2560.00    2580.00  4.851328559729924E-13  2.882032058783246E-13 11672
 130    2580.00    2600.00 -4.618785828151675E-14  1.948026531628972E-13 11315
 131    2600.00    2620.00  2.210567359587662E-13  3.547439593285751E-13 10731
 132    2620.00    2640.00 -5.024208755192810E-13  1.981479169328024E-13 10087
 133    2640.00    2660.00  4.932224727641576E-14  2.757038446568490E-13 10005
 134    2660.00    2680.00  3.636197259645853E-13  3.101467945567109E-13 9442
 135    2680.00    2700.00 -1.762439288473278E-13  1.425157546268054E-13 9055
 136    2700.00    2720.00 -4.574927624882715E-15  1.941435664404219E-13 8717
 137    2720.00    2740.00 -1.254441518339142E-13  9.338739124737506E-14 8314
 138    2740.00    2760.00 -2.365650651234282E-14  1.246331946632618E-13 7932
 139    2760.00    2780.00 -8.787949767158486E-14  2.011044950899401E-13 7621
 140    2780.00    2800.00 -1.455273989874147E-13  9.611521095617112E-14 7335
 141    2800.00    2820.00 -1.120799920816439E-13  8.436002081945733E-14 7041
 142    2820.00    2840.00  9.682224430698954E-14  6.889693784999011E-14 6778
 143    2840.00    2860.00  1.386453039538095E-13  1.193659148386409E-13 6465
 144    2860.00    2880.00  3.447787392480776E-14  6.501333113739267E-14 6298
 145    2880.00    2900.00  4.088062578770050E-14  1.167790535009847E-13 5794
 146    2900.00    2920.00  2.555038155043603E-14  6.932561639094923E-14 5750
 147    2920.00    2940.00 -1.377473431507402E-14  5.442851302265431E-14 5497
 148    2940.00    2960.00 -3.598324216446541E-14  4.189105743518275E-14 5293
 149    2960.00    2980.00  1.424911730080606E-14  2.876123445697034E-14 5078
 150    2980.00    3000.00 -1.503810463905640E-13  1.321875888641536E-13 4776
 151    3000.00    3020.00  3.378167712620797E-14  7.691099927395981E-14 4764
 152    3020.00    3040.00 -2.508925608013840E-14  2.922747296681521E-14 4442
 153    3040.00    3060.00 -1.626783000631198E-15  3.125716324752403E-14 4220
 154    3060.00    3080.00  9.812483289816617E-14  4.513093427210432E-14 3953
 155    3080.00    3100.00 -2.081753285140102E-14  3.100962332640314E-14 3910
 156    3100.00    3120.00 -5.503377789036089E-14  3.459488149299436E-14 3778
 157    3120.00    3140.00 -3.688913933940767E-14  2.500839404375339E-14 3489
 158    3140.00    3160.00  1.617975299546641E-14  1.145366947945540E-14 3349
 159    3160.00    3180.00  5.740255278340903E-15  1.833950582252987E-14 3309
 160    3180.00    3200.00  1.493648524077930E-16  1.105640696052289E-14 3174
 161    3200.00    3220.00  5.868184242108242E-15  1.724336624334717E-14 3050
 162    3220.00    3240.00  1.108311469916001E-14  2.876764630411605E-14 2949
 163    3240.00    3260.00 -1.330711026083920E-14  9.300038741780372E-15 2885
 164    3260.00    3280.00 -6.628513755494648E-14  6.610881283938147E-14 2655
 165    3280.00    3300.00 -2.789827932750562E-17  1.670933620619974E-14 2515
 166    3300.00    3320.00  1.158845395911072E-14  2.167138830199580E-14 2413
 167    3320.00    3340.00 -6.538379475743169E-15  7.152619957295023E-15 2386
 168    3340.00    3360.00 -5.426539996648779E-15  1.188286909125046E-14 2124
 169    3360.00    3380.00 -1.521053784476403E-15  4.226651563012174E-15 2114
 170    3380.00    3400.00  2.816688887253366E-15  8.837343605105726E-15 2038
 171    3400.00    3420.00 -9.656383349081546E-15  7.873697372170375E-15 1993
 172    3420.00    3440.00 -2.060119559064497E-15  2.765453379429899E-15 1908
 173    3440.00    3460.00 -7.012097820343723E-15  5.609538450509128E-15 1810
 174    3460.00    3480.00  2.687733169178289E-15  6.614214008237674E-15 1725
 175    3480.00    3500.00 -5.357186604675856E-16  9.306578705644966E-15 1627
 176    3500.00    3520.00 -1.569068909576382E-14  1.895631670259831E-14 1559
 177    3520.00    3540.00 -1.486120853410661E-15  2.630166816709716E-15 1529
 178    3540.00    3560.00 -5.741648757667685E-15  4.578806836040450E-15 1471
 179    3560.00    3580.00  6.248220905696383E-16  2.836237774923115E-15 1346
 180    3580.00    3600.00 -2.069546101739166E-15  3.007886788073427E-15 1312
 181    3600.00    3620.00 -1.272675533638673E-14  9.307836151905969E-15 1241
 182    3620.00    3640.00  1.598313553746512E-15  3.112394481739490E-15 1216
 183    3640.00    3660.00 -1.295216181708493E-15  2.964551076461066E-15 1098
 184    3660.00    3680.00 -7.966640427005480E-16  1.215664861673315E-15 1137
 185    3680.00    3700.00 -7.562397075127655E-15  5.389699236870936E-15 1015
 186    3700.00    3720.00 -2.215327088572156E-15  2.776453116327203E-15 998
 187    3720.00    3740.00  4.094095843592540E-16  1.025729746535809E-15 969
 188    3740.00    3760.00 -2.518685859459324E-15  3.511241181029533E-15 863
 189    3760.00    3780.00  9.263595777830804E-16  1.097895108424899E-15 875
 190    3780.00    3800.00 -2.518224691459657E-16  1.153009926035445E-15 843
 191    3800.00    3820.00  4.007884483607967E-15  4.229716839156399E-15 778
 192    3820.00    3840.00  1.006525345816926E-15  5.984371540986307E-16 752
 193    3840.00    3860.00 -3.631383476870403E-16  7.291165084000241E-16 711
 194    3860.00    3880.00  5.205545411976149E-16  6.868532394730933E-16 672
 195    3880.00    3900.00  2.375206093690287E-17  4.093073499305867E-16 631
 196    3900.00    3920.00  5.977372449222663E-16  2.198713374222609E-15 619
 197    3920.00    3940.00  2.239530064087612E-15  2.002356872652866E-15 609
 198    3940.00    3960.00 -1.095497212208670E-16  6.193822630158463E-16 568
 199    3960.00    3980.00 -2.954735924744855E-15  2.543973119520977E-15 523
 200    3980.00    4000.00 -3.442475416983462E-16  2.997225493943474E-16 505
 201    4000.00    4020.00 -1.154853484733842E-16  7.184888497798246E-17 492
 202    4020.00    4040.00 -3.849529427712302E-16  4.862623000474368E-16 454
 203    4040.00    4060.00 -3.394404041326162E-16  2.708300217262245E-16 423
 204    4060.00    4080.00  6.836477015229387E-17  1.587091580482909E-16 432
 205    4080.00    4100.00  4.208468737330769E-16  3.148712197453230E-16 414
 206    4100.00    4120.00  5.531343837081595E-17  7.941683728348674E-17 389
 207    4120.00    4140.00  1.466480058327243E-16  1.079056487673937E-16 380
 208    4140.00    4160.00  5.520206600123130E-16  4.065115298858368E-16 312
 209    4160.00    4180.00 -2.065543510247227E-16  1.546748090323518E-16 348
 210    4180.00    4200.00 -8.766748128374583E-17  4.033679454560269E-17 317
 211    4200.00    4220.00  5.078084382323702E-18  1.751587676184350E-16 310
 212    4220.00    4240.00  2.738753693844011E-18  1.345709273504556E-16 308
 213    4240.00    4260.00  9.982126564139841E-19  1.856669998886281E-17 262
 214    4260.00    4280.00  3.383495690128101E-17  2.678939043270466E-17 268
 215    4280.00    4300.00 -2.084809083625577E-17  3.221250696580471E-17 233
 216    4300.00    4320.00 -1.223350326209426E-17  4.421102038509183E-17 233
 217    4320.00    4340.00  4.049652337538594E-17  6.134952728660593E-17 194
 218    4340.00    4360.00 -2.678142592500436E-18  1.677902833665327E-17 187
 219    4360.00    4380.00 -1.435493555382459E-16  1.182074619701401E-16 182
 220    4380.00    4400.00 -5.983000963382221E-16  4.614941030461741E-16 172
 221    4400.00    4420.00  1.039421928805824E-17  2.683428824198873E-17 180
 222    4420.00    4440.00 -1.180851783743453E-16  7.284811353137666E-17 163
 223    4440.00    4460.00 -1.707473295720365E-17  1.217489976784336E-17 139
 224    4460.00    4480.00 -4.754111846085215E-17  3.624410386799743E-17 161
 225    4480.00    4500.00 -3.277852667790023E-17  2.181890802652991E-17 128
 226    4500.00    4520.00  4.581313087067640E-18  1.785135804799008E-17 127
 227    4520.00    4540.00 -3.547894148597835E-17  3.707463628406298E-17 130
 228    4540.00    4560.00  6.085965003112150E-18  4.187916857611570E-18 115
 229    4560.00    4580.00  8.481836595365905E-18  8.132070846524723E-18 133
 230    4580.00    4600.00  5.113098006979171E-17  6.167460336131978E-17 120
 231    4600.00    4620.00 -8.717075289919589E-18  1.397575445936928E-17 115
 232    4620.00    4640.00  1.038811597797858E-16  1.017741486531139E-16 93
 233    4640.00    4660.00  1.796393921318532E-18  4.076165696745442E-18 76
 234    4660.00    4680.00  6.797379018227473E-18  5.307688786722391E-18 79
 235    4680.00    4700.00 -1.500714634777784E-17  1.226219291361898E-17 82
 236    4700.00    4720.00  1.241006892239117E-19  8.852517349213395E-18 58
 237    4720.00    4740.00 -4.583371754113948E-17  3.451529388872960E-17 69
 238    4740.00    4760.00 -3.360791793419138E-17  2.342114472897258E-17 53
 239    4760.00    4780.00  2.440141093468695E-18  2.322932594273869E-18 59
 240    4780.00    4800.00  1.918523615944829E-18  1.819384022853082E-18 57
 241    4800.00    4820.00 -2.019663268876966E-18  1.331766287367152E-18 48
 242    4820.00    4840.00 -1.345797546759459E-19  6.461031663696851E-19 46
 243    4840.00    4860.00  1.183212418647231E-18  4.763334825586152E-18 54
 244    4860.00    4880.00  3.034878531382710E-18  2.518790964493263E-18 42
 245    4880.00    4900.00  1.124547493917320E-18  9.163335610058988E-19 59
 246    4900.00    4920.00  1.672857311466442E-18  1.094583724100949E-18 35
 247    4920.00    4940.00 -9.491041568410257E-19  5.125035715228760E-19 33
 248    4940.00    4960.00 -2.876765223979799E-18  2.483476342621213E-18 34
 249    4960.00    4980.00 -1.065306136099478E-19  1.347815118580518E-19 30
 250    4980.00    5000.00  5.393391916187872E-20  4.796144611621959E-20 29
 251    5000.00    5020.00 -9.504260066207944E-20  8.275811290942797E-20 31
 252    5020.00    5040.00 -8.725997084008488E-19  6.660561696387794E-19 16
 253    5040.00    5060.00 -3.848018561366863E-21  5.190127948363539E-20 16
 254    5060.00    5080.00  9.665078185949828E-23  2.881642849395413E-20 27
 255    5080.00    5100.00 -9.460779325339820E-18  8.979633789116970E-18 19
 256    5100.00    5120.00  2.174856568775534E-20  5.031394927749727E-20 24
 257    5120.00    5140.00 -2.370310763129911E-19  1.748108717141993E-19 12
 258    5140.00    5160.00 -3.482389785044756E-20  5.002870653158626E-20 22
 259    5160.00    5180.00  7.472837622829186E-20  5.534702134342998E-20 16
 260    5180.00    5200.00  3.455340380218895E-21  4.273478143689781E-21 12
 261    5200.00    5220.00 -5.429915562352329E-20  5.808382375912784E-20 13
 262    5220.00    5240.00 -1.308937732233398E-18  3.895468905062091E-18 12
 263    5240.00    5260.00 -1.922747266982359E-19  1.988316981670828E-19 15
 264    5260.00    5280.00  1.875842807299663E-19  1.772017070914398E-19 9
 265    5280.00    5300.00 -6.704360471468079E-21  4.892455177492052E-21 8
 266    5300.00    5320.00 -1.998329979258691E-20  2.531093592525631E-20 13
 267    5320.00    5340.00 -9.995091259046885E-21  9.438421604670473E-21 9
 268    5340.00    5360.00  3.062008523826252E-22  1.817612147902613E-22 4
 269    5360.00    5380.00 -1.959025845350035E-19  1.970318910365604E-19 8
 270    5380.00    5400.00 -1.450099300618646E-21  2.328064254947119E-21 7
 271    5400.00    5420.00  1.338652711979250E-23  1.273258704247394E-23 3
 272    5420.00    5440.00 -2.043101459975617E-23  1.209942897997486E-22 6
 273    5440.00    5460.00 -4.946615580485412E-28  4.946615578238757E-28 1
 274    5460.00    5480.00  2.360327952286790E-19  2.360342782155473E-19 3
 275    5480.00    5500.00 -2.043880279136526E-23  2.043937759118115E-23 3
 276    5500.00    5520.00  2.898051259033362E-21  2.452078172633463E-21 5
 277    5520.00    5540.00  1.221392553268017E-24  1.221392552538583E-24 1
 278    5540.00    5560.00  0.000000000000000E+00  0.000000000000000E+00 0
 279    5560.00    5580.00  1.549251471231038E-22  2.742554946751180E-22 4
 280    5580.00    5600.00  0.000000000000000E+00  0.000000000000000E+00 0
 281    5600.00    5620.00 -6.195689236762123E-23  6.237263038682710E-23 2
 282    5620.00    5640.00  0.000000000000000E+00  0.000000000000000E+00 0
 283    5640.00    5660.00 -4.280125716560293E-20  4.280125714429543E-20 1
 284    5660.00    5680.00 -1.311479331242044E-22  1.311479330458809E-22 1
 285    5680.00    5700.00  0.000000000000000E+00  0.000000000000000E+00 0
 286    5700.00    5720.00  2.037620527925169E-25  2.037620526999722E-25 1
 287    5720.00    5740.00 -5.351248221936376E-25  5.351248219238898E-25 1
 288    5740.00    5760.00  0.000000000000000E+00  0.000000000000000E+00 0
 289    5760.00    5780.00  0.000000000000000E+00  0.000000000000000E+00 0
 290    5780.00    5800.00  2.149950130118542E-24  2.149950129027456E-24 1
 291    5800.00    5820.00  0.000000000000000E+00  0.000000000000000E+00 0
 292    5820.00    5840.00  0.000000000000000E+00  0.000000000000000E+00 0
 293    5840.00    5860.00  0.000000000000000E+00  0.000000000000000E+00 0
 294    5860.00    5880.00 -2.277984349595098E-22  2.277984348461064E-22 1
 295    5880.00    5900.00  0.000000000000000E+00  0.000000000000000E+00 0
 296    5900.00    5920.00  0.000000000000000E+00  0.000000000000000E+00 0
 297    5920.00    5940.00  0.000000000000000E+00  0.000000000000000E+00 0
 298    5940.00    5960.00  0.000000000000000E+00  0.000000000000000E+00 0
 299    5960.00    5980.00  0.000000000000000E+00  0.000000000000000E+00 0
 300    5980.00    6000.00  0.000000000000000E+00  0.000000000000000E+00 0
 301    6000.00    6020.00  0.000000000000000E+00  0.000000000000000E+00 0
 302    6020.00    6040.00  0.000000000000000E+00  0.000000000000000E+00 0
 303    6040.00    6060.00  0.000000000000000E+00  0.000000000000000E+00 0
 304    6060.00    6080.00  0.000000000000000E+00  0.000000000000000E+00 0
 305    6080.00    6100.00  0.000000000000000E+00  0.000000000000000E+00 0
 306    6100.00    6120.00  0.000000000000000E+00  0.000000000000000E+00 0
 307    6120.00    6140.00  0.000000000000000E+00  0.000000000000000E+00 0
 308    6140.00    6160.00  0.000000000000000E+00  0.000000000000000E+00 0
 309    6160.00    6180.00  0.000000000000000E+00  0.000000000000000E+00 0
 310    6180.00    6200.00  0.000000000000000E+00  0.000000000000000E+00 0
 311    6200.00    6220.00  0.000000000000000E+00  0.000000000000000E+00 0
 312    6220.00    6240.00  0.000000000000000E+00  0.000000000000000E+00 0
 313    6240.00    6260.00  0.000000000000000E+00  0.000000000000000E+00 0
 314    6260.00    6280.00  0.000000000000000E+00  0.000000000000000E+00 0
 315    6280.00    6300.00  0.000000000000000E+00  0.000000000000000E+00 0
 316    6300.00    6320.00  0.000000000000000E+00  0.000000000000000E+00 0
 317    6320.00    6340.00  0.000000000000000E+00  0.000000000000000E+00 0
 318    6340.00    6360.00  0.000000000000000E+00  0.000000000000000E+00 0
 319    6360.00    6380.00  0.000000000000000E+00  0.000000000000000E+00 0
 320    6380.00    6400.00  0.000000000000000E+00  0.000000000000000E+00 0
 321    6400.00    6420.00  0.000000000000000E+00  0.000000000000000E+00 0
 322    6420.00    6440.00  0.000000000000000E+00  0.000000000000000E+00 0
 323    6440.00    6460.00  0.000000000000000E+00  0.000000000000000E+00 0
 324    6460.00    6480.00  0.000000000000000E+00  0.000000000000000E+00 0
 325    6480.00    6500.00  0.000000000000000E+00  0.000000000000000E+00 0
 326    6500.00    6520.00  0.000000000000000E+00  0.000000000000000E+00 0
 327    6520.00    6540.00  0.000000000000000E+00  0.000000000000000E+00 0
 328    6540.00    6560.00  0.000000000000000E+00  0.000000000000000E+00 0
 329    6560.00    6580.00  0.000000000000000E+00  0.000000000000000E+00 0
 330    6580.00    6600.00  0.000000000000000E+00  0.000000000000000E+00 0
 331    6600.00    6620.00  0.000000000000000E+00  0.000000000000000E+00 0
 332    6620.00    6640.00  0.000000000000000E+00  0.000000000000000E+00 0
 333    6640.00    6660.00  0.000000000000000E+00  0.000000000000000E+00 0
 334    6660.00    6680.00  0.000000000000000E+00  0.000000000000000E+00 0
 335    6680.00    6700.00  0.000000000000000E+00  0.000000000000000E+00 0
 336    6700.00    6720.00  0.000000000000000E+00  0.000000000000000E+00 0
 337    6720.00    6740.00  0.000000000000000E+00  0.000000000000000E+00 0
 338    6740.00    6760.00  0.000000000000000E+00  0.000000000000000E+00 0
 339    6760.00    6780.00  0.000000000000000E+00  0.000000000000000E+00 0
 340    6780.00    6800.00  0.000000000000000E+00  0.000000000000000E+00 0
 341    6800.00    6820.00  0.000000000000000E+00  0.000000000000000E+00 0
 342    6820.00    6840.00  0.000000000000000E+00  0.000000000000000E+00 0
 343    6840.00    6860.00  0.000000000000000E+00  0.000000000000000E+00 0
 344    6860.00    6880.00  0.000000000000000E+00  0.000000000000000E+00 0
 345    6880.00    6900.00  0.000000000000000E+00  0.000000000000000E+00 0
 346    6900.00    6920.00  0.000000000000000E+00  0.000000000000000E+00 0
 347    6920.00    6940.00  0.000000000000000E+00  0.000000000000000E+00 0
 348    6940.00    6960.00  0.000000000000000E+00  0.000000000000000E+00 0
 349    6960.00    6980.00  0.000000000000000E+00  0.000000000000000E+00 0
 350    6980.00    7000.00  0.000000000000000E+00  0.000000000000000E+00 0
 351    7000.00    7020.00  0.000000000000000E+00  0.000000000000000E+00 0
 352    7020.00    7040.00  0.000000000000000E+00  0.000000000000000E+00 0
 353    7040.00    7060.00  0.000000000000000E+00  0.000000000000000E+00 0
 354    7060.00    7080.00  0.000000000000000E+00  0.000000000000000E+00 0
 355    7080.00    7100.00  0.000000000000000E+00  0.000000000000000E+00 0
 356    7100.00    7120.00  0.000000000000000E+00  0.000000000000000E+00 0
 357    7120.00    7140.00  0.000000000000000E+00  0.000000000000000E+00 0
 358    7140.00    7160.00  0.000000000000000E+00  0.000000000000000E+00 0
 359    7160.00    7180.00  0.000000000000000E+00  0.000000000000000E+00 0
 360    7180.00    7200.00  0.000000000000000E+00  0.000000000000000E+00 0
 361    7200.00    7220.00  0.000000000000000E+00  0.000000000000000E+00 0
 362    7220.00    7240.00  0.000000000000000E+00  0.000000000000000E+00 0
 363    7240.00    7260.00  0.000000000000000E+00  0.000000000000000E+00 0
 364    7260.00    7280.00  0.000000000000000E+00  0.000000000000000E+00 0
 365    7280.00    7300.00  0.000000000000000E+00  0.000000000000000E+00 0
 366    7300.00    7320.00  0.000000000000000E+00  0.000000000000000E+00 0
 367    7320.00    7340.00  0.000000000000000E+00  0.000000000000000E+00 0
 368    7340.00    7360.00  0.000000000000000E+00  0.000000000000000E+00 0
 369    7360.00    7380.00  0.000000000000000E+00  0.000000000000000E+00 0
 370    7380.00    7400.00  0.000000000000000E+00  0.000000000000000E+00 0
 371    7400.00    7420.00  0.000000000000000E+00  0.000000000000000E+00 0
 372    7420.00    7440.00  0.000000000000000E+00  0.000000000000000E+00 0
 373    7440.00    7460.00  0.000000000000000E+00  0.000000000000000E+00 0
 374    7460.00    7480.00  0.000000000000000E+00  0.000000000000000E+00 0
 375    7480.00    7500.00  0.000000000000000E+00  0.000000000000000E+00 0
 376    7500.00    7520.00  0.000000000000000E+00  0.000000000000000E+00 0
 377    7520.00    7540.00  0.000000000000000E+00  0.000000000000000E+00 0
 378    7540.00    7560.00  0.000000000000000E+00  0.000000000000000E+00 0
 379    7560.00    7580.00  0.000000000000000E+00  0.000000000000000E+00 0
 380    7580.00    7600.00  0.000000000000000E+00  0.000000000000000E+00 0
 381    7600.00    7620.00  0.000000000000000E+00  0.000000000000000E+00 0
 382    7620.00    7640.00  0.000000000000000E+00  0.000000000000000E+00 0
 383    7640.00    7660.00  0.000000000000000E+00  0.000000000000000E+00 0
 384    7660.00    7680.00  0.000000000000000E+00  0.000000000000000E+00 0
 385    7680.00    7700.00  0.000000000000000E+00  0.000000000000000E+00 0
 386    7700.00    7720.00  0.000000000000000E+00  0.000000000000000E+00 0
 387    7720.00    7740.00  0.000000000000000E+00  0.000000000000000E+00 0
 388    7740.00    7760.00  0.000000000000000E+00  0.000000000000000E+00 0
 389    7760.00    7780.00  0.000000000000000E+00  0.000000000000000E+00 0
 390    7780.00    7800.00  0.000000000000000E+00  0.000000000000000E+00 0
 391    7800.00    7820.00  0.000000000000000E+00  0.000000000000000E+00 0
 392    7820.00    7840.00  0.000000000000000E+00  0.000000000000000E+00 0
 393    7840.00    7860.00  0.000000000000000E+00  0.000000000000000E+00 0
 394    7860.00    7880.00  0.000000000000000E+00  0.000000000000000E+00 0
 395    7880.00    7900.00  0.000000000000000E+00  0.000000000000000E+00 0
 396    7900.00    7920.00  0.000000000000000E+00  0.000000000000000E+00 0
 397    7920.00    7940.00  0.000000000000000E+00  0.000000000000000E+00 0
 398    7940.00    7960.00  0.000000000000000E+00  0.000000000000000E+00 0
 399    7960.00    7980.00  0.000000000000000E+00  0.000000000000000E+00 0
 400    7980.00    8000.00  0.000000000000000E+00  0.000000000000000E+00 0
 401    8000.00    8020.00  0.000000000000000E+00  0.000000000000000E+00 0
 402    8020.00    8040.00  0.000000000000000E+00  0.000000000000000E+00 0
 403    8040.00    8060.00  0.000000000000000E+00  0.000000000000000E+00 0
 404    8060.00    8080.00  0.000000000000000E+00  0.000000000000000E+00 0
 405    8080.00    8100.00  0.000000000000000E+00  0.000000000000000E+00 0
 406    8100.00    8120.00  0.000000000000000E+00  0.000000000000000E+00 0
 407    8120.00    8140.00  0.000000000000000E+00  0.000000000000000E+00 0
 408    8140.00    8160.00  0.000000000000000E+00  0.000000000000000E+00 0
 409    8160.00    8180.00  0.000000000000000E+00  0.000000000000000E+00 0
 410    8180.00    8200.00  0.000000000000000E+00  0.000000000000000E+00 0
 411    8200.00    8220.00  0.000000000000000E+00  0.000000000000000E+00 0
 412    8220.00    8240.00  0.000000000000000E+00  0.000000000000000E+00 0
 413    8240.00    8260.00  0.000000000000000E+00  0.000000000000000E+00 0
 414    8260.00    8280.00  0.000000000000000E+00  0.000000000000000E+00 0
 415    8280.00    8300.00  0.000000000000000E+00  0.000000000000000E+00 0
 416    8300.00    8320.00  0.000000000000000E+00  0.000000000000000E+00 0
 417    8320.00    8340.00  0.000000000000000E+00  0.000000000000000E+00 0
 418    8340.00    8360.00  0.000000000000000E+00  0.000000000000000E+00 0
 419    8360.00    8380.00  0.000000000000000E+00  0.000000000000000E+00 0
 420    8380.00    8400.00  0.000000000000000E+00  0.000000000000000E+00 0
 421    8400.00    8420.00  0.000000000000000E+00  0.000000000000000E+00 0
 422    8420.00    8440.00  0.000000000000000E+00  0.000000000000000E+00 0
 423    8440.00    8460.00  0.000000000000000E+00  0.000000000000000E+00 0
 424    8460.00    8480.00  0.000000000000000E+00  0.000000000000000E+00 0
 425    8480.00    8500.00  0.000000000000000E+00  0.000000000000000E+00 0
 426    8500.00    8520.00  0.000000000000000E+00  0.000000000000000E+00 0
 427    8520.00    8540.00  0.000000000000000E+00  0.000000000000000E+00 0
 428    8540.00    8560.00  0.000000000000000E+00  0.000000000000000E+00 0
 429    8560.00    8580.00  0.000000000000000E+00  0.000000000000000E+00 0
 430    8580.00    8600.00  0.000000000000000E+00  0.000000000000000E+00 0
 431    8600.00    8620.00  0.000000000000000E+00  0.000000000000000E+00 0
 432    8620.00    8640.00  0.000000000000000E+00  0.000000000000000E+00 0
 433    8640.00    8660.00  0.000000000000000E+00  0.000000000000000E+00 0
 434    8660.00    8680.00  0.000000000000000E+00  0.000000000000000E+00 0
 435    8680.00    8700.00  0.000000000000000E+00  0.000000000000000E+00 0
 436    8700.00    8720.00  0.000000000000000E+00  0.000000000000000E+00 0
 437    8720.00    8740.00  0.000000000000000E+00  0.000000000000000E+00 0
 438    8740.00    8760.00  0.000000000000000E+00  0.000000000000000E+00 0
 439    8760.00    8780.00  0.000000000000000E+00  0.000000000000000E+00 0
 440    8780.00    8800.00  0.000000000000000E+00  0.000000000000000E+00 0
 441    8800.00    8820.00  0.000000000000000E+00  0.000000000000000E+00 0
 442    8820.00    8840.00  0.000000000000000E+00  0.000000000000000E+00 0
 443    8840.00    8860.00  0.000000000000000E+00  0.000000000000000E+00 0
 444    8860.00    8880.00  0.000000000000000E+00  0.000000000000000E+00 0
 445    8880.00    8900.00  0.000000000000000E+00  0.000000000000000E+00 0
 446    8900.00    8920.00  0.000000000000000E+00  0.000000000000000E+00 0
 447    8920.00    8940.00  0.000000000000000E+00  0.000000000000000E+00 0
 448    8940.00    8960.00  0.000000000000000E+00  0.000000000000000E+00 0
 449    8960.00    8980.00  0.000000000000000E+00  0.000000000000000E+00 0
 450    8980.00    9000.00  0.000000000000000E+00  0.000000000000000E+00 0
 451    9000.00    9020.00  0.000000000000000E+00  0.000000000000000E+00 0
 452    9020.00    9040.00  0.000000000000000E+00  0.000000000000000E+00 0
 453    9040.00    9060.00  0.000000000000000E+00  0.000000000000000E+00 0
 454    9060.00    9080.00  0.000000000000000E+00  0.000000000000000E+00 0
 455    9080.00    9100.00  0.000000000000000E+00  0.000000000000000E+00 0
 456    9100.00    9120.00  0.000000000000000E+00  0.000000000000000E+00 0
 457    9120.00    9140.00  0.000000000000000E+00  0.000000000000000E+00 0
 458    9140.00    9160.00  0.000000000000000E+00  0.000000000000000E+00 0
 459    9160.00    9180.00  0.000000000000000E+00  0.000000000000000E+00 0
 460    9180.00    9200.00  0.000000000000000E+00  0.000000000000000E+00 0
 461    9200.00    9220.00  0.000000000000000E+00  0.000000000000000E+00 0
 462    9220.00    9240.00  0.000000000000000E+00  0.000000000000000E+00 0
 463    9240.00    9260.00  0.000000000000000E+00  0.000000000000000E+00 0
 464    9260.00    9280.00  0.000000000000000E+00  0.000000000000000E+00 0
 465    9280.00    9300.00  0.000000000000000E+00  0.000000000000000E+00 0
 466    9300.00    9320.00  0.000000000000000E+00  0.000000000000000E+00 0
 467    9320.00    9340.00  0.000000000000000E+00  0.000000000000000E+00 0
 468    9340.00    9360.00  0.000000000000000E+00  0.000000000000000E+00 0
 469    9360.00    9380.00  0.000000000000000E+00  0.000000000000000E+00 0
 470    9380.00    9400.00  0.000000000000000E+00  0.000000000000000E+00 0
 471    9400.00    9420.00  0.000000000000000E+00  0.000000000000000E+00 0
 472    9420.00    9440.00  0.000000000000000E+00  0.000000000000000E+00 0
 473    9440.00    9460.00  0.000000000000000E+00  0.000000000000000E+00 0
 474    9460.00    9480.00  0.000000000000000E+00  0.000000000000000E+00 0
 475    9480.00    9500.00  0.000000000000000E+00  0.000000000000000E+00 0
 476    9500.00    9520.00  0.000000000000000E+00  0.000000000000000E+00 0
 477    9520.00    9540.00  0.000000000000000E+00  0.000000000000000E+00 0
 478    9540.00    9560.00  0.000000000000000E+00  0.000000000000000E+00 0
 479    9560.00    9580.00  0.000000000000000E+00  0.000000000000000E+00 0
 480    9580.00    9600.00  0.000000000000000E+00  0.000000000000000E+00 0
 481    9600.00    9620.00  0.000000000000000E+00  0.000000000000000E+00 0
 482    9620.00    9640.00  0.000000000000000E+00  0.000000000000000E+00 0
 483    9640.00    9660.00  0.000000000000000E+00  0.000000000000000E+00 0
 484    9660.00    9680.00  0.000000000000000E+00  0.000000000000000E+00 0
 485    9680.00    9700.00  0.000000000000000E+00  0.000000000000000E+00 0
 486    9700.00    9720.00  0.000000000000000E+00  0.000000000000000E+00 0
 487    9720.00    9740.00  0.000000000000000E+00  0.000000000000000E+00 0
 488    9740.00    9760.00  0.000000000000000E+00  0.000000000000000E+00 0
 489    9760.00    9780.00  0.000000000000000E+00  0.000000000000000E+00 0
 490    9780.00    9800.00  0.000000000000000E+00  0.000000000000000E+00 0
 491    9800.00    9820.00  0.000000000000000E+00  0.000000000000000E+00 0
 492    9820.00    9840.00  0.000000000000000E+00  0.000000000000000E+00 0
 493    9840.00    9860.00  0.000000000000000E+00  0.000000000000000E+00 0
 494    9860.00    9880.00  0.000000000000000E+00  0.000000000000000E+00 0
 495    9880.00    9900.00  0.000000000000000E+00  0.000000000000000E+00 0
 496    9900.00    9920.00  0.000000000000000E+00  0.000000000000000E+00 0
 497    9920.00    9940.00  0.000000000000000E+00  0.000000000000000E+00 0
 498    9940.00    9960.00  0.000000000000000E+00  0.000000000000000E+00 0
 499    9960.00    9980.00  0.000000000000000E+00  0.000000000000000E+00 0
 500    9980.00   10000.00  0.000000000000000E+00  0.000000000000000E+00 0
 501   10000.00   10020.00  0.000000000000000E+00  0.000000000000000E+00 0
 502   10020.00   10040.00  0.000000000000000E+00  0.000000000000000E+00 0
 503   10040.00   10060.00  0.000000000000000E+00  0.000000000000000E+00 0
 504   10060.00   10080.00  0.000000000000000E+00  0.000000000000000E+00 0
 505   10080.00   10100.00  0.000000000000000E+00  0.000000000000000E+00 0
 506   10100.00   10120.00  0.000000000000000E+00  0.000000000000000E+00 0
 507   10120.00   10140.00  0.000000000000000E+00  0.000000000000000E+00 0
 508   10140.00   10160.00  0.000000000000000E+00  0.000000000000000E+00 0
 509   10160.00   10180.00  0.000000000000000E+00  0.000000000000000E+00 0
 510   10180.00   10200.00  0.000000000000000E+00  0.000000000000000E+00 0
 511   10200.00   10220.00  0.000000000000000E+00  0.000000000000000E+00 0
 512   10220.00   10240.00  0.000000000000000E+00  0.000000000000000E+00 0
 513   10240.00   10260.00  0.000000000000000E+00  0.000000000000000E+00 0
 514   10260.00   10280.00  0.000000000000000E+00  0.000000000000000E+00 0
 515   10280.00   10300.00  0.000000000000000E+00  0.000000000000000E+00 0
 516   10300.00   10320.00  0.000000000000000E+00  0.000000000000000E+00 0
 517   10320.00   10340.00  0.000000000000000E+00  0.000000000000000E+00 0
 518   10340.00   10360.00  0.000000000000000E+00  0.000000000000000E+00 0
 519   10360.00   10380.00  0.000000000000000E+00  0.000000000000000E+00 0
 520   10380.00   10400.00  0.000000000000000E+00  0.000000000000000E+00 0
 521   10400.00   10420.00  0.000000000000000E+00  0.000000000000000E+00 0
 522   10420.00   10440.00  0.000000000000000E+00  0.000000000000000E+00 0
 523   10440.00   10460.00  0.000000000000000E+00  0.000000000000000E+00 0
 524   10460.00   10480.00  0.000000000000000E+00  0.000000000000000E+00 0
 525   10480.00   10500.00  0.000000000000000E+00  0.000000000000000E+00 0
 526   10500.00   10520.00  0.000000000000000E+00  0.000000000000000E+00 0
 527   10520.00   10540.00  0.000000000000000E+00  0.000000000000000E+00 0
 528   10540.00   10560.00  0.000000000000000E+00  0.000000000000000E+00 0
 529   10560.00   10580.00  0.000000000000000E+00  0.000000000000000E+00 0
 530   10580.00   10600.00  0.000000000000000E+00  0.000000000000000E+00 0
 531   10600.00   10620.00  0.000000000000000E+00  0.000000000000000E+00 0
 532   10620.00   10640.00  0.000000000000000E+00  0.000000000000000E+00 0
 533   10640.00   10660.00  0.000000000000000E+00  0.000000000000000E+00 0
 534   10660.00   10680.00  0.000000000000000E+00  0.000000000000000E+00 0
 535   10680.00   10700.00  0.000000000000000E+00  0.000000000000000E+00 0
 536   10700.00   10720.00  0.000000000000000E+00  0.000000000000000E+00 0
 537   10720.00   10740.00  0.000000000000000E+00  0.000000000000000E+00 0
 538   10740.00   10760.00  0.000000000000000E+00  0.000000000000000E+00 0
 539   10760.00   10780.00  0.000000000000000E+00  0.000000000000000E+00 0
 540   10780.00   10800.00  0.000000000000000E+00  0.000000000000000E+00 0
 541   10800.00   10820.00  0.000000000000000E+00  0.000000000000000E+00 0
 542   10820.00   10840.00  0.000000000000000E+00  0.000000000000000E+00 0
 543   10840.00   10860.00  0.000000000000000E+00  0.000000000000000E+00 0
 544   10860.00   10880.00  0.000000000000000E+00  0.000000000000000E+00 0
 545   10880.00   10900.00  0.000000000000000E+00  0.000000000000000E+00 0
 546   10900.00   10920.00  0.000000000000000E+00  0.000000000000000E+00 0
 547   10920.00   10940.00  0.000000000000000E+00  0.000000000000000E+00 0
 548   10940.00   10960.00  0.000000000000000E+00  0.000000000000000E+00 0
 549   10960.00   10980.00  0.000000000000000E+00  0.000000000000000E+00 0
 550   10980.00   11000.00  0.000000000000000E+00  0.000000000000000E+00 0
 551   11000.00   11020.00  0.000000000000000E+00  0.000000000000000E+00 0
 552   11020.00   11040.00  0.000000000000000E+00  0.000000000000000E+00 0
 553   11040.00   11060.00  0.000000000000000E+00  0.000000000000000E+00 0
 554   11060.00   11080.00  0.000000000000000E+00  0.000000000000000E+00 0
 555   11080.00   11100.00  0.000000000000000E+00  0.000000000000000E+00 0
 556   11100.00   11120.00  0.000000000000000E+00  0.000000000000000E+00 0
 557   11120.00   11140.00  0.000000000000000E+00  0.000000000000000E+00 0
 558   11140.00   11160.00  0.000000000000000E+00  0.000000000000000E+00 0
 559   11160.00   11180.00  0.000000000000000E+00  0.000000000000000E+00 0
 560   11180.00   11200.00  0.000000000000000E+00  0.000000000000000E+00 0
 561   11200.00   11220.00  0.000000000000000E+00  0.000000000000000E+00 0
 562   11220.00   11240.00  0.000000000000000E+00  0.000000000000000E+00 0
 563   11240.00   11260.00  0.000000000000000E+00  0.000000000000000E+00 0
 564   11260.00   11280.00  0.000000000000000E+00  0.000000000000000E+00 0
 565   11280.00   11300.00  0.000000000000000E+00  0.000000000000000E+00 0
 566   11300.00   11320.00  0.000000000000000E+00  0.000000000000000E+00 0
 567   11320.00   11340.00  0.000000000000000E+00  0.000000000000000E+00 0
 568   11340.00   11360.00  0.000000000000000E+00  0.000000000000000E+00 0
 569   11360.00   11380.00  0.000000000000000E+00  0.000000000000000E+00 0
 570   11380.00   11400.00  0.000000000000000E+00  0.000000000000000E+00 0
 571   11400.00   11420.00  0.000000000000000E+00  0.000000000000000E+00 0
 572   11420.00   11440.00  0.000000000000000E+00  0.000000000000000E+00 0
 573   11440.00   11460.00  0.000000000000000E+00  0.000000000000000E+00 0
 574   11460.00   11480.00  0.000000000000000E+00  0.000000000000000E+00 0
 575   11480.00   11500.00  0.000000000000000E+00  0.000000000000000E+00 0
 576   11500.00   11520.00  0.000000000000000E+00  0.000000000000000E+00 0
 577   11520.00   11540.00  0.000000000000000E+00  0.000000000000000E+00 0
 578   11540.00   11560.00  0.000000000000000E+00  0.000000000000000E+00 0
 579   11560.00   11580.00  0.000000000000000E+00  0.000000000000000E+00 0
 580   11580.00   11600.00  0.000000000000000E+00  0.000000000000000E+00 0
 581   11600.00   11620.00  0.000000000000000E+00  0.000000000000000E+00 0
 582   11620.00   11640.00  0.000000000000000E+00  0.000000000000000E+00 0
 583   11640.00   11660.00  0.000000000000000E+00  0.000000000000000E+00 0
 584   11660.00   11680.00  0.000000000000000E+00  0.000000000000000E+00 0
 585   11680.00   11700.00  0.000000000000000E+00  0.000000000000000E+00 0
 586   11700.00   11720.00  0.000000000000000E+00  0.000000000000000E+00 0
 587   11720.00   11740.00  0.000000000000000E+00  0.000000000000000E+00 0
 588   11740.00   11760.00  0.000000000000000E+00  0.000000000000000E+00 0
 589   11760.00   11780.00  0.000000000000000E+00  0.000000000000000E+00 0
 590   11780.00   11800.00  0.000000000000000E+00  0.000000000000000E+00 0
 591   11800.00   11820.00  0.000000000000000E+00  0.000000000000000E+00 0
 592   11820.00   11840.00  0.000000000000000E+00  0.000000000000000E+00 0
 593   11840.00   11860.00  0.000000000000000E+00  0.000000000000000E+00 0
 594   11860.00   11880.00  0.000000000000000E+00  0.000000000000000E+00 0
 595   11880.00   11900.00  0.000000000000000E+00  0.000000000000000E+00 0
 596   11900.00   11920.00  0.000000000000000E+00  0.000000000000000E+00 0
 597   11920.00   11940.00  0.000000000000000E+00  0.000000000000000E+00 0
 598   11940.00   11960.00  0.000000000000000E+00  0.000000000000000E+00 0
 599   11960.00   11980.00  0.000000000000000E+00  0.000000000000000E+00 0
 600   11980.00   12000.00  0.000000000000000E+00  0.000000000000000E+00 0
 601   12000.00   12020.00  0.000000000000000E+00  0.000000000000000E+00 0
 602   12020.00   12040.00  0.000000000000000E+00  0.000000000000000E+00 0
 603   12040.00   12060.00  0.000000000000000E+00  0.000000000000000E+00 0
 604   12060.00   12080.00  0.000000000000000E+00  0.000000000000000E+00 0
 605   12080.00   12100.00  0.000000000000000E+00  0.000000000000000E+00 0
 606   12100.00   12120.00  0.000000000000000E+00  0.000000000000000E+00 0
 607   12120.00   12140.00  0.000000000000000E+00  0.000000000000000E+00 0
 608   12140.00   12160.00  0.000000000000000E+00  0.000000000000000E+00 0
 609   12160.00   12180.00  0.000000000000000E+00  0.000000000000000E+00 0
 610   12180.00   12200.00  0.000000000000000E+00  0.000000000000000E+00 0
 611   12200.00   12220.00  0.000000000000000E+00  0.000000000000000E+00 0
 612   12220.00   12240.00  0.000000000000000E+00  0.000000000000000E+00 0
 613   12240.00   12260.00  0.000000000000000E+00  0.000000000000000E+00 0
 614   12260.00   12280.00  0.000000000000000E+00  0.000000000000000E+00 0
 615   12280.00   12300.00  0.000000000000000E+00  0.000000000000000E+00 0
 616   12300.00   12320.00  0.000000000000000E+00  0.000000000000000E+00 0
 617   12320.00   12340.00  0.000000000000000E+00  0.000000000000000E+00 0
 618   12340.00   12360.00  0.000000000000000E+00  0.000000000000000E+00 0
 619   12360.00   12380.00  0.000000000000000E+00  0.000000000000000E+00 0
 620   12380.00   12400.00  0.000000000000000E+00  0.000000000000000E+00 0
 621   12400.00   12420.00  0.000000000000000E+00  0.000000000000000E+00 0
 622   12420.00   12440.00  0.000000000000000E+00  0.000000000000000E+00 0
 623   12440.00   12460.00  0.000000000000000E+00  0.000000000000000E+00 0
 624   12460.00   12480.00  0.000000000000000E+00  0.000000000000000E+00 0
 625   12480.00   12500.00  0.000000000000000E+00  0.000000000000000E+00 0
 626   12500.00   12520.00  0.000000000000000E+00  0.000000000000000E+00 0
 627   12520.00   12540.00  0.000000000000000E+00  0.000000000000000E+00 0
 628   12540.00   12560.00  0.000000000000000E+00  0.000000000000000E+00 0
 629   12560.00   12580.00  0.000000000000000E+00  0.000000000000000E+00 0
 630   12580.00   12600.00  0.000000000000000E+00  0.000000000000000E+00 0
 631   12600.00   12620.00  0.000000000000000E+00  0.000000000000000E+00 0
 632   12620.00   12640.00  0.000000000000000E+00  0.000000000000000E+00 0
 633   12640.00   12660.00  0.000000000000000E+00  0.000000000000000E+00 0
 634   12660.00   12680.00  0.000000000000000E+00  0.000000000000000E+00 0
 635   12680.00   12700.00  0.000000000000000E+00  0.000000000000000E+00 0
 636   12700.00   12720.00  0.000000000000000E+00  0.000000000000000E+00 0
 637   12720.00   12740.00  0.000000000000000E+00  0.000000000000000E+00 0
 638   12740.00   12760.00  0.000000000000000E+00  0.000000000000000E+00 0
 639   12760.00   12780.00  0.000000000000000E+00  0.000000000000000E+00 0
 640   12780.00   12800.00  0.000000000000000E+00  0.000000000000000E+00 0
 641   12800.00   12820.00  0.000000000000000E+00  0.000000000000000E+00 0
 642   12820.00   12840.00  0.000000000000000E+00  0.000000000000000E+00 0
 643   12840.00   12860.00  0.000000000000000E+00  0.000000000000000E+00 0
 644   12860.00   12880.00  0.000000000000000E+00  0.000000000000000E+00 0
 645   12880.00   12900.00  0.000000000000000E+00  0.000000000000000E+00 0
 646   12900.00   12920.00  0.000000000000000E+00  0.000000000000000E+00 0
 647   12920.00   12940.00  0.000000000000000E+00  0.000000000000000E+00 0
 648   12940.00   12960.00  0.000000000000000E+00  0.000000000000000E+00 0
 649   12960.00   12980.00  0.000000000000000E+00  0.000000000000000E+00 0
 650   12980.00   13000.00  0.000000000000000E+00  0.000000000000000E+00 0
# Underflow:                 0.0000000000000000E+00  0.0000000000000000E+00 0
# Overflow:                  0.0000000000000000E+00  0.0000000000000000E+00 0
#-------------------------------------------------------------------------------------
# Sum:                       1.1315753120711222E-19  1.2874661338519219E-19 1001
#=====================================================================================
