# title = Transverse Momentum anti--Muon-Muon
# xlabel = $p_{\text{T},\mu^+\mu^-}\,$[GeV]
# ylabel = $\frac{\text{d}\sigma}{\text{d}p_{\text{T},\mu^+\mu^-}}\,\left[\frac{\text{fb}}{\text{GeV}}\right]$
# xmin=  0.000E+00
# xmax=  8.000E+02
# ymin=  1.000E-06
# ymax=  1.000E-02
# kmin=  0.000E+00
# kmax=  1.000E+02
# logscale = true
# Renormalization and factorization scale scaled by: 1.0000000000
# Renormalization scaled by: 1.0000000000
# Number of generated events: 80542
#
#=====================================================================================
# No.       Left      Right                   Value                   Error Hits
#-------------------------------------------------------------------------------------
   1       0.00      20.00  9.514837981247519E-06  3.302007262663862E-08 45823301
   2      20.00      40.00  2.434441068186397E-05  4.987739478190600E-08 71492548
   3      40.00      60.00  3.071063088198176E-05  5.736015948287898E-08 73120950
   4      60.00      80.00  2.986747564699706E-05  5.704396532322145E-08 67452181
   5      80.00     100.00  2.508628448618714E-05  5.211339572371660E-08 58428757
   6     100.00     120.00  2.071078248104856E-05  4.775543726609677E-08 51397082
   7     120.00     140.00  1.707067648326063E-05  4.346890221304879E-08 45861087
   8     140.00     160.00  1.382014506143652E-05  3.839963226162969E-08 40964520
   9     160.00     180.00  1.110769671815693E-05  3.479299698520815E-08 36569635
  10     180.00     200.00  8.756097510184923E-06  3.125212570537768E-08 32677516
  11     200.00     220.00  6.793573222353723E-06  2.763660505578542E-08 29235381
  12     220.00     240.00  5.237322655646257E-06  2.470308204861527E-08 26220426
  13     240.00     260.00  4.014546678838234E-06  2.204120853742584E-08 23580234
  14     260.00     280.00  3.057144137011749E-06  2.003071630679768E-08 21269226
  15     280.00     300.00  2.304854980857778E-06  1.777398309806857E-08 19230033
  16     300.00     320.00  1.738224547779794E-06  1.615727700322010E-08 17437537
  17     320.00     340.00  1.313113140088960E-06  1.500638327230489E-08 15867030
  18     340.00     360.00  9.952866911522031E-07  1.314589368963879E-08 14470027
  19     360.00     380.00  7.375282523234857E-07  1.190060820310064E-08 13231391
  20     380.00     400.00  5.282377586813036E-07  1.074299804272124E-08 12129936
  21     400.00     420.00  3.785791828407034E-07  9.727936012973908E-09 11138979
  22     420.00     440.00  2.786982002925824E-07  8.826194699634548E-09 10255521
  23     440.00     460.00  1.949824800869559E-07  7.881018025770994E-09 9458521
  24     460.00     480.00  1.307958688347309E-07  7.330329937681184E-09 8749994
  25     480.00     500.00  9.874840415210858E-08  6.565351145872817E-09 8097509
  26     500.00     520.00  5.838235263992159E-08  5.790005733306528E-09 7513268
  27     520.00     540.00  2.884233185912715E-08  5.425372024810915E-09 6980529
  28     540.00     560.00  1.792531256521089E-08  4.897882703739090E-09 6495993
  29     560.00     580.00 -4.922329895710335E-09  4.428978109856729E-09 6045941
  30     580.00     600.00 -8.488551609310346E-09  3.959661514972872E-09 5646161
  31     600.00     620.00 -1.935780387492210E-08  3.588339796720898E-09 5278018
  32     620.00     640.00 -1.887596835962856E-08  3.373074051059671E-09 4934346
  33     640.00     660.00 -2.494853795410946E-08  2.962426546313887E-09 4622152
  34     660.00     680.00 -2.516322772278672E-08  2.677311455055879E-09 4336817
  35     680.00     700.00 -2.905363336963183E-08  2.469293851411397E-09 4065464
  36     700.00     720.00 -2.931657667906953E-08  2.294317010847175E-09 3822919
  37     720.00     740.00 -2.403626475378213E-08  2.086686196393146E-09 3595720
  38     740.00     760.00 -2.564143277069647E-08  1.845676213041660E-09 3381913
  39     760.00     780.00 -2.311547956980841E-08  1.748072248037899E-09 3186654
  40     780.00     800.00 -2.205605954452143E-08  1.596482422196154E-09 3005072
  41     800.00     820.00 -2.208356067150046E-08  1.452297865185768E-09 2835452
  42     820.00     840.00 -1.609138208396188E-08  1.322738786637704E-09 2674991
  43     840.00     860.00 -1.656111291266424E-08  1.184972263132047E-09 2531156
  44     860.00     880.00 -1.620219614090033E-08  1.162471009471089E-09 2393250
  45     880.00     900.00 -1.309825896455429E-08  1.016279465589730E-09 2263552
  46     900.00     920.00 -1.480085796782531E-08  9.337705292991427E-10 2144316
  47     920.00     940.00 -1.284137455181047E-08  8.367147297522191E-10 2032015
  48     940.00     960.00 -1.132630261522462E-08  7.827605872454143E-10 1927855
  49     960.00     980.00 -1.020262023809544E-08  7.442668020319045E-10 1826375
  50     980.00    1000.00 -8.880847675006488E-09  6.771881267561996E-10 1734141
  51    1000.00    1020.00 -8.559579231030597E-09  6.992952072003827E-10 1646617
  52    1020.00    1040.00 -8.420114089895842E-09  5.629334191973548E-10 1563726
  53    1040.00    1060.00 -7.908220605532829E-09  5.532698804137216E-10 1487748
  54    1060.00    1080.00 -6.711146495313870E-09  4.700747986131928E-10 1415410
  55    1080.00    1100.00 -5.752549087351251E-09  4.183047716948496E-10 1346182
  56    1100.00    1120.00 -5.588599811922289E-09  3.859554390078828E-10 1283321
  57    1120.00    1140.00 -4.308038811924604E-09  3.666277858969561E-10 1223996
  58    1140.00    1160.00 -4.117431676661913E-09  3.864734746540362E-10 1163917
  59    1160.00    1180.00 -4.303039294863222E-09  3.162827986608027E-10 1109982
  60    1180.00    1200.00 -3.407143938150983E-09  2.876931023293682E-10 1059582
  61    1200.00    1220.00 -3.225074741490232E-09  2.596229035516731E-10 1014433
  62    1220.00    1240.00 -3.020880585802306E-09  2.735789136053285E-10 968251
  63    1240.00    1260.00 -2.557339203829957E-09  2.236833900879726E-10 923815
  64    1260.00    1280.00 -2.392418066262502E-09  1.851509242082340E-10 883966
  65    1280.00    1300.00 -2.061988563905707E-09  1.758348170125868E-10 842316
  66    1300.00    1320.00 -1.539513450852735E-09  1.641370382720961E-10 806376
  67    1320.00    1340.00 -1.750359361854311E-09  1.609944549012419E-10 772249
  68    1340.00    1360.00 -1.762467802644674E-09  1.453250576309235E-10 737658
  69    1360.00    1380.00 -1.398270927542116E-09  1.293410932170944E-10 706996
  70    1380.00    1400.00 -1.326470561099101E-09  1.247480867309353E-10 677197
  71    1400.00    1420.00 -1.220005994511141E-09  1.139266699011755E-10 647222
  72    1420.00    1440.00 -1.091049038238399E-09  9.130659671664619E-11 622294
  73    1440.00    1460.00 -9.705013421626444E-10  8.721249000741148E-11 596295
  74    1460.00    1480.00 -7.692606321701949E-10  9.695596071995925E-11 571618
  75    1480.00    1500.00 -8.210511291445736E-10  8.086864951367874E-11 549308
  76    1500.00    1520.00 -7.710364852798443E-10  8.019317929617971E-11 525216
  77    1520.00    1540.00 -5.462437427029191E-10  7.895477550389596E-11 503642
  78    1540.00    1560.00 -5.554722686016747E-10  6.153452611684026E-11 484591
  79    1560.00    1580.00 -5.912928089162559E-10  5.655465240913231E-11 465597
  80    1580.00    1600.00 -3.768391053281734E-10  5.187406530669172E-11 446906
  81    1600.00    1620.00 -4.263833476633182E-10  5.014312445675445E-11 429027
  82    1620.00    1640.00 -3.874360140218907E-10  5.233456202681960E-11 413489
  83    1640.00    1660.00 -3.225364486134177E-10  4.838049078009478E-11 396092
  84    1660.00    1680.00 -3.589965957199924E-10  3.730067735843889E-11 380066
  85    1680.00    1700.00 -2.823035343955299E-10  3.267444510225095E-11 365707
  86    1700.00    1720.00 -2.122269046373303E-10  2.931558043508995E-11 352461
  87    1720.00    1740.00 -2.468314513096756E-10  2.573937762283004E-11 338084
  88    1740.00    1760.00 -1.866930138587340E-10  2.615104390967831E-11 326049
  89    1760.00    1780.00 -1.479422559439523E-10  2.761776787325488E-11 313096
  90    1780.00    1800.00 -1.476319506651760E-10  2.104579943621486E-11 301284
  91    1800.00    1820.00 -1.293981694208861E-10  2.337832513077772E-11 290388
  92    1820.00    1840.00 -1.365128563885316E-10  2.237476401011872E-11 278365
  93    1840.00    1860.00 -1.209057111562416E-10  1.657834859805102E-11 268198
  94    1860.00    1880.00 -1.302389895709603E-10  1.488748963967589E-11 258567
  95    1880.00    1900.00 -9.742809845730191E-11  1.322260159348880E-11 249661
  96    1900.00    1920.00 -7.300609742624672E-11  1.274836485711893E-11 239853
  97    1920.00    1940.00 -9.665103652704363E-11  1.659029346728934E-11 231333
  98    1940.00    1960.00 -8.018131316267646E-11  1.326935339001007E-11 222681
  99    1960.00    1980.00 -8.182777881191335E-11  1.003762659480777E-11 215164
 100    1980.00    2000.00 -7.596881746348479E-11  9.567861200869681E-12 207667
 101    2000.00    2020.00 -5.671626698733103E-11  8.786344924840988E-12 199247
 102    2020.00    2040.00 -4.145534175978337E-11  6.995099247233645E-12 192144
 103    2040.00    2060.00 -3.437597515939780E-11  7.365060646879157E-12 186231
 104    2060.00    2080.00 -4.329742898486467E-11  6.712625464128299E-12 179806
 105    2080.00    2100.00 -3.441216251767740E-11  5.950280867427981E-12 172765
 106    2100.00    2120.00 -2.881173535825126E-11  6.441450232015975E-12 165914
 107    2120.00    2140.00 -2.743365517210126E-11  6.431912437904726E-12 160793
 108    2140.00    2160.00 -2.487430953825289E-11  4.801060069624475E-12 154809
 109    2160.00    2180.00 -1.452821536141528E-11  5.755726165847060E-12 149019
 110    2180.00    2200.00 -2.016059797705909E-11  3.801324085933965E-12 143541
 111    2200.00    2220.00 -1.596470166186975E-11  5.695965878364209E-12 138675
 112    2220.00    2240.00 -2.410106255742182E-11  5.102173765149710E-12 133605
 113    2240.00    2260.00 -1.956316300540200E-11  4.256035248857371E-12 129329
 114    2260.00    2280.00 -1.766472974662297E-11  3.418297601789458E-12 124334
 115    2280.00    2300.00 -1.375901182847172E-11  2.651014241089389E-12 121282
 116    2300.00    2320.00 -1.787622680291415E-11  3.617880024311362E-12 116958
 117    2320.00    2340.00 -1.256995597081863E-11  3.062685781673524E-12 112163
 118    2340.00    2360.00 -1.383595090806601E-11  2.754283033721727E-12 108726
 119    2360.00    2380.00 -8.244726313072939E-12  1.848833124236935E-12 104284
 120    2380.00    2400.00 -5.495359858865477E-12  2.507759499132571E-12 101118
 121    2400.00    2420.00 -5.881687760642087E-12  1.840819604329239E-12 97386
 122    2420.00    2440.00 -6.138058606927398E-12  1.524641546867467E-12 94211
 123    2440.00    2460.00 -1.936401526283350E-12  1.571372375998083E-12 90831
 124    2460.00    2480.00 -2.909451850297274E-12  1.341697094934156E-12 87825
 125    2480.00    2500.00 -5.193870894403713E-12  1.209105526897581E-12 84824
 126    2500.00    2520.00 -3.289600969969727E-12  1.098934721822605E-12 82251
 127    2520.00    2540.00 -3.837393210061769E-12  1.722246884732240E-12 79294
 128    2540.00    2560.00 -3.734581797352485E-12  1.083739597845471E-12 76864
 129    2560.00    2580.00 -2.559144648026979E-12  1.038651992975498E-12 73934
 130    2580.00    2600.00 -2.619888532935991E-12  9.180088886196625E-13 71793
 131    2600.00    2620.00 -3.095483186462135E-12  1.546974161395200E-12 69490
 132    2620.00    2640.00 -1.423714849433101E-12  8.592519631671261E-13 66057
 133    2640.00    2660.00 -2.111201872798569E-12  8.280012078232120E-13 64291
 134    2660.00    2680.00 -2.168823822846313E-12  5.580741378856544E-13 62410
 135    2680.00    2700.00 -1.012891035451720E-12  6.158122938325540E-13 60221
 136    2700.00    2720.00 -2.242248985027670E-12  6.056311224086105E-13 58129
 137    2720.00    2740.00 -1.356533898329020E-12  5.144541114879284E-13 56371
 138    2740.00    2760.00 -7.504593639396209E-13  4.036894896008531E-13 54122
 139    2760.00    2780.00 -1.537012986491286E-12  5.911872815613214E-13 52291
 140    2780.00    2800.00  1.674197810843759E-13  6.299808837231460E-13 50801
 141    2800.00    2820.00 -9.282908900504921E-13  3.183542322538398E-13 48906
 142    2820.00    2840.00 -5.281636578697170E-13  5.090020660700005E-13 47808
 143    2840.00    2860.00 -7.161444850543547E-13  2.605921856266584E-13 45592
 144    2860.00    2880.00 -7.583664218561271E-13  3.568554460386618E-13 43989
 145    2880.00    2900.00 -6.556269156373993E-13  2.437153293471013E-13 42768
 146    2900.00    2920.00 -6.792172286502921E-13  2.489147700792131E-13 41163
 147    2920.00    2940.00 -2.470061194670224E-13  1.993542021260260E-13 39475
 148    2940.00    2960.00 -2.012394348676180E-14  2.099888635004432E-13 38697
 149    2960.00    2980.00 -5.913137926778590E-14  2.625632416371746E-13 36770
 150    2980.00    3000.00 -2.784005224180392E-13  1.638245270963787E-13 35863
 151    3000.00    3020.00  7.729051039322204E-14  2.253463193953967E-13 34398
 152    3020.00    3040.00 -3.951767013421461E-13  1.295272757029244E-13 33676
 153    3040.00    3060.00 -3.777335156268376E-13  1.064318653149114E-13 32501
 154    3060.00    3080.00 -3.708406808104437E-13  1.486553507570647E-13 31140
 155    3080.00    3100.00 -1.690631273812740E-13  1.174581397522570E-13 30193
 156    3100.00    3120.00 -2.691537872009085E-13  1.240437802855687E-13 29090
 157    3120.00    3140.00 -2.919016994787895E-13  1.263074045437586E-13 28196
 158    3140.00    3160.00 -1.024167628013019E-13  9.923219249770138E-14 27204
 159    3160.00    3180.00 -3.372460148521472E-13  2.047956270267825E-13 26153
 160    3180.00    3200.00 -6.348909395813542E-14  5.815068536001383E-14 25255
 161    3200.00    3220.00 -1.491263612130097E-13  8.087082387919335E-14 24512
 162    3220.00    3240.00 -7.413836744319708E-15  6.722096978885243E-14 23786
 163    3240.00    3260.00 -1.508087446841241E-13  6.647174096806055E-14 22696
 164    3260.00    3280.00 -3.802729558767869E-14  6.624652462935009E-14 21960
 165    3280.00    3300.00 -1.009260205942450E-13  3.900548843308752E-14 21328
 166    3300.00    3320.00 -8.791773340973726E-14  4.605985124893306E-14 20575
 167    3320.00    3340.00 -3.279114053444873E-14  4.239202790523236E-14 19717
 168    3340.00    3360.00 -4.362993021162451E-14  4.619232052345307E-14 19031
 169    3360.00    3380.00 -7.062443953926470E-14  5.969201313129350E-14 18585
 170    3380.00    3400.00 -1.966118096977574E-14  3.535349269220240E-14 17852
 171    3400.00    3420.00 -5.750768333930722E-15  2.588392577168573E-14 17352
 172    3420.00    3440.00 -9.596412765898230E-15  2.941062244240363E-14 16650
 173    3440.00    3460.00  2.784351272113474E-15  3.077798596995897E-14 16202
 174    3460.00    3480.00 -4.868143669862592E-15  1.808287492628056E-14 15769
 175    3480.00    3500.00 -2.334672555624827E-14  1.231498776983775E-14 15034
 176    3500.00    3520.00 -3.580613988741935E-14  1.326636988833271E-14 14341
 177    3520.00    3540.00 -8.654297347537668E-15  1.553248434591012E-14 13951
 178    3540.00    3560.00 -5.169895755755233E-15  2.944395554655196E-14 13506
 179    3560.00    3580.00 -1.382349523876746E-14  1.860189444864060E-14 13028
 180    3580.00    3600.00 -4.051860796510454E-15  2.043894909274816E-14 12476
 181    3600.00    3620.00 -3.402349496588709E-14  1.324179949552836E-14 12145
 182    3620.00    3640.00 -1.807158359573266E-16  1.047099125845617E-14 11611
 183    3640.00    3660.00 -2.696841390239917E-14  1.282337793020913E-14 11129
 184    3660.00    3680.00 -7.700162784002548E-15  5.450378591178106E-15 10772
 185    3680.00    3700.00 -6.184055353401301E-15  7.154730469067576E-15 10395
 186    3700.00    3720.00 -8.861287740355159E-15  2.136405240281922E-14 10126
 187    3720.00    3740.00 -5.117419710313429E-15  4.337975686837914E-15 9750
 188    3740.00    3760.00 -9.356328606677912E-15  5.517871471425955E-15 9363
 189    3760.00    3780.00 -4.238975322005461E-15  4.667566424348553E-15 8996
 190    3780.00    3800.00  6.802152256203214E-16  5.753484111305256E-15 8641
 191    3800.00    3820.00 -2.402885204719802E-14  1.394022215233020E-14 8255
 192    3820.00    3840.00 -5.630244025470426E-15  3.544044966524221E-15 8056
 193    3840.00    3860.00 -6.311765478445365E-15  3.680638312788021E-15 7647
 194    3860.00    3880.00 -2.243558014213871E-15  4.548609765490662E-15 7283
 195    3880.00    3900.00 -4.445322051270795E-15  1.817226666705164E-15 7269
 196    3900.00    3920.00 -9.455971797128251E-15  3.328011865092480E-15 6854
 197    3920.00    3940.00 -2.771705031548798E-15  2.577378515270463E-15 6800
 198    3940.00    3960.00 -4.425433847549188E-15  2.479260586336301E-15 6410
 199    3960.00    3980.00 -1.750626260268769E-15  2.404165708692438E-15 6323
 200    3980.00    4000.00  2.021925463665089E-15  2.964816797481717E-15 5898
 201    4000.00    4020.00 -1.946065347254967E-15  2.642887417756162E-15 5569
 202    4020.00    4040.00 -4.080297511041885E-16  8.139494752364653E-16 5442
 203    4040.00    4060.00 -5.971845385672803E-16  1.330869695900890E-15 5213
 204    4060.00    4080.00 -1.585288961646497E-15  1.205875949156572E-15 5093
 205    4080.00    4100.00 -1.942700077716386E-15  1.587613896835533E-15 4791
 206    4100.00    4120.00 -3.560537554756961E-15  4.287745099883436E-15 4720
 207    4120.00    4140.00 -4.760794063134220E-16  6.951359263419712E-16 4474
 208    4140.00    4160.00 -2.172153986912470E-15  1.192580104265915E-15 4357
 209    4160.00    4180.00 -2.591904682625292E-15  1.276326851842028E-15 4204
 210    4180.00    4200.00 -2.347984036279564E-16  9.514561762691938E-16 3970
 211    4200.00    4220.00 -6.468495382653322E-16  5.908007872799591E-16 3761
 212    4220.00    4240.00 -4.877406652630781E-16  6.078339890364426E-16 3748
 213    4240.00    4260.00 -1.564598017003313E-16  3.139619112794809E-16 3509
 214    4260.00    4280.00 -8.006512572193733E-16  4.604688813299444E-16 3199
 215    4280.00    4300.00  6.650597887034951E-17  1.099876455784399E-15 3346
 216    4300.00    4320.00  4.491560267374481E-16  3.997821698922763E-16 3199
 217    4320.00    4340.00 -3.769850901398560E-16  2.377430189227434E-16 2975
 218    4340.00    4360.00 -1.188782569656608E-16  2.052956998471982E-16 2874
 219    4360.00    4380.00 -4.888117090265170E-16  2.407413851194322E-16 2683
 220    4380.00    4400.00 -2.256812822152811E-16  4.196739933210012E-16 2580
 221    4400.00    4420.00 -1.711527338839518E-16  1.173672916096994E-16 2522
 222    4420.00    4440.00 -2.100059504324797E-16  2.285964953399788E-16 2352
 223    4440.00    4460.00 -9.195090544829156E-17  1.337039229738765E-16 2337
 224    4460.00    4480.00  2.727613780787146E-16  2.826357782063703E-16 2170
 225    4480.00    4500.00 -5.590127967694555E-16  3.288417047816844E-16 2090
 226    4500.00    4520.00 -1.353270167756289E-16  1.047875985646120E-16 2067
 227    4520.00    4540.00 -2.905618146628245E-16  1.273345620703647E-16 1900
 228    4540.00    4560.00 -2.390435642137922E-16  1.326294288228405E-16 1768
 229    4560.00    4580.00  1.622730572498856E-17  1.120966418004086E-16 1743
 230    4580.00    4600.00  2.722673809502071E-17  1.452021751329382E-16 1670
 231    4600.00    4620.00  8.503747122539667E-17  8.940615146996027E-17 1567
 232    4620.00    4640.00 -2.986966043267331E-16  2.225455246002044E-16 1525
 233    4640.00    4660.00 -7.607407760449217E-17  1.332223074167720E-16 1447
 234    4660.00    4680.00 -3.351087614203226E-18  9.733712601071236E-17 1400
 235    4680.00    4700.00  6.103008184848208E-17  1.046799923175623E-16 1282
 236    4700.00    4720.00 -1.131010817182768E-16  7.624878720399808E-17 1244
 237    4720.00    4740.00 -2.350968213659140E-17  2.478134665024733E-17 1204
 238    4740.00    4760.00 -1.638437214969308E-17  3.599378452564738E-17 1076
 239    4760.00    4780.00 -1.708181670083212E-17  1.767312986701617E-17 1061
 240    4780.00    4800.00 -2.034575679944944E-18  1.823238565939175E-17 1002
 241    4800.00    4820.00 -1.529075925794734E-17  2.615767541711539E-17 900
 242    4820.00    4840.00  6.947357754060721E-18  9.945674432495949E-18 938
 243    4840.00    4860.00 -1.398403698905776E-17  1.293442382529592E-17 903
 244    4860.00    4880.00 -1.264329842270015E-17  1.230356522981487E-17 795
 245    4880.00    4900.00 -8.328239583970609E-18  1.721469334906529E-17 821
 246    4900.00    4920.00 -3.606503526807494E-17  2.699704765588889E-17 722
 247    4920.00    4940.00 -3.133415795004343E-17  1.790966015379732E-17 663
 248    4940.00    4960.00  3.718317313989242E-18  8.472392406237513E-18 671
 249    4960.00    4980.00 -8.172350052011718E-18  1.203001138813511E-17 591
 250    4980.00    5000.00  1.555494522546291E-17  1.991827031206155E-17 619
 251    5000.00    5020.00  1.947899516547629E-17  1.432567235344071E-17 576
 252    5020.00    5040.00  3.188936291196674E-18  5.904173154560484E-18 535
 253    5040.00    5060.00  5.299383359366060E-18  9.719641613794112E-18 503
 254    5060.00    5080.00 -4.242253644307825E-18  3.492586843398672E-18 469
 255    5080.00    5100.00 -2.078425226037829E-18  3.675288120655069E-18 465
 256    5100.00    5120.00  7.366030288545526E-19  4.047151347232485E-18 428
 257    5120.00    5140.00 -1.081221710906268E-18  2.775012182702230E-18 386
 258    5140.00    5160.00 -2.461948104740392E-18  1.559803342150372E-18 336
 259    5160.00    5180.00  1.661671896865135E-18  1.480608135221908E-18 341
 260    5180.00    5200.00 -1.101875991091654E-18  1.867767862287556E-18 352
 261    5200.00    5220.00  2.414869945982978E-19  1.442680900952991E-18 346
 262    5220.00    5240.00 -1.133719518386156E-18  1.219639081400356E-18 303
 263    5240.00    5260.00 -1.809098832054321E-18  7.401188443259426E-19 259
 264    5260.00    5280.00  5.022470019486205E-19  7.732252479732601E-19 239
 265    5280.00    5300.00 -8.470928067761158E-19  7.710154315009832E-19 198
 266    5300.00    5320.00  9.768760179909110E-19  1.365948044778007E-18 198
 267    5320.00    5340.00  9.350838500163970E-20  3.775112945728883E-19 197
 268    5340.00    5360.00  6.919087044607823E-20  1.557501304055636E-19 186
 269    5360.00    5380.00  3.695031330845325E-20  3.750288490597813E-19 172
 270    5380.00    5400.00 -2.492955749668991E-19  4.691113538685691E-19 154
 271    5400.00    5420.00  8.793589719676772E-19  9.870210522116669E-19 139
 272    5420.00    5440.00 -7.488310365281426E-19  5.792575060494546E-19 132
 273    5440.00    5460.00  1.108827280764338E-18  1.204655441673317E-18 121
 274    5460.00    5480.00 -1.639979735641949E-19  1.114984257290334E-19 108
 275    5480.00    5500.00 -1.473519937028109E-18  1.373256665033460E-18 107
 276    5500.00    5520.00 -1.184752508487102E-18  1.108762951756699E-18 93
 277    5520.00    5540.00 -1.740282113864082E-19  3.022235643919625E-19 100
 278    5540.00    5560.00 -1.312419468971430E-20  7.695050885391723E-20 78
 279    5560.00    5580.00  7.563701195136961E-21  4.724217797673796E-20 72
 280    5580.00    5600.00  2.466601434507347E-20  2.346197224907028E-20 70
 281    5600.00    5620.00  4.013489386740405E-20  2.265028012389687E-20 64
 282    5620.00    5640.00 -8.742560435373901E-21  2.018910809309356E-20 60
 283    5640.00    5660.00 -5.116252965011567E-20  7.857484916493872E-20 62
 284    5660.00    5680.00  7.504299482966390E-20  7.137276695820432E-20 33
 285    5680.00    5700.00  1.574645074662781E-20  1.484433627817174E-20 37
 286    5700.00    5720.00  1.454206711040464E-20  1.624446255275800E-20 34
 287    5720.00    5740.00 -1.522389376261545E-21  3.561777444217631E-21 24
 288    5740.00    5760.00 -4.748230166663556E-21  4.824409907345359E-21 26
 289    5760.00    5780.00 -4.577071817876691E-21  3.081533035120110E-21 26
 290    5780.00    5800.00  6.561412715551979E-22  1.340792059925231E-21 21
 291    5800.00    5820.00 -2.667793514571612E-21  2.290453156247455E-21 17
 292    5820.00    5840.00 -1.079058817725216E-21  9.795647913806200E-22 14
 293    5840.00    5860.00  3.825142707862994E-22  7.163264762390551E-22 15
 294    5860.00    5880.00  1.626877023392754E-20  1.736238664567569E-20 15
 295    5880.00    5900.00  5.049875635594621E-22  7.680646477157641E-22 12
 296    5900.00    5920.00 -4.339436357747920E-21  4.828327524660602E-21 15
 297    5920.00    5940.00 -5.488220010702576E-21  6.735169535311990E-21 6
 298    5940.00    5960.00  2.058542744231525E-22  1.314814311028322E-22 7
 299    5960.00    5980.00  7.680132269479849E-22  6.211680308695635E-22 11
 300    5980.00    6000.00 -3.271341085772901E-23  2.839102927433128E-23 6
 301    6000.00    6020.00 -2.554504551312371E-22  2.554977267229101E-22 2
 302    6020.00    6040.00 -3.289837251204401E-24  2.424246067968982E-24 2
 303    6040.00    6060.00 -3.501503690447199E-24  3.485789788384428E-24 2
 304    6060.00    6080.00  2.541967668852539E-24  1.882595274066434E-24 5
 305    6080.00    6100.00  1.016474861884620E-25  1.016474861421818E-25 1
 306    6100.00    6120.00  0.000000000000000E+00  0.000000000000000E+00 0
 307    6120.00    6140.00  0.000000000000000E+00  0.000000000000000E+00 0
 308    6140.00    6160.00  0.000000000000000E+00  0.000000000000000E+00 0
 309    6160.00    6180.00  0.000000000000000E+00  0.000000000000000E+00 0
 310    6180.00    6200.00  0.000000000000000E+00  0.000000000000000E+00 0
 311    6200.00    6220.00  0.000000000000000E+00  0.000000000000000E+00 0
 312    6220.00    6240.00  0.000000000000000E+00  0.000000000000000E+00 0
 313    6240.00    6260.00  0.000000000000000E+00  0.000000000000000E+00 0
 314    6260.00    6280.00  0.000000000000000E+00  0.000000000000000E+00 0
 315    6280.00    6300.00  0.000000000000000E+00  0.000000000000000E+00 0
 316    6300.00    6320.00  0.000000000000000E+00  0.000000000000000E+00 0
 317    6320.00    6340.00  0.000000000000000E+00  0.000000000000000E+00 0
 318    6340.00    6360.00  0.000000000000000E+00  0.000000000000000E+00 0
 319    6360.00    6380.00  0.000000000000000E+00  0.000000000000000E+00 0
 320    6380.00    6400.00  0.000000000000000E+00  0.000000000000000E+00 0
 321    6400.00    6420.00  0.000000000000000E+00  0.000000000000000E+00 0
 322    6420.00    6440.00  0.000000000000000E+00  0.000000000000000E+00 0
 323    6440.00    6460.00  0.000000000000000E+00  0.000000000000000E+00 0
 324    6460.00    6480.00  0.000000000000000E+00  0.000000000000000E+00 0
 325    6480.00    6500.00  0.000000000000000E+00  0.000000000000000E+00 0
 326    6500.00    6520.00  0.000000000000000E+00  0.000000000000000E+00 0
 327    6520.00    6540.00  0.000000000000000E+00  0.000000000000000E+00 0
 328    6540.00    6560.00  0.000000000000000E+00  0.000000000000000E+00 0
 329    6560.00    6580.00  0.000000000000000E+00  0.000000000000000E+00 0
 330    6580.00    6600.00  0.000000000000000E+00  0.000000000000000E+00 0
 331    6600.00    6620.00  0.000000000000000E+00  0.000000000000000E+00 0
 332    6620.00    6640.00  0.000000000000000E+00  0.000000000000000E+00 0
 333    6640.00    6660.00  0.000000000000000E+00  0.000000000000000E+00 0
 334    6660.00    6680.00  0.000000000000000E+00  0.000000000000000E+00 0
 335    6680.00    6700.00  0.000000000000000E+00  0.000000000000000E+00 0
 336    6700.00    6720.00  0.000000000000000E+00  0.000000000000000E+00 0
 337    6720.00    6740.00  0.000000000000000E+00  0.000000000000000E+00 0
 338    6740.00    6760.00  0.000000000000000E+00  0.000000000000000E+00 0
 339    6760.00    6780.00  0.000000000000000E+00  0.000000000000000E+00 0
 340    6780.00    6800.00  0.000000000000000E+00  0.000000000000000E+00 0
 341    6800.00    6820.00  0.000000000000000E+00  0.000000000000000E+00 0
 342    6820.00    6840.00  0.000000000000000E+00  0.000000000000000E+00 0
 343    6840.00    6860.00  0.000000000000000E+00  0.000000000000000E+00 0
 344    6860.00    6880.00  0.000000000000000E+00  0.000000000000000E+00 0
 345    6880.00    6900.00  0.000000000000000E+00  0.000000000000000E+00 0
 346    6900.00    6920.00  0.000000000000000E+00  0.000000000000000E+00 0
 347    6920.00    6940.00  0.000000000000000E+00  0.000000000000000E+00 0
 348    6940.00    6960.00  0.000000000000000E+00  0.000000000000000E+00 0
 349    6960.00    6980.00  0.000000000000000E+00  0.000000000000000E+00 0
 350    6980.00    7000.00  0.000000000000000E+00  0.000000000000000E+00 0
 351    7000.00    7020.00  0.000000000000000E+00  0.000000000000000E+00 0
 352    7020.00    7040.00  0.000000000000000E+00  0.000000000000000E+00 0
 353    7040.00    7060.00  0.000000000000000E+00  0.000000000000000E+00 0
 354    7060.00    7080.00  0.000000000000000E+00  0.000000000000000E+00 0
 355    7080.00    7100.00  0.000000000000000E+00  0.000000000000000E+00 0
 356    7100.00    7120.00  0.000000000000000E+00  0.000000000000000E+00 0
 357    7120.00    7140.00  0.000000000000000E+00  0.000000000000000E+00 0
 358    7140.00    7160.00  0.000000000000000E+00  0.000000000000000E+00 0
 359    7160.00    7180.00  0.000000000000000E+00  0.000000000000000E+00 0
 360    7180.00    7200.00  0.000000000000000E+00  0.000000000000000E+00 0
 361    7200.00    7220.00  0.000000000000000E+00  0.000000000000000E+00 0
 362    7220.00    7240.00  0.000000000000000E+00  0.000000000000000E+00 0
 363    7240.00    7260.00  0.000000000000000E+00  0.000000000000000E+00 0
 364    7260.00    7280.00  0.000000000000000E+00  0.000000000000000E+00 0
 365    7280.00    7300.00  0.000000000000000E+00  0.000000000000000E+00 0
 366    7300.00    7320.00  0.000000000000000E+00  0.000000000000000E+00 0
 367    7320.00    7340.00  0.000000000000000E+00  0.000000000000000E+00 0
 368    7340.00    7360.00  0.000000000000000E+00  0.000000000000000E+00 0
 369    7360.00    7380.00  0.000000000000000E+00  0.000000000000000E+00 0
 370    7380.00    7400.00  0.000000000000000E+00  0.000000000000000E+00 0
 371    7400.00    7420.00  0.000000000000000E+00  0.000000000000000E+00 0
 372    7420.00    7440.00  0.000000000000000E+00  0.000000000000000E+00 0
 373    7440.00    7460.00  0.000000000000000E+00  0.000000000000000E+00 0
 374    7460.00    7480.00  0.000000000000000E+00  0.000000000000000E+00 0
 375    7480.00    7500.00  0.000000000000000E+00  0.000000000000000E+00 0
 376    7500.00    7520.00  0.000000000000000E+00  0.000000000000000E+00 0
 377    7520.00    7540.00  0.000000000000000E+00  0.000000000000000E+00 0
 378    7540.00    7560.00  0.000000000000000E+00  0.000000000000000E+00 0
 379    7560.00    7580.00  0.000000000000000E+00  0.000000000000000E+00 0
 380    7580.00    7600.00  0.000000000000000E+00  0.000000000000000E+00 0
 381    7600.00    7620.00  0.000000000000000E+00  0.000000000000000E+00 0
 382    7620.00    7640.00  0.000000000000000E+00  0.000000000000000E+00 0
 383    7640.00    7660.00  0.000000000000000E+00  0.000000000000000E+00 0
 384    7660.00    7680.00  0.000000000000000E+00  0.000000000000000E+00 0
 385    7680.00    7700.00  0.000000000000000E+00  0.000000000000000E+00 0
 386    7700.00    7720.00  0.000000000000000E+00  0.000000000000000E+00 0
 387    7720.00    7740.00  0.000000000000000E+00  0.000000000000000E+00 0
 388    7740.00    7760.00  0.000000000000000E+00  0.000000000000000E+00 0
 389    7760.00    7780.00  0.000000000000000E+00  0.000000000000000E+00 0
 390    7780.00    7800.00  0.000000000000000E+00  0.000000000000000E+00 0
 391    7800.00    7820.00  0.000000000000000E+00  0.000000000000000E+00 0
 392    7820.00    7840.00  0.000000000000000E+00  0.000000000000000E+00 0
 393    7840.00    7860.00  0.000000000000000E+00  0.000000000000000E+00 0
 394    7860.00    7880.00  0.000000000000000E+00  0.000000000000000E+00 0
 395    7880.00    7900.00  0.000000000000000E+00  0.000000000000000E+00 0
 396    7900.00    7920.00  0.000000000000000E+00  0.000000000000000E+00 0
 397    7920.00    7940.00  0.000000000000000E+00  0.000000000000000E+00 0
 398    7940.00    7960.00  0.000000000000000E+00  0.000000000000000E+00 0
 399    7960.00    7980.00  0.000000000000000E+00  0.000000000000000E+00 0
 400    7980.00    8000.00  0.000000000000000E+00  0.000000000000000E+00 0
 401    8000.00    8020.00  0.000000000000000E+00  0.000000000000000E+00 0
 402    8020.00    8040.00  0.000000000000000E+00  0.000000000000000E+00 0
 403    8040.00    8060.00  0.000000000000000E+00  0.000000000000000E+00 0
 404    8060.00    8080.00  0.000000000000000E+00  0.000000000000000E+00 0
 405    8080.00    8100.00  0.000000000000000E+00  0.000000000000000E+00 0
 406    8100.00    8120.00  0.000000000000000E+00  0.000000000000000E+00 0
 407    8120.00    8140.00  0.000000000000000E+00  0.000000000000000E+00 0
 408    8140.00    8160.00  0.000000000000000E+00  0.000000000000000E+00 0
 409    8160.00    8180.00  0.000000000000000E+00  0.000000000000000E+00 0
 410    8180.00    8200.00  0.000000000000000E+00  0.000000000000000E+00 0
 411    8200.00    8220.00  0.000000000000000E+00  0.000000000000000E+00 0
 412    8220.00    8240.00  0.000000000000000E+00  0.000000000000000E+00 0
 413    8240.00    8260.00  0.000000000000000E+00  0.000000000000000E+00 0
 414    8260.00    8280.00  0.000000000000000E+00  0.000000000000000E+00 0
 415    8280.00    8300.00  0.000000000000000E+00  0.000000000000000E+00 0
 416    8300.00    8320.00  0.000000000000000E+00  0.000000000000000E+00 0
 417    8320.00    8340.00  0.000000000000000E+00  0.000000000000000E+00 0
 418    8340.00    8360.00  0.000000000000000E+00  0.000000000000000E+00 0
 419    8360.00    8380.00  0.000000000000000E+00  0.000000000000000E+00 0
 420    8380.00    8400.00  0.000000000000000E+00  0.000000000000000E+00 0
 421    8400.00    8420.00  0.000000000000000E+00  0.000000000000000E+00 0
 422    8420.00    8440.00  0.000000000000000E+00  0.000000000000000E+00 0
 423    8440.00    8460.00  0.000000000000000E+00  0.000000000000000E+00 0
 424    8460.00    8480.00  0.000000000000000E+00  0.000000000000000E+00 0
 425    8480.00    8500.00  0.000000000000000E+00  0.000000000000000E+00 0
 426    8500.00    8520.00  0.000000000000000E+00  0.000000000000000E+00 0
 427    8520.00    8540.00  0.000000000000000E+00  0.000000000000000E+00 0
 428    8540.00    8560.00  0.000000000000000E+00  0.000000000000000E+00 0
 429    8560.00    8580.00  0.000000000000000E+00  0.000000000000000E+00 0
 430    8580.00    8600.00  0.000000000000000E+00  0.000000000000000E+00 0
 431    8600.00    8620.00  0.000000000000000E+00  0.000000000000000E+00 0
 432    8620.00    8640.00  0.000000000000000E+00  0.000000000000000E+00 0
 433    8640.00    8660.00  0.000000000000000E+00  0.000000000000000E+00 0
 434    8660.00    8680.00  0.000000000000000E+00  0.000000000000000E+00 0
 435    8680.00    8700.00  0.000000000000000E+00  0.000000000000000E+00 0
 436    8700.00    8720.00  0.000000000000000E+00  0.000000000000000E+00 0
 437    8720.00    8740.00  0.000000000000000E+00  0.000000000000000E+00 0
 438    8740.00    8760.00  0.000000000000000E+00  0.000000000000000E+00 0
 439    8760.00    8780.00  0.000000000000000E+00  0.000000000000000E+00 0
 440    8780.00    8800.00  0.000000000000000E+00  0.000000000000000E+00 0
 441    8800.00    8820.00  0.000000000000000E+00  0.000000000000000E+00 0
 442    8820.00    8840.00  0.000000000000000E+00  0.000000000000000E+00 0
 443    8840.00    8860.00  0.000000000000000E+00  0.000000000000000E+00 0
 444    8860.00    8880.00  0.000000000000000E+00  0.000000000000000E+00 0
 445    8880.00    8900.00  0.000000000000000E+00  0.000000000000000E+00 0
 446    8900.00    8920.00  0.000000000000000E+00  0.000000000000000E+00 0
 447    8920.00    8940.00  0.000000000000000E+00  0.000000000000000E+00 0
 448    8940.00    8960.00  0.000000000000000E+00  0.000000000000000E+00 0
 449    8960.00    8980.00  0.000000000000000E+00  0.000000000000000E+00 0
 450    8980.00    9000.00  0.000000000000000E+00  0.000000000000000E+00 0
 451    9000.00    9020.00  0.000000000000000E+00  0.000000000000000E+00 0
 452    9020.00    9040.00  0.000000000000000E+00  0.000000000000000E+00 0
 453    9040.00    9060.00  0.000000000000000E+00  0.000000000000000E+00 0
 454    9060.00    9080.00  0.000000000000000E+00  0.000000000000000E+00 0
 455    9080.00    9100.00  0.000000000000000E+00  0.000000000000000E+00 0
 456    9100.00    9120.00  0.000000000000000E+00  0.000000000000000E+00 0
 457    9120.00    9140.00  0.000000000000000E+00  0.000000000000000E+00 0
 458    9140.00    9160.00  0.000000000000000E+00  0.000000000000000E+00 0
 459    9160.00    9180.00  0.000000000000000E+00  0.000000000000000E+00 0
 460    9180.00    9200.00  0.000000000000000E+00  0.000000000000000E+00 0
 461    9200.00    9220.00  0.000000000000000E+00  0.000000000000000E+00 0
 462    9220.00    9240.00  0.000000000000000E+00  0.000000000000000E+00 0
 463    9240.00    9260.00  0.000000000000000E+00  0.000000000000000E+00 0
 464    9260.00    9280.00  0.000000000000000E+00  0.000000000000000E+00 0
 465    9280.00    9300.00  0.000000000000000E+00  0.000000000000000E+00 0
 466    9300.00    9320.00  0.000000000000000E+00  0.000000000000000E+00 0
 467    9320.00    9340.00  0.000000000000000E+00  0.000000000000000E+00 0
 468    9340.00    9360.00  0.000000000000000E+00  0.000000000000000E+00 0
 469    9360.00    9380.00  0.000000000000000E+00  0.000000000000000E+00 0
 470    9380.00    9400.00  0.000000000000000E+00  0.000000000000000E+00 0
 471    9400.00    9420.00  0.000000000000000E+00  0.000000000000000E+00 0
 472    9420.00    9440.00  0.000000000000000E+00  0.000000000000000E+00 0
 473    9440.00    9460.00  0.000000000000000E+00  0.000000000000000E+00 0
 474    9460.00    9480.00  0.000000000000000E+00  0.000000000000000E+00 0
 475    9480.00    9500.00  0.000000000000000E+00  0.000000000000000E+00 0
 476    9500.00    9520.00  0.000000000000000E+00  0.000000000000000E+00 0
 477    9520.00    9540.00  0.000000000000000E+00  0.000000000000000E+00 0
 478    9540.00    9560.00  0.000000000000000E+00  0.000000000000000E+00 0
 479    9560.00    9580.00  0.000000000000000E+00  0.000000000000000E+00 0
 480    9580.00    9600.00  0.000000000000000E+00  0.000000000000000E+00 0
 481    9600.00    9620.00  0.000000000000000E+00  0.000000000000000E+00 0
 482    9620.00    9640.00  0.000000000000000E+00  0.000000000000000E+00 0
 483    9640.00    9660.00  0.000000000000000E+00  0.000000000000000E+00 0
 484    9660.00    9680.00  0.000000000000000E+00  0.000000000000000E+00 0
 485    9680.00    9700.00  0.000000000000000E+00  0.000000000000000E+00 0
 486    9700.00    9720.00  0.000000000000000E+00  0.000000000000000E+00 0
 487    9720.00    9740.00  0.000000000000000E+00  0.000000000000000E+00 0
 488    9740.00    9760.00  0.000000000000000E+00  0.000000000000000E+00 0
 489    9760.00    9780.00  0.000000000000000E+00  0.000000000000000E+00 0
 490    9780.00    9800.00  0.000000000000000E+00  0.000000000000000E+00 0
 491    9800.00    9820.00  0.000000000000000E+00  0.000000000000000E+00 0
 492    9820.00    9840.00  0.000000000000000E+00  0.000000000000000E+00 0
 493    9840.00    9860.00  0.000000000000000E+00  0.000000000000000E+00 0
 494    9860.00    9880.00  0.000000000000000E+00  0.000000000000000E+00 0
 495    9880.00    9900.00  0.000000000000000E+00  0.000000000000000E+00 0
 496    9900.00    9920.00  0.000000000000000E+00  0.000000000000000E+00 0
 497    9920.00    9940.00  0.000000000000000E+00  0.000000000000000E+00 0
 498    9940.00    9960.00  0.000000000000000E+00  0.000000000000000E+00 0
 499    9960.00    9980.00  0.000000000000000E+00  0.000000000000000E+00 0
 500    9980.00   10000.00  0.000000000000000E+00  0.000000000000000E+00 0
 501   10000.00   10020.00  0.000000000000000E+00  0.000000000000000E+00 0
 502   10020.00   10040.00  0.000000000000000E+00  0.000000000000000E+00 0
 503   10040.00   10060.00  0.000000000000000E+00  0.000000000000000E+00 0
 504   10060.00   10080.00  0.000000000000000E+00  0.000000000000000E+00 0
 505   10080.00   10100.00  0.000000000000000E+00  0.000000000000000E+00 0
 506   10100.00   10120.00  0.000000000000000E+00  0.000000000000000E+00 0
 507   10120.00   10140.00  0.000000000000000E+00  0.000000000000000E+00 0
 508   10140.00   10160.00  0.000000000000000E+00  0.000000000000000E+00 0
 509   10160.00   10180.00  0.000000000000000E+00  0.000000000000000E+00 0
 510   10180.00   10200.00  0.000000000000000E+00  0.000000000000000E+00 0
 511   10200.00   10220.00  0.000000000000000E+00  0.000000000000000E+00 0
 512   10220.00   10240.00  0.000000000000000E+00  0.000000000000000E+00 0
 513   10240.00   10260.00  0.000000000000000E+00  0.000000000000000E+00 0
 514   10260.00   10280.00  0.000000000000000E+00  0.000000000000000E+00 0
 515   10280.00   10300.00  0.000000000000000E+00  0.000000000000000E+00 0
 516   10300.00   10320.00  0.000000000000000E+00  0.000000000000000E+00 0
 517   10320.00   10340.00  0.000000000000000E+00  0.000000000000000E+00 0
 518   10340.00   10360.00  0.000000000000000E+00  0.000000000000000E+00 0
 519   10360.00   10380.00  0.000000000000000E+00  0.000000000000000E+00 0
 520   10380.00   10400.00  0.000000000000000E+00  0.000000000000000E+00 0
 521   10400.00   10420.00  0.000000000000000E+00  0.000000000000000E+00 0
 522   10420.00   10440.00  0.000000000000000E+00  0.000000000000000E+00 0
 523   10440.00   10460.00  0.000000000000000E+00  0.000000000000000E+00 0
 524   10460.00   10480.00  0.000000000000000E+00  0.000000000000000E+00 0
 525   10480.00   10500.00  0.000000000000000E+00  0.000000000000000E+00 0
 526   10500.00   10520.00  0.000000000000000E+00  0.000000000000000E+00 0
 527   10520.00   10540.00  0.000000000000000E+00  0.000000000000000E+00 0
 528   10540.00   10560.00  0.000000000000000E+00  0.000000000000000E+00 0
 529   10560.00   10580.00  0.000000000000000E+00  0.000000000000000E+00 0
 530   10580.00   10600.00  0.000000000000000E+00  0.000000000000000E+00 0
 531   10600.00   10620.00  0.000000000000000E+00  0.000000000000000E+00 0
 532   10620.00   10640.00  0.000000000000000E+00  0.000000000000000E+00 0
 533   10640.00   10660.00  0.000000000000000E+00  0.000000000000000E+00 0
 534   10660.00   10680.00  0.000000000000000E+00  0.000000000000000E+00 0
 535   10680.00   10700.00  0.000000000000000E+00  0.000000000000000E+00 0
 536   10700.00   10720.00  0.000000000000000E+00  0.000000000000000E+00 0
 537   10720.00   10740.00  0.000000000000000E+00  0.000000000000000E+00 0
 538   10740.00   10760.00  0.000000000000000E+00  0.000000000000000E+00 0
 539   10760.00   10780.00  0.000000000000000E+00  0.000000000000000E+00 0
 540   10780.00   10800.00  0.000000000000000E+00  0.000000000000000E+00 0
 541   10800.00   10820.00  0.000000000000000E+00  0.000000000000000E+00 0
 542   10820.00   10840.00  0.000000000000000E+00  0.000000000000000E+00 0
 543   10840.00   10860.00  0.000000000000000E+00  0.000000000000000E+00 0
 544   10860.00   10880.00  0.000000000000000E+00  0.000000000000000E+00 0
 545   10880.00   10900.00  0.000000000000000E+00  0.000000000000000E+00 0
 546   10900.00   10920.00  0.000000000000000E+00  0.000000000000000E+00 0
 547   10920.00   10940.00  0.000000000000000E+00  0.000000000000000E+00 0
 548   10940.00   10960.00  0.000000000000000E+00  0.000000000000000E+00 0
 549   10960.00   10980.00  0.000000000000000E+00  0.000000000000000E+00 0
 550   10980.00   11000.00  0.000000000000000E+00  0.000000000000000E+00 0
 551   11000.00   11020.00  0.000000000000000E+00  0.000000000000000E+00 0
 552   11020.00   11040.00  0.000000000000000E+00  0.000000000000000E+00 0
 553   11040.00   11060.00  0.000000000000000E+00  0.000000000000000E+00 0
 554   11060.00   11080.00  0.000000000000000E+00  0.000000000000000E+00 0
 555   11080.00   11100.00  0.000000000000000E+00  0.000000000000000E+00 0
 556   11100.00   11120.00  0.000000000000000E+00  0.000000000000000E+00 0
 557   11120.00   11140.00  0.000000000000000E+00  0.000000000000000E+00 0
 558   11140.00   11160.00  0.000000000000000E+00  0.000000000000000E+00 0
 559   11160.00   11180.00  0.000000000000000E+00  0.000000000000000E+00 0
 560   11180.00   11200.00  0.000000000000000E+00  0.000000000000000E+00 0
 561   11200.00   11220.00  0.000000000000000E+00  0.000000000000000E+00 0
 562   11220.00   11240.00  0.000000000000000E+00  0.000000000000000E+00 0
 563   11240.00   11260.00  0.000000000000000E+00  0.000000000000000E+00 0
 564   11260.00   11280.00  0.000000000000000E+00  0.000000000000000E+00 0
 565   11280.00   11300.00  0.000000000000000E+00  0.000000000000000E+00 0
 566   11300.00   11320.00  0.000000000000000E+00  0.000000000000000E+00 0
 567   11320.00   11340.00  0.000000000000000E+00  0.000000000000000E+00 0
 568   11340.00   11360.00  0.000000000000000E+00  0.000000000000000E+00 0
 569   11360.00   11380.00  0.000000000000000E+00  0.000000000000000E+00 0
 570   11380.00   11400.00  0.000000000000000E+00  0.000000000000000E+00 0
 571   11400.00   11420.00  0.000000000000000E+00  0.000000000000000E+00 0
 572   11420.00   11440.00  0.000000000000000E+00  0.000000000000000E+00 0
 573   11440.00   11460.00  0.000000000000000E+00  0.000000000000000E+00 0
 574   11460.00   11480.00  0.000000000000000E+00  0.000000000000000E+00 0
 575   11480.00   11500.00  0.000000000000000E+00  0.000000000000000E+00 0
 576   11500.00   11520.00  0.000000000000000E+00  0.000000000000000E+00 0
 577   11520.00   11540.00  0.000000000000000E+00  0.000000000000000E+00 0
 578   11540.00   11560.00  0.000000000000000E+00  0.000000000000000E+00 0
 579   11560.00   11580.00  0.000000000000000E+00  0.000000000000000E+00 0
 580   11580.00   11600.00  0.000000000000000E+00  0.000000000000000E+00 0
 581   11600.00   11620.00  0.000000000000000E+00  0.000000000000000E+00 0
 582   11620.00   11640.00  0.000000000000000E+00  0.000000000000000E+00 0
 583   11640.00   11660.00  0.000000000000000E+00  0.000000000000000E+00 0
 584   11660.00   11680.00  0.000000000000000E+00  0.000000000000000E+00 0
 585   11680.00   11700.00  0.000000000000000E+00  0.000000000000000E+00 0
 586   11700.00   11720.00  0.000000000000000E+00  0.000000000000000E+00 0
 587   11720.00   11740.00  0.000000000000000E+00  0.000000000000000E+00 0
 588   11740.00   11760.00  0.000000000000000E+00  0.000000000000000E+00 0
 589   11760.00   11780.00  0.000000000000000E+00  0.000000000000000E+00 0
 590   11780.00   11800.00  0.000000000000000E+00  0.000000000000000E+00 0
 591   11800.00   11820.00  0.000000000000000E+00  0.000000000000000E+00 0
 592   11820.00   11840.00  0.000000000000000E+00  0.000000000000000E+00 0
 593   11840.00   11860.00  0.000000000000000E+00  0.000000000000000E+00 0
 594   11860.00   11880.00  0.000000000000000E+00  0.000000000000000E+00 0
 595   11880.00   11900.00  0.000000000000000E+00  0.000000000000000E+00 0
 596   11900.00   11920.00  0.000000000000000E+00  0.000000000000000E+00 0
 597   11920.00   11940.00  0.000000000000000E+00  0.000000000000000E+00 0
 598   11940.00   11960.00  0.000000000000000E+00  0.000000000000000E+00 0
 599   11960.00   11980.00  0.000000000000000E+00  0.000000000000000E+00 0
 600   11980.00   12000.00  0.000000000000000E+00  0.000000000000000E+00 0
 601   12000.00   12020.00  0.000000000000000E+00  0.000000000000000E+00 0
 602   12020.00   12040.00  0.000000000000000E+00  0.000000000000000E+00 0
 603   12040.00   12060.00  0.000000000000000E+00  0.000000000000000E+00 0
 604   12060.00   12080.00  0.000000000000000E+00  0.000000000000000E+00 0
 605   12080.00   12100.00  0.000000000000000E+00  0.000000000000000E+00 0
 606   12100.00   12120.00  0.000000000000000E+00  0.000000000000000E+00 0
 607   12120.00   12140.00  0.000000000000000E+00  0.000000000000000E+00 0
 608   12140.00   12160.00  0.000000000000000E+00  0.000000000000000E+00 0
 609   12160.00   12180.00  0.000000000000000E+00  0.000000000000000E+00 0
 610   12180.00   12200.00  0.000000000000000E+00  0.000000000000000E+00 0
 611   12200.00   12220.00  0.000000000000000E+00  0.000000000000000E+00 0
 612   12220.00   12240.00  0.000000000000000E+00  0.000000000000000E+00 0
 613   12240.00   12260.00  0.000000000000000E+00  0.000000000000000E+00 0
 614   12260.00   12280.00  0.000000000000000E+00  0.000000000000000E+00 0
 615   12280.00   12300.00  0.000000000000000E+00  0.000000000000000E+00 0
 616   12300.00   12320.00  0.000000000000000E+00  0.000000000000000E+00 0
 617   12320.00   12340.00  0.000000000000000E+00  0.000000000000000E+00 0
 618   12340.00   12360.00  0.000000000000000E+00  0.000000000000000E+00 0
 619   12360.00   12380.00  0.000000000000000E+00  0.000000000000000E+00 0
 620   12380.00   12400.00  0.000000000000000E+00  0.000000000000000E+00 0
 621   12400.00   12420.00  0.000000000000000E+00  0.000000000000000E+00 0
 622   12420.00   12440.00  0.000000000000000E+00  0.000000000000000E+00 0
 623   12440.00   12460.00  0.000000000000000E+00  0.000000000000000E+00 0
 624   12460.00   12480.00  0.000000000000000E+00  0.000000000000000E+00 0
 625   12480.00   12500.00  0.000000000000000E+00  0.000000000000000E+00 0
 626   12500.00   12520.00  0.000000000000000E+00  0.000000000000000E+00 0
 627   12520.00   12540.00  0.000000000000000E+00  0.000000000000000E+00 0
 628   12540.00   12560.00  0.000000000000000E+00  0.000000000000000E+00 0
 629   12560.00   12580.00  0.000000000000000E+00  0.000000000000000E+00 0
 630   12580.00   12600.00  0.000000000000000E+00  0.000000000000000E+00 0
 631   12600.00   12620.00  0.000000000000000E+00  0.000000000000000E+00 0
 632   12620.00   12640.00  0.000000000000000E+00  0.000000000000000E+00 0
 633   12640.00   12660.00  0.000000000000000E+00  0.000000000000000E+00 0
 634   12660.00   12680.00  0.000000000000000E+00  0.000000000000000E+00 0
 635   12680.00   12700.00  0.000000000000000E+00  0.000000000000000E+00 0
 636   12700.00   12720.00  0.000000000000000E+00  0.000000000000000E+00 0
 637   12720.00   12740.00  0.000000000000000E+00  0.000000000000000E+00 0
 638   12740.00   12760.00  0.000000000000000E+00  0.000000000000000E+00 0
 639   12760.00   12780.00  0.000000000000000E+00  0.000000000000000E+00 0
 640   12780.00   12800.00  0.000000000000000E+00  0.000000000000000E+00 0
 641   12800.00   12820.00  0.000000000000000E+00  0.000000000000000E+00 0
 642   12820.00   12840.00  0.000000000000000E+00  0.000000000000000E+00 0
 643   12840.00   12860.00  0.000000000000000E+00  0.000000000000000E+00 0
 644   12860.00   12880.00  0.000000000000000E+00  0.000000000000000E+00 0
 645   12880.00   12900.00  0.000000000000000E+00  0.000000000000000E+00 0
 646   12900.00   12920.00  0.000000000000000E+00  0.000000000000000E+00 0
 647   12920.00   12940.00  0.000000000000000E+00  0.000000000000000E+00 0
 648   12940.00   12960.00  0.000000000000000E+00  0.000000000000000E+00 0
 649   12960.00   12980.00  0.000000000000000E+00  0.000000000000000E+00 0
 650   12980.00   13000.00  0.000000000000000E+00  0.000000000000000E+00 0
# Underflow:                 0.0000000000000000E+00  0.0000000000000000E+00 0
# Overflow:                  0.0000000000000000E+00  0.0000000000000000E+00 0
#-------------------------------------------------------------------------------------
# Sum:                       1.1315753120711229E-19  1.2874637823328689E-19 1001
#=====================================================================================
