# title = Transverse Momentum Softer Jet
# xlabel = $p_{\text{T},\text{j}_2}\,$[GeV]
# ylabel = $\frac{\text{d}\sigma}{\text{d}p_{\text{T},\text{j}_2}}\,\left[\frac{\text{fb}}{\text{GeV}}\right]$
# xmin=  0.000E+00
# xmax=  8.000E+02
# ymin=  1.000E-06
# ymax=  1.000E-02
# kmin=  0.000E+00
# kmax=  1.000E+02
# logscale = true
# Renormalization and factorization scale scaled by: 2.0000000000
# Renormalization scaled by: 2.0000000000
# Number of generated events: 317333280
#
#=====================================================================================
# No.       Left      Right                   Value                   Error Hits
#-------------------------------------------------------------------------------------
   1      10.00      30.00  0.000000000000000E+00  0.000000000000000E+00 0
   2      30.00      50.00  8.179958637579815E-06  1.853545795057069E-08 3645773
   3      50.00      70.00  9.112285122860419E-06  2.275724370911369E-08 3265609
   4      70.00      90.00  8.290042046722795E-06  2.428275859619424E-08 2587599
   5      90.00     110.00  6.694077172821151E-06  2.289263321961481E-08 1967235
   6     110.00     130.00  4.988165141640063E-06  1.999279577171210E-08 1467423
   7     130.00     150.00  3.504166060612810E-06  1.677982879760280E-08 1080491
   8     150.00     170.00  2.443178774552753E-06  1.500276856363082E-08 808412
   9     170.00     190.00  1.684514714514768E-06  1.216020602050003E-08 621795
  10     190.00     210.00  1.161335544513713E-06  9.580162252877829E-09 486005
  11     210.00     230.00  8.145972402748824E-07  7.678580860889937E-09 387905
  12     230.00     250.00  5.747636789509954E-07  6.299615615870696E-09 313192
  13     250.00     270.00  4.197493345068220E-07  5.179339715514843E-09 257153
  14     270.00     290.00  3.019827108262739E-07  4.566572220952543E-09 213142
  15     290.00     310.00  2.234945743793699E-07  3.766440679670874E-09 178259
  16     310.00     330.00  1.609483547886004E-07  2.848455556895292E-09 150373
  17     330.00     350.00  1.181548898323441E-07  2.275702552537037E-09 128508
  18     350.00     370.00  9.206398277378424E-08  2.318106961123907E-09 109159
  19     370.00     390.00  6.689277623655451E-08  1.543388226488648E-09 93418
  20     390.00     410.00  5.018465043692892E-08  1.350055099936921E-09 81106
  21     410.00     430.00  3.687643778781102E-08  9.752340019589537E-10 70451
  22     430.00     450.00  3.106956339587661E-08  8.823364969213693E-10 61662
  23     450.00     470.00  2.367785338516624E-08  8.603110495121571E-10 53755
  24     470.00     490.00  1.766112426481367E-08  5.426232777446254E-10 47514
  25     490.00     510.00  1.356477860931542E-08  4.973187648045089E-10 41131
  26     510.00     530.00  1.079899913642460E-08  3.874786748394324E-10 36713
  27     530.00     550.00  8.173487516702800E-09  4.019160431582044E-10 32333
  28     550.00     570.00  7.019811033624115E-09  4.446711946226097E-10 28705
  29     570.00     590.00  5.620515548058243E-09  3.017477431085335E-10 25641
  30     590.00     610.00  4.322001192006021E-09  2.227087342960219E-10 22940
  31     610.00     630.00  3.211180527002746E-09  1.623824415156434E-10 20519
  32     630.00     650.00  2.962701845095888E-09  1.864991244089480E-10 18379
  33     650.00     670.00  2.273454754626778E-09  1.435419780397838E-10 16636
  34     670.00     690.00  1.727907163982210E-09  1.063686202151246E-10 14689
  35     690.00     710.00  1.385753345671395E-09  8.016226481775776E-11 13406
  36     710.00     730.00  1.220664868254335E-09  1.102471369087118E-10 12032
  37     730.00     750.00  1.010610015400008E-09  8.081475416612012E-11 10743
  38     750.00     770.00  7.947120834201156E-10  4.863243800456292E-11 9997
  39     770.00     790.00  7.389453862022173E-10  6.326467449202284E-11 8875
  40     790.00     810.00  5.670885080694017E-10  4.865873027143603E-11 8030
  41     810.00     830.00  3.912993803792121E-10  2.682291421102625E-11 7324
  42     830.00     850.00  3.431192693510848E-10  3.077149449371100E-11 6532
  43     850.00     870.00  3.085671498028373E-10  2.313121526189977E-11 6053
  44     870.00     890.00  2.578258519021326E-10  2.633021442606751E-11 5345
  45     890.00     910.00  2.215898701813479E-10  2.211727525638279E-11 4925
  46     910.00     930.00  1.929017846286772E-10  2.344618578670653E-11 4474
  47     930.00     950.00  1.263625564124963E-10  1.210114022560985E-11 4002
  48     950.00     970.00  1.214313552341124E-10  1.203745607751124E-11 3760
  49     970.00     990.00  9.714244419919459E-11  1.009001897316363E-11 3316
  50     990.00    1010.00  9.563155590528123E-11  1.363965643406110E-11 3113
  51    1010.00    1030.00  6.022489856753073E-11  5.269290812731528E-12 2774
  52    1030.00    1050.00  6.528803419345503E-11  1.012505391830176E-11 2605
  53    1050.00    1070.00  5.327457958938028E-11  6.349693197787562E-12 2336
  54    1070.00    1090.00  5.624211127948099E-11  9.348789951427056E-12 2191
  55    1090.00    1110.00  4.116436434664863E-11  5.832806770809389E-12 1971
  56    1110.00    1130.00  3.738321320932024E-11  4.819376874334035E-12 1789
  57    1130.00    1150.00  2.441435741556676E-11  4.115868734505104E-12 1581
  58    1150.00    1170.00  2.112497956104634E-11  2.590078104863740E-12 1449
  59    1170.00    1190.00  2.212947459785607E-11  3.976489293564810E-12 1440
  60    1190.00    1210.00  1.671201571936192E-11  2.330615768564561E-12 1255
  61    1210.00    1230.00  1.410138312630855E-11  2.449570493958601E-12 1136
  62    1230.00    1250.00  1.435878365162562E-11  3.482066677622561E-12 1052
  63    1250.00    1270.00  1.088883607099415E-11  1.953328574222904E-12 919
  64    1270.00    1290.00  8.085666060106529E-12  1.822031446137660E-12 911
  65    1290.00    1310.00  1.119440503516926E-11  3.085889237661040E-12 835
  66    1310.00    1330.00  6.696671790171546E-12  1.058142897976168E-12 761
  67    1330.00    1350.00  6.112968184304801E-12  1.176938618185616E-12 696
  68    1350.00    1370.00  2.959273019616363E-12  4.513762987207600E-13 619
  69    1370.00    1390.00  5.845225389196656E-12  1.987511922180731E-12 573
  70    1390.00    1410.00  3.015533267310692E-12  9.766833202125663E-13 535
  71    1410.00    1430.00  6.837986459635506E-12  3.048237493721965E-12 475
  72    1430.00    1450.00  2.923866661585714E-12  8.376306474133868E-13 440
  73    1450.00    1470.00  3.703716537188244E-12  9.458453403218865E-13 438
  74    1470.00    1490.00  1.444064168188906E-12  2.770937030049303E-13 413
  75    1490.00    1510.00  2.165547436250696E-12  5.132169165643947E-13 328
  76    1510.00    1530.00  2.870979467559756E-12  9.825794550220164E-13 338
  77    1530.00    1550.00  1.386805532147130E-12  5.120303019481174E-13 304
  78    1550.00    1570.00  1.212405666590945E-12  3.606407003674543E-13 271
  79    1570.00    1590.00  9.329705264115941E-13  2.507200047306612E-13 263
  80    1590.00    1610.00  1.269957505723275E-12  3.618955524983961E-13 237
  81    1610.00    1630.00  6.401092291447808E-13  1.909810797810057E-13 201
  82    1630.00    1650.00  9.580196807567481E-13  5.264584380879258E-13 193
  83    1650.00    1670.00  6.443137666358820E-13  2.255190610724232E-13 198
  84    1670.00    1690.00  1.790729400627392E-12  1.413999446937775E-12 151
  85    1690.00    1710.00  3.499718693190499E-13  8.420052270022436E-14 161
  86    1710.00    1730.00  7.531932686589009E-13  3.555111565778409E-13 128
  87    1730.00    1750.00  2.909307355561985E-13  1.417698490001078E-13 114
  88    1750.00    1770.00  2.245882848439123E-13  1.004473117310092E-13 110
  89    1770.00    1790.00  2.392762474481799E-13  7.544636938025072E-14 111
  90    1790.00    1810.00  5.199130660426547E-13  3.045440640850393E-13 99
  91    1810.00    1830.00  3.298185925900857E-13  1.451406778757086E-13 83
  92    1830.00    1850.00  5.895969476047063E-14  2.028093481932636E-14 83
  93    1850.00    1870.00  1.165585876759011E-13  4.418450529889224E-14 73
  94    1870.00    1890.00  1.267331118252177E-13  6.335723841936973E-14 71
  95    1890.00    1910.00  1.424878023317812E-13  5.628952478246347E-14 72
  96    1910.00    1930.00  1.233727209984397E-13  7.270033361602228E-14 52
  97    1930.00    1950.00  2.072873346392661E-14  7.918284258430685E-15 47
  98    1950.00    1970.00  1.183154644236837E-13  6.807397900286794E-14 48
  99    1970.00    1990.00  3.369838520494852E-14  1.445969657103491E-14 39
 100    1990.00    2010.00  1.844371881026266E-14  5.584931756451924E-15 42
 101    2010.00    2030.00  9.873980189829087E-14  6.775750182534153E-14 34
 102    2030.00    2050.00  3.071869289528684E-14  1.860318980740690E-14 34
 103    2050.00    2070.00  1.009598628320462E-13  8.300130205238413E-14 29
 104    2070.00    2090.00  1.200058177293545E-13  5.504632294648116E-14 35
 105    2090.00    2110.00  9.074907112036806E-14  5.821490408935412E-14 25
 106    2110.00    2130.00  3.815840917948008E-14  2.321037751359933E-14 26
 107    2130.00    2150.00  3.737051092074499E-14  2.111664175024494E-14 26
 108    2150.00    2170.00  3.859793053794384E-15  2.470624576936894E-15 20
 109    2170.00    2190.00  3.413595199007391E-15  2.340379611206506E-15 12
 110    2190.00    2210.00  1.641220973387832E-14  7.880271022158363E-15 19
 111    2210.00    2230.00  2.061266954594631E-15  1.722480187638773E-15 17
 112    2230.00    2250.00  2.978192173895235E-15  1.417408416488287E-15 22
 113    2250.00    2270.00  8.080272338254087E-15  4.054034234468980E-15 17
 114    2270.00    2290.00  6.100421882686263E-15  3.546831457828138E-15 9
 115    2290.00    2310.00  5.430641881592593E-15  4.792300321671671E-15 12
 116    2310.00    2330.00  3.950505103418586E-15  3.019977079977923E-15 7
 117    2330.00    2350.00  2.927414916557657E-15  1.683712794261270E-15 8
 118    2350.00    2370.00  6.720511879293293E-16  3.552112621932242E-16 11
 119    2370.00    2390.00  1.051741771024996E-14  6.883158663205760E-15 11
 120    2390.00    2410.00  1.177550618934508E-15  7.189480540046801E-16 7
 121    2410.00    2430.00  5.201492075093236E-17  3.144484914841652E-17 4
 122    2430.00    2450.00  2.876595909780830E-17  1.752446298666027E-17 6
 123    2450.00    2470.00  6.661223601626221E-17  4.608522900028049E-17 3
 124    2470.00    2490.00  7.172396382590434E-19  7.172396371289387E-19 1
 125    2490.00    2510.00  2.838191128728035E-16  1.999328017354290E-16 8
 126    2510.00    2530.00  1.250937759816259E-18  1.250937757845243E-18 1
 127    2530.00    2550.00  1.439680415299433E-15  1.095372646074315E-15 5
 128    2550.00    2570.00  1.724150026990544E-17  1.724150024273921E-17 1
 129    2570.00    2590.00  4.144494993048337E-17  3.285811151690711E-17 5
 130    2590.00    2610.00  1.467542478174176E-16  1.467542475861872E-16 1
 131    2610.00    2630.00  7.935282694362151E-17  6.426744111863963E-17 3
 132    2630.00    2650.00  4.641184894042154E-16  4.569376874349090E-16 2
 133    2650.00    2670.00  9.128207230950413E-16  9.086677629758589E-16 3
 134    2670.00    2690.00  0.000000000000000E+00  0.000000000000000E+00 0
 135    2690.00    2710.00  7.788303988619522E-17  5.647534652692545E-17 2
 136    2710.00    2730.00  2.432287531191831E-16  2.432287527359444E-16 1
 137    2730.00    2750.00  1.448618953087022E-18  1.448618950804534E-18 1
 138    2750.00    2770.00  0.000000000000000E+00  0.000000000000000E+00 0
 139    2770.00    2790.00  1.916520657401836E-16  1.916520654382108E-16 1
 140    2790.00    2810.00  1.354667239156090E-16  1.354667237021635E-16 1
 141    2810.00    2830.00  1.908140197745207E-19  1.908140194738683E-19 1
 142    2830.00    2850.00  1.442384579693499E-18  1.106208665063250E-18 2
 143    2850.00    2870.00  0.000000000000000E+00  0.000000000000000E+00 0
 144    2870.00    2890.00  0.000000000000000E+00  0.000000000000000E+00 0
 145    2890.00    2910.00  0.000000000000000E+00  0.000000000000000E+00 0
 146    2910.00    2930.00  4.034014380731526E-20  4.034014374375410E-20 1
 147    2930.00    2950.00  5.730037217165852E-17  5.178610615958982E-17 2
 148    2950.00    2970.00  0.000000000000000E+00  0.000000000000000E+00 0
 149    2970.00    2990.00  0.000000000000000E+00  0.000000000000000E+00 0
 150    2990.00    3010.00  0.000000000000000E+00  0.000000000000000E+00 0
 151    3010.00    3030.00  0.000000000000000E+00  0.000000000000000E+00 0
 152    3030.00    3050.00  0.000000000000000E+00  0.000000000000000E+00 0
 153    3050.00    3070.00  0.000000000000000E+00  0.000000000000000E+00 0
 154    3070.00    3090.00  0.000000000000000E+00  0.000000000000000E+00 0
 155    3090.00    3110.00  0.000000000000000E+00  0.000000000000000E+00 0
 156    3110.00    3130.00  0.000000000000000E+00  0.000000000000000E+00 0
 157    3130.00    3150.00  0.000000000000000E+00  0.000000000000000E+00 0
 158    3150.00    3170.00  0.000000000000000E+00  0.000000000000000E+00 0
 159    3170.00    3190.00  0.000000000000000E+00  0.000000000000000E+00 0
 160    3190.00    3210.00  0.000000000000000E+00  0.000000000000000E+00 0
 161    3210.00    3230.00  0.000000000000000E+00  0.000000000000000E+00 0
 162    3230.00    3250.00  0.000000000000000E+00  0.000000000000000E+00 0
 163    3250.00    3270.00  2.331185142147586E-21  2.331185138474500E-21 1
 164    3270.00    3290.00  0.000000000000000E+00  0.000000000000000E+00 0
 165    3290.00    3310.00  0.000000000000000E+00  0.000000000000000E+00 0
 166    3310.00    3330.00  0.000000000000000E+00  0.000000000000000E+00 0
 167    3330.00    3350.00  0.000000000000000E+00  0.000000000000000E+00 0
 168    3350.00    3370.00  0.000000000000000E+00  0.000000000000000E+00 0
 169    3370.00    3390.00  0.000000000000000E+00  0.000000000000000E+00 0
 170    3390.00    3410.00  0.000000000000000E+00  0.000000000000000E+00 0
 171    3410.00    3430.00  0.000000000000000E+00  0.000000000000000E+00 0
 172    3430.00    3450.00  0.000000000000000E+00  0.000000000000000E+00 0
 173    3450.00    3470.00  0.000000000000000E+00  0.000000000000000E+00 0
 174    3470.00    3490.00  0.000000000000000E+00  0.000000000000000E+00 0
 175    3490.00    3510.00  0.000000000000000E+00  0.000000000000000E+00 0
 176    3510.00    3530.00  0.000000000000000E+00  0.000000000000000E+00 0
 177    3530.00    3550.00  0.000000000000000E+00  0.000000000000000E+00 0
 178    3550.00    3570.00  0.000000000000000E+00  0.000000000000000E+00 0
 179    3570.00    3590.00  0.000000000000000E+00  0.000000000000000E+00 0
 180    3590.00    3610.00  0.000000000000000E+00  0.000000000000000E+00 0
 181    3610.00    3630.00  0.000000000000000E+00  0.000000000000000E+00 0
 182    3630.00    3650.00  0.000000000000000E+00  0.000000000000000E+00 0
 183    3650.00    3670.00  0.000000000000000E+00  0.000000000000000E+00 0
 184    3670.00    3690.00  0.000000000000000E+00  0.000000000000000E+00 0
 185    3690.00    3710.00  0.000000000000000E+00  0.000000000000000E+00 0
 186    3710.00    3730.00  0.000000000000000E+00  0.000000000000000E+00 0
 187    3730.00    3750.00  0.000000000000000E+00  0.000000000000000E+00 0
 188    3750.00    3770.00  0.000000000000000E+00  0.000000000000000E+00 0
 189    3770.00    3790.00  0.000000000000000E+00  0.000000000000000E+00 0
 190    3790.00    3810.00  0.000000000000000E+00  0.000000000000000E+00 0
 191    3810.00    3830.00  0.000000000000000E+00  0.000000000000000E+00 0
 192    3830.00    3850.00  0.000000000000000E+00  0.000000000000000E+00 0
 193    3850.00    3870.00  0.000000000000000E+00  0.000000000000000E+00 0
 194    3870.00    3890.00  0.000000000000000E+00  0.000000000000000E+00 0
 195    3890.00    3910.00  0.000000000000000E+00  0.000000000000000E+00 0
 196    3910.00    3930.00  0.000000000000000E+00  0.000000000000000E+00 0
 197    3930.00    3950.00  0.000000000000000E+00  0.000000000000000E+00 0
 198    3950.00    3970.00  0.000000000000000E+00  0.000000000000000E+00 0
 199    3970.00    3990.00  0.000000000000000E+00  0.000000000000000E+00 0
 200    3990.00    4010.00  0.000000000000000E+00  0.000000000000000E+00 0
 201    4010.00    4030.00  0.000000000000000E+00  0.000000000000000E+00 0
 202    4030.00    4050.00  0.000000000000000E+00  0.000000000000000E+00 0
 203    4050.00    4070.00  0.000000000000000E+00  0.000000000000000E+00 0
 204    4070.00    4090.00  0.000000000000000E+00  0.000000000000000E+00 0
 205    4090.00    4110.00  0.000000000000000E+00  0.000000000000000E+00 0
 206    4110.00    4130.00  0.000000000000000E+00  0.000000000000000E+00 0
 207    4130.00    4150.00  0.000000000000000E+00  0.000000000000000E+00 0
 208    4150.00    4170.00  0.000000000000000E+00  0.000000000000000E+00 0
 209    4170.00    4190.00  0.000000000000000E+00  0.000000000000000E+00 0
 210    4190.00    4210.00  0.000000000000000E+00  0.000000000000000E+00 0
 211    4210.00    4230.00  0.000000000000000E+00  0.000000000000000E+00 0
 212    4230.00    4250.00  0.000000000000000E+00  0.000000000000000E+00 0
 213    4250.00    4270.00  0.000000000000000E+00  0.000000000000000E+00 0
 214    4270.00    4290.00  0.000000000000000E+00  0.000000000000000E+00 0
 215    4290.00    4310.00  0.000000000000000E+00  0.000000000000000E+00 0
 216    4310.00    4330.00  0.000000000000000E+00  0.000000000000000E+00 0
 217    4330.00    4350.00  0.000000000000000E+00  0.000000000000000E+00 0
 218    4350.00    4370.00  0.000000000000000E+00  0.000000000000000E+00 0
 219    4370.00    4390.00  0.000000000000000E+00  0.000000000000000E+00 0
 220    4390.00    4410.00  0.000000000000000E+00  0.000000000000000E+00 0
 221    4410.00    4430.00  0.000000000000000E+00  0.000000000000000E+00 0
 222    4430.00    4450.00  0.000000000000000E+00  0.000000000000000E+00 0
 223    4450.00    4470.00  0.000000000000000E+00  0.000000000000000E+00 0
 224    4470.00    4490.00  0.000000000000000E+00  0.000000000000000E+00 0
 225    4490.00    4510.00  0.000000000000000E+00  0.000000000000000E+00 0
 226    4510.00    4530.00  0.000000000000000E+00  0.000000000000000E+00 0
 227    4530.00    4550.00  0.000000000000000E+00  0.000000000000000E+00 0
 228    4550.00    4570.00  0.000000000000000E+00  0.000000000000000E+00 0
 229    4570.00    4590.00  0.000000000000000E+00  0.000000000000000E+00 0
 230    4590.00    4610.00  0.000000000000000E+00  0.000000000000000E+00 0
 231    4610.00    4630.00  0.000000000000000E+00  0.000000000000000E+00 0
 232    4630.00    4650.00  0.000000000000000E+00  0.000000000000000E+00 0
 233    4650.00    4670.00  0.000000000000000E+00  0.000000000000000E+00 0
 234    4670.00    4690.00  0.000000000000000E+00  0.000000000000000E+00 0
 235    4690.00    4710.00  0.000000000000000E+00  0.000000000000000E+00 0
 236    4710.00    4730.00  0.000000000000000E+00  0.000000000000000E+00 0
 237    4730.00    4750.00  0.000000000000000E+00  0.000000000000000E+00 0
 238    4750.00    4770.00  0.000000000000000E+00  0.000000000000000E+00 0
 239    4770.00    4790.00  0.000000000000000E+00  0.000000000000000E+00 0
 240    4790.00    4810.00  0.000000000000000E+00  0.000000000000000E+00 0
 241    4810.00    4830.00  0.000000000000000E+00  0.000000000000000E+00 0
 242    4830.00    4850.00  0.000000000000000E+00  0.000000000000000E+00 0
 243    4850.00    4870.00  0.000000000000000E+00  0.000000000000000E+00 0
 244    4870.00    4890.00  0.000000000000000E+00  0.000000000000000E+00 0
 245    4890.00    4910.00  0.000000000000000E+00  0.000000000000000E+00 0
 246    4910.00    4930.00  0.000000000000000E+00  0.000000000000000E+00 0
 247    4930.00    4950.00  0.000000000000000E+00  0.000000000000000E+00 0
 248    4950.00    4970.00  0.000000000000000E+00  0.000000000000000E+00 0
 249    4970.00    4990.00  0.000000000000000E+00  0.000000000000000E+00 0
 250    4990.00    5010.00  0.000000000000000E+00  0.000000000000000E+00 0
 251    5010.00    5030.00  0.000000000000000E+00  0.000000000000000E+00 0
 252    5030.00    5050.00  0.000000000000000E+00  0.000000000000000E+00 0
 253    5050.00    5070.00  0.000000000000000E+00  0.000000000000000E+00 0
 254    5070.00    5090.00  0.000000000000000E+00  0.000000000000000E+00 0
 255    5090.00    5110.00  0.000000000000000E+00  0.000000000000000E+00 0
 256    5110.00    5130.00  0.000000000000000E+00  0.000000000000000E+00 0
 257    5130.00    5150.00  0.000000000000000E+00  0.000000000000000E+00 0
 258    5150.00    5170.00  0.000000000000000E+00  0.000000000000000E+00 0
 259    5170.00    5190.00  0.000000000000000E+00  0.000000000000000E+00 0
 260    5190.00    5210.00  0.000000000000000E+00  0.000000000000000E+00 0
 261    5210.00    5230.00  0.000000000000000E+00  0.000000000000000E+00 0
 262    5230.00    5250.00  0.000000000000000E+00  0.000000000000000E+00 0
 263    5250.00    5270.00  0.000000000000000E+00  0.000000000000000E+00 0
 264    5270.00    5290.00  0.000000000000000E+00  0.000000000000000E+00 0
 265    5290.00    5310.00  0.000000000000000E+00  0.000000000000000E+00 0
 266    5310.00    5330.00  0.000000000000000E+00  0.000000000000000E+00 0
 267    5330.00    5350.00  0.000000000000000E+00  0.000000000000000E+00 0
 268    5350.00    5370.00  0.000000000000000E+00  0.000000000000000E+00 0
 269    5370.00    5390.00  0.000000000000000E+00  0.000000000000000E+00 0
 270    5390.00    5410.00  0.000000000000000E+00  0.000000000000000E+00 0
 271    5410.00    5430.00  0.000000000000000E+00  0.000000000000000E+00 0
 272    5430.00    5450.00  0.000000000000000E+00  0.000000000000000E+00 0
 273    5450.00    5470.00  0.000000000000000E+00  0.000000000000000E+00 0
 274    5470.00    5490.00  0.000000000000000E+00  0.000000000000000E+00 0
 275    5490.00    5510.00  0.000000000000000E+00  0.000000000000000E+00 0
 276    5510.00    5530.00  0.000000000000000E+00  0.000000000000000E+00 0
 277    5530.00    5550.00  0.000000000000000E+00  0.000000000000000E+00 0
 278    5550.00    5570.00  0.000000000000000E+00  0.000000000000000E+00 0
 279    5570.00    5590.00  0.000000000000000E+00  0.000000000000000E+00 0
 280    5590.00    5610.00  0.000000000000000E+00  0.000000000000000E+00 0
 281    5610.00    5630.00  0.000000000000000E+00  0.000000000000000E+00 0
 282    5630.00    5650.00  0.000000000000000E+00  0.000000000000000E+00 0
 283    5650.00    5670.00  0.000000000000000E+00  0.000000000000000E+00 0
 284    5670.00    5690.00  0.000000000000000E+00  0.000000000000000E+00 0
 285    5690.00    5710.00  0.000000000000000E+00  0.000000000000000E+00 0
 286    5710.00    5730.00  0.000000000000000E+00  0.000000000000000E+00 0
 287    5730.00    5750.00  0.000000000000000E+00  0.000000000000000E+00 0
 288    5750.00    5770.00  0.000000000000000E+00  0.000000000000000E+00 0
 289    5770.00    5790.00  0.000000000000000E+00  0.000000000000000E+00 0
 290    5790.00    5810.00  0.000000000000000E+00  0.000000000000000E+00 0
 291    5810.00    5830.00  0.000000000000000E+00  0.000000000000000E+00 0
 292    5830.00    5850.00  0.000000000000000E+00  0.000000000000000E+00 0
 293    5850.00    5870.00  0.000000000000000E+00  0.000000000000000E+00 0
 294    5870.00    5890.00  0.000000000000000E+00  0.000000000000000E+00 0
 295    5890.00    5910.00  0.000000000000000E+00  0.000000000000000E+00 0
 296    5910.00    5930.00  0.000000000000000E+00  0.000000000000000E+00 0
 297    5930.00    5950.00  0.000000000000000E+00  0.000000000000000E+00 0
 298    5950.00    5970.00  0.000000000000000E+00  0.000000000000000E+00 0
 299    5970.00    5990.00  0.000000000000000E+00  0.000000000000000E+00 0
 300    5990.00    6010.00  0.000000000000000E+00  0.000000000000000E+00 0
 301    6010.00    6030.00  0.000000000000000E+00  0.000000000000000E+00 0
 302    6030.00    6050.00  0.000000000000000E+00  0.000000000000000E+00 0
 303    6050.00    6070.00  0.000000000000000E+00  0.000000000000000E+00 0
 304    6070.00    6090.00  0.000000000000000E+00  0.000000000000000E+00 0
 305    6090.00    6110.00  0.000000000000000E+00  0.000000000000000E+00 0
 306    6110.00    6130.00  0.000000000000000E+00  0.000000000000000E+00 0
 307    6130.00    6150.00  0.000000000000000E+00  0.000000000000000E+00 0
 308    6150.00    6170.00  0.000000000000000E+00  0.000000000000000E+00 0
 309    6170.00    6190.00  0.000000000000000E+00  0.000000000000000E+00 0
 310    6190.00    6210.00  0.000000000000000E+00  0.000000000000000E+00 0
 311    6210.00    6230.00  0.000000000000000E+00  0.000000000000000E+00 0
 312    6230.00    6250.00  0.000000000000000E+00  0.000000000000000E+00 0
 313    6250.00    6270.00  0.000000000000000E+00  0.000000000000000E+00 0
 314    6270.00    6290.00  0.000000000000000E+00  0.000000000000000E+00 0
 315    6290.00    6310.00  0.000000000000000E+00  0.000000000000000E+00 0
 316    6310.00    6330.00  0.000000000000000E+00  0.000000000000000E+00 0
 317    6330.00    6350.00  0.000000000000000E+00  0.000000000000000E+00 0
 318    6350.00    6370.00  0.000000000000000E+00  0.000000000000000E+00 0
 319    6370.00    6390.00  0.000000000000000E+00  0.000000000000000E+00 0
 320    6390.00    6410.00  0.000000000000000E+00  0.000000000000000E+00 0
 321    6410.00    6430.00  0.000000000000000E+00  0.000000000000000E+00 0
 322    6430.00    6450.00  0.000000000000000E+00  0.000000000000000E+00 0
 323    6450.00    6470.00  0.000000000000000E+00  0.000000000000000E+00 0
 324    6470.00    6490.00  0.000000000000000E+00  0.000000000000000E+00 0
 325    6490.00    6510.00  0.000000000000000E+00  0.000000000000000E+00 0
 326    6510.00    6530.00  0.000000000000000E+00  0.000000000000000E+00 0
 327    6530.00    6550.00  0.000000000000000E+00  0.000000000000000E+00 0
 328    6550.00    6570.00  0.000000000000000E+00  0.000000000000000E+00 0
 329    6570.00    6590.00  0.000000000000000E+00  0.000000000000000E+00 0
 330    6590.00    6610.00  0.000000000000000E+00  0.000000000000000E+00 0
 331    6610.00    6630.00  0.000000000000000E+00  0.000000000000000E+00 0
 332    6630.00    6650.00  0.000000000000000E+00  0.000000000000000E+00 0
 333    6650.00    6670.00  0.000000000000000E+00  0.000000000000000E+00 0
 334    6670.00    6690.00  0.000000000000000E+00  0.000000000000000E+00 0
 335    6690.00    6710.00  0.000000000000000E+00  0.000000000000000E+00 0
 336    6710.00    6730.00  0.000000000000000E+00  0.000000000000000E+00 0
 337    6730.00    6750.00  0.000000000000000E+00  0.000000000000000E+00 0
 338    6750.00    6770.00  0.000000000000000E+00  0.000000000000000E+00 0
 339    6770.00    6790.00  0.000000000000000E+00  0.000000000000000E+00 0
 340    6790.00    6810.00  0.000000000000000E+00  0.000000000000000E+00 0
 341    6810.00    6830.00  0.000000000000000E+00  0.000000000000000E+00 0
 342    6830.00    6850.00  0.000000000000000E+00  0.000000000000000E+00 0
 343    6850.00    6870.00  0.000000000000000E+00  0.000000000000000E+00 0
 344    6870.00    6890.00  0.000000000000000E+00  0.000000000000000E+00 0
 345    6890.00    6910.00  0.000000000000000E+00  0.000000000000000E+00 0
 346    6910.00    6930.00  0.000000000000000E+00  0.000000000000000E+00 0
 347    6930.00    6950.00  0.000000000000000E+00  0.000000000000000E+00 0
 348    6950.00    6970.00  0.000000000000000E+00  0.000000000000000E+00 0
 349    6970.00    6990.00  0.000000000000000E+00  0.000000000000000E+00 0
 350    6990.00    7010.00  0.000000000000000E+00  0.000000000000000E+00 0
 351    7010.00    7030.00  0.000000000000000E+00  0.000000000000000E+00 0
 352    7030.00    7050.00  0.000000000000000E+00  0.000000000000000E+00 0
 353    7050.00    7070.00  0.000000000000000E+00  0.000000000000000E+00 0
 354    7070.00    7090.00  0.000000000000000E+00  0.000000000000000E+00 0
 355    7090.00    7110.00  0.000000000000000E+00  0.000000000000000E+00 0
 356    7110.00    7130.00  0.000000000000000E+00  0.000000000000000E+00 0
 357    7130.00    7150.00  0.000000000000000E+00  0.000000000000000E+00 0
 358    7150.00    7170.00  0.000000000000000E+00  0.000000000000000E+00 0
 359    7170.00    7190.00  0.000000000000000E+00  0.000000000000000E+00 0
 360    7190.00    7210.00  0.000000000000000E+00  0.000000000000000E+00 0
 361    7210.00    7230.00  0.000000000000000E+00  0.000000000000000E+00 0
 362    7230.00    7250.00  0.000000000000000E+00  0.000000000000000E+00 0
 363    7250.00    7270.00  0.000000000000000E+00  0.000000000000000E+00 0
 364    7270.00    7290.00  0.000000000000000E+00  0.000000000000000E+00 0
 365    7290.00    7310.00  0.000000000000000E+00  0.000000000000000E+00 0
 366    7310.00    7330.00  0.000000000000000E+00  0.000000000000000E+00 0
 367    7330.00    7350.00  0.000000000000000E+00  0.000000000000000E+00 0
 368    7350.00    7370.00  0.000000000000000E+00  0.000000000000000E+00 0
 369    7370.00    7390.00  0.000000000000000E+00  0.000000000000000E+00 0
 370    7390.00    7410.00  0.000000000000000E+00  0.000000000000000E+00 0
 371    7410.00    7430.00  0.000000000000000E+00  0.000000000000000E+00 0
 372    7430.00    7450.00  0.000000000000000E+00  0.000000000000000E+00 0
 373    7450.00    7470.00  0.000000000000000E+00  0.000000000000000E+00 0
 374    7470.00    7490.00  0.000000000000000E+00  0.000000000000000E+00 0
 375    7490.00    7510.00  0.000000000000000E+00  0.000000000000000E+00 0
 376    7510.00    7530.00  0.000000000000000E+00  0.000000000000000E+00 0
 377    7530.00    7550.00  0.000000000000000E+00  0.000000000000000E+00 0
 378    7550.00    7570.00  0.000000000000000E+00  0.000000000000000E+00 0
 379    7570.00    7590.00  0.000000000000000E+00  0.000000000000000E+00 0
 380    7590.00    7610.00  0.000000000000000E+00  0.000000000000000E+00 0
 381    7610.00    7630.00  0.000000000000000E+00  0.000000000000000E+00 0
 382    7630.00    7650.00  0.000000000000000E+00  0.000000000000000E+00 0
 383    7650.00    7670.00  0.000000000000000E+00  0.000000000000000E+00 0
 384    7670.00    7690.00  0.000000000000000E+00  0.000000000000000E+00 0
 385    7690.00    7710.00  0.000000000000000E+00  0.000000000000000E+00 0
 386    7710.00    7730.00  0.000000000000000E+00  0.000000000000000E+00 0
 387    7730.00    7750.00  0.000000000000000E+00  0.000000000000000E+00 0
 388    7750.00    7770.00  0.000000000000000E+00  0.000000000000000E+00 0
 389    7770.00    7790.00  0.000000000000000E+00  0.000000000000000E+00 0
 390    7790.00    7810.00  0.000000000000000E+00  0.000000000000000E+00 0
 391    7810.00    7830.00  0.000000000000000E+00  0.000000000000000E+00 0
 392    7830.00    7850.00  0.000000000000000E+00  0.000000000000000E+00 0
 393    7850.00    7870.00  0.000000000000000E+00  0.000000000000000E+00 0
 394    7870.00    7890.00  0.000000000000000E+00  0.000000000000000E+00 0
 395    7890.00    7910.00  0.000000000000000E+00  0.000000000000000E+00 0
 396    7910.00    7930.00  0.000000000000000E+00  0.000000000000000E+00 0
 397    7930.00    7950.00  0.000000000000000E+00  0.000000000000000E+00 0
 398    7950.00    7970.00  0.000000000000000E+00  0.000000000000000E+00 0
 399    7970.00    7990.00  0.000000000000000E+00  0.000000000000000E+00 0
 400    7990.00    8010.00  0.000000000000000E+00  0.000000000000000E+00 0
 401    8010.00    8030.00  0.000000000000000E+00  0.000000000000000E+00 0
 402    8030.00    8050.00  0.000000000000000E+00  0.000000000000000E+00 0
 403    8050.00    8070.00  0.000000000000000E+00  0.000000000000000E+00 0
 404    8070.00    8090.00  0.000000000000000E+00  0.000000000000000E+00 0
 405    8090.00    8110.00  0.000000000000000E+00  0.000000000000000E+00 0
 406    8110.00    8130.00  0.000000000000000E+00  0.000000000000000E+00 0
 407    8130.00    8150.00  0.000000000000000E+00  0.000000000000000E+00 0
 408    8150.00    8170.00  0.000000000000000E+00  0.000000000000000E+00 0
 409    8170.00    8190.00  0.000000000000000E+00  0.000000000000000E+00 0
 410    8190.00    8210.00  0.000000000000000E+00  0.000000000000000E+00 0
 411    8210.00    8230.00  0.000000000000000E+00  0.000000000000000E+00 0
 412    8230.00    8250.00  0.000000000000000E+00  0.000000000000000E+00 0
 413    8250.00    8270.00  0.000000000000000E+00  0.000000000000000E+00 0
 414    8270.00    8290.00  0.000000000000000E+00  0.000000000000000E+00 0
 415    8290.00    8310.00  0.000000000000000E+00  0.000000000000000E+00 0
 416    8310.00    8330.00  0.000000000000000E+00  0.000000000000000E+00 0
 417    8330.00    8350.00  0.000000000000000E+00  0.000000000000000E+00 0
 418    8350.00    8370.00  0.000000000000000E+00  0.000000000000000E+00 0
 419    8370.00    8390.00  0.000000000000000E+00  0.000000000000000E+00 0
 420    8390.00    8410.00  0.000000000000000E+00  0.000000000000000E+00 0
 421    8410.00    8430.00  0.000000000000000E+00  0.000000000000000E+00 0
 422    8430.00    8450.00  0.000000000000000E+00  0.000000000000000E+00 0
 423    8450.00    8470.00  0.000000000000000E+00  0.000000000000000E+00 0
 424    8470.00    8490.00  0.000000000000000E+00  0.000000000000000E+00 0
 425    8490.00    8510.00  0.000000000000000E+00  0.000000000000000E+00 0
 426    8510.00    8530.00  0.000000000000000E+00  0.000000000000000E+00 0
 427    8530.00    8550.00  0.000000000000000E+00  0.000000000000000E+00 0
 428    8550.00    8570.00  0.000000000000000E+00  0.000000000000000E+00 0
 429    8570.00    8590.00  0.000000000000000E+00  0.000000000000000E+00 0
 430    8590.00    8610.00  0.000000000000000E+00  0.000000000000000E+00 0
 431    8610.00    8630.00  0.000000000000000E+00  0.000000000000000E+00 0
 432    8630.00    8650.00  0.000000000000000E+00  0.000000000000000E+00 0
 433    8650.00    8670.00  0.000000000000000E+00  0.000000000000000E+00 0
 434    8670.00    8690.00  0.000000000000000E+00  0.000000000000000E+00 0
 435    8690.00    8710.00  0.000000000000000E+00  0.000000000000000E+00 0
 436    8710.00    8730.00  0.000000000000000E+00  0.000000000000000E+00 0
 437    8730.00    8750.00  0.000000000000000E+00  0.000000000000000E+00 0
 438    8750.00    8770.00  0.000000000000000E+00  0.000000000000000E+00 0
 439    8770.00    8790.00  0.000000000000000E+00  0.000000000000000E+00 0
 440    8790.00    8810.00  0.000000000000000E+00  0.000000000000000E+00 0
 441    8810.00    8830.00  0.000000000000000E+00  0.000000000000000E+00 0
 442    8830.00    8850.00  0.000000000000000E+00  0.000000000000000E+00 0
 443    8850.00    8870.00  0.000000000000000E+00  0.000000000000000E+00 0
 444    8870.00    8890.00  0.000000000000000E+00  0.000000000000000E+00 0
 445    8890.00    8910.00  0.000000000000000E+00  0.000000000000000E+00 0
 446    8910.00    8930.00  0.000000000000000E+00  0.000000000000000E+00 0
 447    8930.00    8950.00  0.000000000000000E+00  0.000000000000000E+00 0
 448    8950.00    8970.00  0.000000000000000E+00  0.000000000000000E+00 0
 449    8970.00    8990.00  0.000000000000000E+00  0.000000000000000E+00 0
 450    8990.00    9010.00  0.000000000000000E+00  0.000000000000000E+00 0
 451    9010.00    9030.00  0.000000000000000E+00  0.000000000000000E+00 0
 452    9030.00    9050.00  0.000000000000000E+00  0.000000000000000E+00 0
 453    9050.00    9070.00  0.000000000000000E+00  0.000000000000000E+00 0
 454    9070.00    9090.00  0.000000000000000E+00  0.000000000000000E+00 0
 455    9090.00    9110.00  0.000000000000000E+00  0.000000000000000E+00 0
 456    9110.00    9130.00  0.000000000000000E+00  0.000000000000000E+00 0
 457    9130.00    9150.00  0.000000000000000E+00  0.000000000000000E+00 0
 458    9150.00    9170.00  0.000000000000000E+00  0.000000000000000E+00 0
 459    9170.00    9190.00  0.000000000000000E+00  0.000000000000000E+00 0
 460    9190.00    9210.00  0.000000000000000E+00  0.000000000000000E+00 0
 461    9210.00    9230.00  0.000000000000000E+00  0.000000000000000E+00 0
 462    9230.00    9250.00  0.000000000000000E+00  0.000000000000000E+00 0
 463    9250.00    9270.00  0.000000000000000E+00  0.000000000000000E+00 0
 464    9270.00    9290.00  0.000000000000000E+00  0.000000000000000E+00 0
 465    9290.00    9310.00  0.000000000000000E+00  0.000000000000000E+00 0
 466    9310.00    9330.00  0.000000000000000E+00  0.000000000000000E+00 0
 467    9330.00    9350.00  0.000000000000000E+00  0.000000000000000E+00 0
 468    9350.00    9370.00  0.000000000000000E+00  0.000000000000000E+00 0
 469    9370.00    9390.00  0.000000000000000E+00  0.000000000000000E+00 0
 470    9390.00    9410.00  0.000000000000000E+00  0.000000000000000E+00 0
 471    9410.00    9430.00  0.000000000000000E+00  0.000000000000000E+00 0
 472    9430.00    9450.00  0.000000000000000E+00  0.000000000000000E+00 0
 473    9450.00    9470.00  0.000000000000000E+00  0.000000000000000E+00 0
 474    9470.00    9490.00  0.000000000000000E+00  0.000000000000000E+00 0
 475    9490.00    9510.00  0.000000000000000E+00  0.000000000000000E+00 0
 476    9510.00    9530.00  0.000000000000000E+00  0.000000000000000E+00 0
 477    9530.00    9550.00  0.000000000000000E+00  0.000000000000000E+00 0
 478    9550.00    9570.00  0.000000000000000E+00  0.000000000000000E+00 0
 479    9570.00    9590.00  0.000000000000000E+00  0.000000000000000E+00 0
 480    9590.00    9610.00  0.000000000000000E+00  0.000000000000000E+00 0
 481    9610.00    9630.00  0.000000000000000E+00  0.000000000000000E+00 0
 482    9630.00    9650.00  0.000000000000000E+00  0.000000000000000E+00 0
 483    9650.00    9670.00  0.000000000000000E+00  0.000000000000000E+00 0
 484    9670.00    9690.00  0.000000000000000E+00  0.000000000000000E+00 0
 485    9690.00    9710.00  0.000000000000000E+00  0.000000000000000E+00 0
 486    9710.00    9730.00  0.000000000000000E+00  0.000000000000000E+00 0
 487    9730.00    9750.00  0.000000000000000E+00  0.000000000000000E+00 0
 488    9750.00    9770.00  0.000000000000000E+00  0.000000000000000E+00 0
 489    9770.00    9790.00  0.000000000000000E+00  0.000000000000000E+00 0
 490    9790.00    9810.00  0.000000000000000E+00  0.000000000000000E+00 0
 491    9810.00    9830.00  0.000000000000000E+00  0.000000000000000E+00 0
 492    9830.00    9850.00  0.000000000000000E+00  0.000000000000000E+00 0
 493    9850.00    9870.00  0.000000000000000E+00  0.000000000000000E+00 0
 494    9870.00    9890.00  0.000000000000000E+00  0.000000000000000E+00 0
 495    9890.00    9910.00  0.000000000000000E+00  0.000000000000000E+00 0
 496    9910.00    9930.00  0.000000000000000E+00  0.000000000000000E+00 0
 497    9930.00    9950.00  0.000000000000000E+00  0.000000000000000E+00 0
 498    9950.00    9970.00  0.000000000000000E+00  0.000000000000000E+00 0
 499    9970.00    9990.00  0.000000000000000E+00  0.000000000000000E+00 0
 500    9990.00   10010.00  0.000000000000000E+00  0.000000000000000E+00 0
 501   10010.00   10030.00  0.000000000000000E+00  0.000000000000000E+00 0
 502   10030.00   10050.00  0.000000000000000E+00  0.000000000000000E+00 0
 503   10050.00   10070.00  0.000000000000000E+00  0.000000000000000E+00 0
 504   10070.00   10090.00  0.000000000000000E+00  0.000000000000000E+00 0
 505   10090.00   10110.00  0.000000000000000E+00  0.000000000000000E+00 0
 506   10110.00   10130.00  0.000000000000000E+00  0.000000000000000E+00 0
 507   10130.00   10150.00  0.000000000000000E+00  0.000000000000000E+00 0
 508   10150.00   10170.00  0.000000000000000E+00  0.000000000000000E+00 0
 509   10170.00   10190.00  0.000000000000000E+00  0.000000000000000E+00 0
 510   10190.00   10210.00  0.000000000000000E+00  0.000000000000000E+00 0
 511   10210.00   10230.00  0.000000000000000E+00  0.000000000000000E+00 0
 512   10230.00   10250.00  0.000000000000000E+00  0.000000000000000E+00 0
 513   10250.00   10270.00  0.000000000000000E+00  0.000000000000000E+00 0
 514   10270.00   10290.00  0.000000000000000E+00  0.000000000000000E+00 0
 515   10290.00   10310.00  0.000000000000000E+00  0.000000000000000E+00 0
 516   10310.00   10330.00  0.000000000000000E+00  0.000000000000000E+00 0
 517   10330.00   10350.00  0.000000000000000E+00  0.000000000000000E+00 0
 518   10350.00   10370.00  0.000000000000000E+00  0.000000000000000E+00 0
 519   10370.00   10390.00  0.000000000000000E+00  0.000000000000000E+00 0
 520   10390.00   10410.00  0.000000000000000E+00  0.000000000000000E+00 0
 521   10410.00   10430.00  0.000000000000000E+00  0.000000000000000E+00 0
 522   10430.00   10450.00  0.000000000000000E+00  0.000000000000000E+00 0
 523   10450.00   10470.00  0.000000000000000E+00  0.000000000000000E+00 0
 524   10470.00   10490.00  0.000000000000000E+00  0.000000000000000E+00 0
 525   10490.00   10510.00  0.000000000000000E+00  0.000000000000000E+00 0
 526   10510.00   10530.00  0.000000000000000E+00  0.000000000000000E+00 0
 527   10530.00   10550.00  0.000000000000000E+00  0.000000000000000E+00 0
 528   10550.00   10570.00  0.000000000000000E+00  0.000000000000000E+00 0
 529   10570.00   10590.00  0.000000000000000E+00  0.000000000000000E+00 0
 530   10590.00   10610.00  0.000000000000000E+00  0.000000000000000E+00 0
 531   10610.00   10630.00  0.000000000000000E+00  0.000000000000000E+00 0
 532   10630.00   10650.00  0.000000000000000E+00  0.000000000000000E+00 0
 533   10650.00   10670.00  0.000000000000000E+00  0.000000000000000E+00 0
 534   10670.00   10690.00  0.000000000000000E+00  0.000000000000000E+00 0
 535   10690.00   10710.00  0.000000000000000E+00  0.000000000000000E+00 0
 536   10710.00   10730.00  0.000000000000000E+00  0.000000000000000E+00 0
 537   10730.00   10750.00  0.000000000000000E+00  0.000000000000000E+00 0
 538   10750.00   10770.00  0.000000000000000E+00  0.000000000000000E+00 0
 539   10770.00   10790.00  0.000000000000000E+00  0.000000000000000E+00 0
 540   10790.00   10810.00  0.000000000000000E+00  0.000000000000000E+00 0
 541   10810.00   10830.00  0.000000000000000E+00  0.000000000000000E+00 0
 542   10830.00   10850.00  0.000000000000000E+00  0.000000000000000E+00 0
 543   10850.00   10870.00  0.000000000000000E+00  0.000000000000000E+00 0
 544   10870.00   10890.00  0.000000000000000E+00  0.000000000000000E+00 0
 545   10890.00   10910.00  0.000000000000000E+00  0.000000000000000E+00 0
 546   10910.00   10930.00  0.000000000000000E+00  0.000000000000000E+00 0
 547   10930.00   10950.00  0.000000000000000E+00  0.000000000000000E+00 0
 548   10950.00   10970.00  0.000000000000000E+00  0.000000000000000E+00 0
 549   10970.00   10990.00  0.000000000000000E+00  0.000000000000000E+00 0
 550   10990.00   11010.00  0.000000000000000E+00  0.000000000000000E+00 0
 551   11010.00   11030.00  0.000000000000000E+00  0.000000000000000E+00 0
 552   11030.00   11050.00  0.000000000000000E+00  0.000000000000000E+00 0
 553   11050.00   11070.00  0.000000000000000E+00  0.000000000000000E+00 0
 554   11070.00   11090.00  0.000000000000000E+00  0.000000000000000E+00 0
 555   11090.00   11110.00  0.000000000000000E+00  0.000000000000000E+00 0
 556   11110.00   11130.00  0.000000000000000E+00  0.000000000000000E+00 0
 557   11130.00   11150.00  0.000000000000000E+00  0.000000000000000E+00 0
 558   11150.00   11170.00  0.000000000000000E+00  0.000000000000000E+00 0
 559   11170.00   11190.00  0.000000000000000E+00  0.000000000000000E+00 0
 560   11190.00   11210.00  0.000000000000000E+00  0.000000000000000E+00 0
 561   11210.00   11230.00  0.000000000000000E+00  0.000000000000000E+00 0
 562   11230.00   11250.00  0.000000000000000E+00  0.000000000000000E+00 0
 563   11250.00   11270.00  0.000000000000000E+00  0.000000000000000E+00 0
 564   11270.00   11290.00  0.000000000000000E+00  0.000000000000000E+00 0
 565   11290.00   11310.00  0.000000000000000E+00  0.000000000000000E+00 0
 566   11310.00   11330.00  0.000000000000000E+00  0.000000000000000E+00 0
 567   11330.00   11350.00  0.000000000000000E+00  0.000000000000000E+00 0
 568   11350.00   11370.00  0.000000000000000E+00  0.000000000000000E+00 0
 569   11370.00   11390.00  0.000000000000000E+00  0.000000000000000E+00 0
 570   11390.00   11410.00  0.000000000000000E+00  0.000000000000000E+00 0
 571   11410.00   11430.00  0.000000000000000E+00  0.000000000000000E+00 0
 572   11430.00   11450.00  0.000000000000000E+00  0.000000000000000E+00 0
 573   11450.00   11470.00  0.000000000000000E+00  0.000000000000000E+00 0
 574   11470.00   11490.00  0.000000000000000E+00  0.000000000000000E+00 0
 575   11490.00   11510.00  0.000000000000000E+00  0.000000000000000E+00 0
 576   11510.00   11530.00  0.000000000000000E+00  0.000000000000000E+00 0
 577   11530.00   11550.00  0.000000000000000E+00  0.000000000000000E+00 0
 578   11550.00   11570.00  0.000000000000000E+00  0.000000000000000E+00 0
 579   11570.00   11590.00  0.000000000000000E+00  0.000000000000000E+00 0
 580   11590.00   11610.00  0.000000000000000E+00  0.000000000000000E+00 0
 581   11610.00   11630.00  0.000000000000000E+00  0.000000000000000E+00 0
 582   11630.00   11650.00  0.000000000000000E+00  0.000000000000000E+00 0
 583   11650.00   11670.00  0.000000000000000E+00  0.000000000000000E+00 0
 584   11670.00   11690.00  0.000000000000000E+00  0.000000000000000E+00 0
 585   11690.00   11710.00  0.000000000000000E+00  0.000000000000000E+00 0
 586   11710.00   11730.00  0.000000000000000E+00  0.000000000000000E+00 0
 587   11730.00   11750.00  0.000000000000000E+00  0.000000000000000E+00 0
 588   11750.00   11770.00  0.000000000000000E+00  0.000000000000000E+00 0
 589   11770.00   11790.00  0.000000000000000E+00  0.000000000000000E+00 0
 590   11790.00   11810.00  0.000000000000000E+00  0.000000000000000E+00 0
 591   11810.00   11830.00  0.000000000000000E+00  0.000000000000000E+00 0
 592   11830.00   11850.00  0.000000000000000E+00  0.000000000000000E+00 0
 593   11850.00   11870.00  0.000000000000000E+00  0.000000000000000E+00 0
 594   11870.00   11890.00  0.000000000000000E+00  0.000000000000000E+00 0
 595   11890.00   11910.00  0.000000000000000E+00  0.000000000000000E+00 0
 596   11910.00   11930.00  0.000000000000000E+00  0.000000000000000E+00 0
 597   11930.00   11950.00  0.000000000000000E+00  0.000000000000000E+00 0
 598   11950.00   11970.00  0.000000000000000E+00  0.000000000000000E+00 0
 599   11970.00   11990.00  0.000000000000000E+00  0.000000000000000E+00 0
 600   11990.00   12010.00  0.000000000000000E+00  0.000000000000000E+00 0
 601   12010.00   12030.00  0.000000000000000E+00  0.000000000000000E+00 0
 602   12030.00   12050.00  0.000000000000000E+00  0.000000000000000E+00 0
 603   12050.00   12070.00  0.000000000000000E+00  0.000000000000000E+00 0
 604   12070.00   12090.00  0.000000000000000E+00  0.000000000000000E+00 0
 605   12090.00   12110.00  0.000000000000000E+00  0.000000000000000E+00 0
 606   12110.00   12130.00  0.000000000000000E+00  0.000000000000000E+00 0
 607   12130.00   12150.00  0.000000000000000E+00  0.000000000000000E+00 0
 608   12150.00   12170.00  0.000000000000000E+00  0.000000000000000E+00 0
 609   12170.00   12190.00  0.000000000000000E+00  0.000000000000000E+00 0
 610   12190.00   12210.00  0.000000000000000E+00  0.000000000000000E+00 0
 611   12210.00   12230.00  0.000000000000000E+00  0.000000000000000E+00 0
 612   12230.00   12250.00  0.000000000000000E+00  0.000000000000000E+00 0
 613   12250.00   12270.00  0.000000000000000E+00  0.000000000000000E+00 0
 614   12270.00   12290.00  0.000000000000000E+00  0.000000000000000E+00 0
 615   12290.00   12310.00  0.000000000000000E+00  0.000000000000000E+00 0
 616   12310.00   12330.00  0.000000000000000E+00  0.000000000000000E+00 0
 617   12330.00   12350.00  0.000000000000000E+00  0.000000000000000E+00 0
 618   12350.00   12370.00  0.000000000000000E+00  0.000000000000000E+00 0
 619   12370.00   12390.00  0.000000000000000E+00  0.000000000000000E+00 0
 620   12390.00   12410.00  0.000000000000000E+00  0.000000000000000E+00 0
 621   12410.00   12430.00  0.000000000000000E+00  0.000000000000000E+00 0
 622   12430.00   12450.00  0.000000000000000E+00  0.000000000000000E+00 0
 623   12450.00   12470.00  0.000000000000000E+00  0.000000000000000E+00 0
 624   12470.00   12490.00  0.000000000000000E+00  0.000000000000000E+00 0
 625   12490.00   12510.00  0.000000000000000E+00  0.000000000000000E+00 0
 626   12510.00   12530.00  0.000000000000000E+00  0.000000000000000E+00 0
 627   12530.00   12550.00  0.000000000000000E+00  0.000000000000000E+00 0
 628   12550.00   12570.00  0.000000000000000E+00  0.000000000000000E+00 0
 629   12570.00   12590.00  0.000000000000000E+00  0.000000000000000E+00 0
 630   12590.00   12610.00  0.000000000000000E+00  0.000000000000000E+00 0
 631   12610.00   12630.00  0.000000000000000E+00  0.000000000000000E+00 0
 632   12630.00   12650.00  0.000000000000000E+00  0.000000000000000E+00 0
 633   12650.00   12670.00  0.000000000000000E+00  0.000000000000000E+00 0
 634   12670.00   12690.00  0.000000000000000E+00  0.000000000000000E+00 0
 635   12690.00   12710.00  0.000000000000000E+00  0.000000000000000E+00 0
 636   12710.00   12730.00  0.000000000000000E+00  0.000000000000000E+00 0
 637   12730.00   12750.00  0.000000000000000E+00  0.000000000000000E+00 0
 638   12750.00   12770.00  0.000000000000000E+00  0.000000000000000E+00 0
 639   12770.00   12790.00  0.000000000000000E+00  0.000000000000000E+00 0
 640   12790.00   12810.00  0.000000000000000E+00  0.000000000000000E+00 0
 641   12810.00   12830.00  0.000000000000000E+00  0.000000000000000E+00 0
 642   12830.00   12850.00  0.000000000000000E+00  0.000000000000000E+00 0
 643   12850.00   12870.00  0.000000000000000E+00  0.000000000000000E+00 0
 644   12870.00   12890.00  0.000000000000000E+00  0.000000000000000E+00 0
 645   12890.00   12910.00  0.000000000000000E+00  0.000000000000000E+00 0
 646   12910.00   12930.00  0.000000000000000E+00  0.000000000000000E+00 0
 647   12930.00   12950.00  0.000000000000000E+00  0.000000000000000E+00 0
 648   12950.00   12970.00  0.000000000000000E+00  0.000000000000000E+00 0
 649   12970.00   12990.00  0.000000000000000E+00  0.000000000000000E+00 0
 650   12990.00   13010.00  0.000000000000000E+00  0.000000000000000E+00 0
# Underflow:                 0.0000000000000000E+00  0.0000000000000000E+00 0
# Overflow:                  0.0000000000000000E+00  0.0000000000000000E+00 0
#-------------------------------------------------------------------------------------
# Sum:                       9.8115805848347044E-04  1.1503674726505077E-06 18479000
#=====================================================================================
