# title = Invariant Mass j-j-electron System
# xlabel = $M_{\text{j}_1\text{j}_2\text{e}^-}\,$[GeV]
# ylabel = $\frac{\text{d}\sigma}{\text{d}M_{\text{j}_1\text{j}_2\text{e}^-}}\,\left[\frac{\text{fb}}{\text{GeV}}\right]$
# xmin=  4.000E+02
# xmax=  2.000E+03
# ymin=  1.000E-06
# ymax=  1.000E-03
# kmin=  0.000E+00
# kmax=  1.000E+02
# logscale = true
# Renormalization and factorization scale scaled by: 2.0000000000
# Renormalization scaled by: 2.0000000000
# Number of generated events: 1250200555
#
#=====================================================================================
# No.       Left      Right                   Value                   Error Hits
#-------------------------------------------------------------------------------------
   1       0.00      40.00  0.000000000000000E+00  0.000000000000000E+00 0
   2      40.00      80.00  0.000000000000000E+00  0.000000000000000E+00 0
   3      80.00     120.00  0.000000000000000E+00  0.000000000000000E+00 0
   4     120.00     160.00  0.000000000000000E+00  0.000000000000000E+00 0
   5     160.00     200.00  0.000000000000000E+00  0.000000000000000E+00 0
   6     200.00     240.00  0.000000000000000E+00  0.000000000000000E+00 0
   7     240.00     280.00  0.000000000000000E+00  0.000000000000000E+00 0
   8     280.00     320.00  0.000000000000000E+00  0.000000000000000E+00 0
   9     320.00     360.00  0.000000000000000E+00  0.000000000000000E+00 0
  10     360.00     400.00  0.000000000000000E+00  0.000000000000000E+00 0
  11     400.00     440.00  0.000000000000000E+00  0.000000000000000E+00 0
  12     440.00     480.00  0.000000000000000E+00  0.000000000000000E+00 0
  13     480.00     520.00  1.785804169766721E-08  6.931467754799012E-10 11916
  14     520.00     560.00  1.281410557450006E-05  1.930698038895155E-08 9325485
  15     560.00     600.00  4.219284242396132E-05  3.761780089964431E-08 26961280
  16     600.00     640.00  6.391959474102221E-05  5.020975896482687E-08 36260929
  17     640.00     680.00  7.822040432333465E-05  5.830533066217697E-08 41318583
  18     680.00     720.00  8.749286556496325E-05  6.562126720730792E-08 44060001
  19     720.00     760.00  9.342576781071951E-05  7.175518540911406E-08 45432217
  20     760.00     800.00  9.706912916114605E-05  7.557407139943867E-08 45955317
  21     800.00     840.00  9.904406062656057E-05  8.234598767277895E-08 45891599
  22     840.00     880.00  9.994647361422598E-05  8.520039643008944E-08 45503514
  23     880.00     920.00  9.968749539086579E-05  8.733826561537568E-08 44829709
  24     920.00     960.00  9.867412508340496E-05  9.273847865344695E-08 44001632
  25     960.00    1000.00  9.721142485645774E-05  9.521242883850748E-08 43065349
  26    1000.00    1040.00  9.544951922469999E-05  9.400049295094608E-08 42081098
  27    1040.00    1080.00  9.334243665316465E-05  9.681763910920658E-08 41028829
  28    1080.00    1120.00  9.091298186132396E-05  9.847449632689603E-08 39968260
  29    1120.00    1160.00  8.868793711923105E-05  1.000555846449059E-07 38905086
  30    1160.00    1200.00  8.573475110788966E-05  1.050197383540288E-07 37838043
  31    1200.00    1240.00  8.315418104251184E-05  1.031083796225234E-07 36777830
  32    1240.00    1280.00  8.016182922839113E-05  1.035293976233265E-07 35734534
  33    1280.00    1320.00  7.737733819691705E-05  1.026256524846945E-07 34714166
  34    1320.00    1360.00  7.462764880528873E-05  1.028432600691783E-07 33729909
  35    1360.00    1400.00  7.202104271392183E-05  1.028640194754303E-07 32754347
  36    1400.00    1440.00  6.922993590374294E-05  1.084820792364693E-07 31827262
  37    1440.00    1480.00  6.651944437519858E-05  1.035570133347052E-07 30915134
  38    1480.00    1520.00  6.395890196012307E-05  1.049419054765279E-07 30019319
  39    1520.00    1560.00  6.144118401766712E-05  1.039879806592526E-07 29150944
  40    1560.00    1600.00  5.876725218959131E-05  1.018401430742590E-07 28317031
  41    1600.00    1640.00  5.634526746770748E-05  1.007419910817334E-07 27506342
  42    1640.00    1680.00  5.404708232870741E-05  1.055763420781132E-07 26725620
  43    1680.00    1720.00  5.175224012530796E-05  1.016133397804086E-07 25965165
  44    1720.00    1760.00  4.949537538946192E-05  9.936619382701257E-08 25238296
  45    1760.00    1800.00  4.764811053341046E-05  9.918754082317617E-08 24533805
  46    1800.00    1840.00  4.527963610236928E-05  9.867341518760541E-08 23852175
  47    1840.00    1880.00  4.322588876787598E-05  9.769844646114808E-08 23182502
  48    1880.00    1920.00  4.143494221588168E-05  1.016503565620663E-07 22535543
  49    1920.00    1960.00  3.976353059646449E-05  1.007433902686735E-07 21923661
  50    1960.00    2000.00  3.791792137526596E-05  1.050935609329589E-07 21325338
  51    2000.00    2040.00  3.635632210333007E-05  9.845810300354079E-08 20745692
  52    2040.00    2080.00  3.440984165721657E-05  9.503326120336429E-08 20187631
  53    2080.00    2120.00  3.288605070974008E-05  9.141726752174754E-08 19647540
  54    2120.00    2160.00  3.152354979465274E-05  8.791981817849475E-08 19124100
  55    2160.00    2200.00  3.005845267696963E-05  8.970893376438030E-08 18610730
  56    2200.00    2240.00  2.885438901336202E-05  8.753527425716652E-08 18129136
  57    2240.00    2280.00  2.739914744066906E-05  8.816237125699536E-08 17656555
  58    2280.00    2320.00  2.612460462810286E-05  8.572659880644165E-08 17199559
  59    2320.00    2360.00  2.505682058832359E-05  8.378061681990460E-08 16756180
  60    2360.00    2400.00  2.373388509993057E-05  8.267001655955820E-08 16320264
  61    2400.00    2440.00  2.267817704016534E-05  8.057809590401922E-08 15905956
  62    2440.00    2480.00  2.147261090366108E-05  7.624336533215791E-08 15506289
  63    2480.00    2520.00  2.056898519861861E-05  7.641359473427270E-08 15113791
  64    2520.00    2560.00  1.934957462638128E-05  7.029371772666528E-08 14729140
  65    2560.00    2600.00  1.858769312317790E-05  7.148849328056260E-08 14365048
  66    2600.00    2640.00  1.776779477585551E-05  7.019568748657199E-08 14012460
  67    2640.00    2680.00  1.698442598672141E-05  7.108088190576901E-08 13665519
  68    2680.00    2720.00  1.599032201081377E-05  6.699527616082748E-08 13331961
  69    2720.00    2760.00  1.544581772150107E-05  6.585336797642154E-08 13001100
  70    2760.00    2800.00  1.462652243596492E-05  6.556013972045628E-08 12684476
  71    2800.00    2840.00  1.403415852496465E-05  7.198127275865034E-08 12386394
  72    2840.00    2880.00  1.326130710516581E-05  6.171837539824169E-08 12083294
  73    2880.00    2920.00  1.259206888996932E-05  6.125026174454550E-08 11794989
  74    2920.00    2960.00  1.187110425055170E-05  5.777058519342267E-08 11521240
  75    2960.00    3000.00  1.147888037161459E-05  6.072206946403292E-08 11246642
  76    3000.00    3040.00  1.092763011217019E-05  5.817097391580186E-08 10974583
  77    3040.00    3080.00  1.040080622292610E-05  5.937442156102667E-08 10724504
  78    3080.00    3120.00  9.762406849495610E-06  5.297942516909797E-08 10471006
  79    3120.00    3160.00  9.420387115545008E-06  6.686901789307188E-08 10225502
  80    3160.00    3200.00  8.812668248739226E-06  4.906941976095780E-08 9993099
  81    3200.00    3240.00  8.264127071623846E-06  4.637449387130856E-08 9759809
  82    3240.00    3280.00  7.957007570699479E-06  4.574474335525738E-08 9541887
  83    3280.00    3320.00  7.626185372091433E-06  4.597308077979821E-08 9324088
  84    3320.00    3360.00  7.249254722156467E-06  4.314358859501282E-08 9104583
  85    3360.00    3400.00  6.872104783834056E-06  4.308311739951996E-08 8904691
  86    3400.00    3440.00  6.531974657712371E-06  4.189189170536052E-08 8702311
  87    3440.00    3480.00  6.056561866243680E-06  3.759135095077985E-08 8507735
  88    3480.00    3520.00  5.894996731685455E-06  3.875301201453898E-08 8316947
  89    3520.00    3560.00  5.659261869037683E-06  4.218179577074556E-08 8135665
  90    3560.00    3600.00  5.280580980494713E-06  3.514817684650675E-08 7951291
  91    3600.00    3640.00  5.100898678044389E-06  3.892930663395337E-08 7783234
  92    3640.00    3680.00  4.714110458533677E-06  3.351295928088253E-08 7603177
  93    3680.00    3720.00  4.536139026695905E-06  3.598354030778892E-08 7432284
  94    3720.00    3760.00  4.322751585699118E-06  4.311025764820984E-08 7277955
  95    3760.00    3800.00  4.124684372716816E-06  3.315939609345382E-08 7116287
  96    3800.00    3840.00  3.890004742775790E-06  3.220377054923569E-08 6966937
  97    3840.00    3880.00  3.614272793864750E-06  2.853005001705111E-08 6811142
  98    3880.00    3920.00  3.397576823781646E-06  2.664651130312455E-08 6665468
  99    3920.00    3960.00  3.294417418431994E-06  2.718763212642572E-08 6524013
 100    3960.00    4000.00  3.102876516559355E-06  2.635978613124533E-08 6385855
 101    4000.00    4040.00  3.002397527422549E-06  2.729100859226554E-08 6250329
 102    4040.00    4080.00  2.766202327375751E-06  2.515554822689191E-08 6109125
 103    4080.00    4120.00  2.638584454297455E-06  2.419508943252621E-08 5982483
 104    4120.00    4160.00  2.453969784361958E-06  2.125436905935108E-08 5854970
 105    4160.00    4200.00  2.335037885032164E-06  2.094598915524900E-08 5734638
 106    4200.00    4240.00  2.256033446198019E-06  2.247056537791951E-08 5607544
 107    4240.00    4280.00  2.134423835356130E-06  2.134171147341034E-08 5493221
 108    4280.00    4320.00  1.996136600216152E-06  1.826538536410056E-08 5378195
 109    4320.00    4360.00  1.883199682378133E-06  1.790518760029623E-08 5268154
 110    4360.00    4400.00  1.806038252687778E-06  1.825257177272905E-08 5155911
 111    4400.00    4440.00  1.691462482293844E-06  1.680126058918373E-08 5044637
 112    4440.00    4480.00  1.595398266392382E-06  1.609326703488259E-08 4946462
 113    4480.00    4520.00  1.563644311379968E-06  1.881911700923662E-08 4842416
 114    4520.00    4560.00  1.448948176426947E-06  1.536236824985465E-08 4737166
 115    4560.00    4600.00  1.381544862310399E-06  1.546445848534442E-08 4640930
 116    4600.00    4640.00  1.309868496712673E-06  1.514701216410630E-08 4543651
 117    4640.00    4680.00  1.224977055193447E-06  1.470582978713966E-08 4447873
 118    4680.00    4720.00  1.163578924334677E-06  1.396457004411691E-08 4357544
 119    4720.00    4760.00  1.121504881616633E-06  1.407504602030165E-08 4266814
 120    4760.00    4800.00  1.052949521670306E-06  1.353587246726213E-08 4180628
 121    4800.00    4840.00  9.893310787506049E-07  1.232042103649258E-08 4093100
 122    4840.00    4880.00  9.112786540561803E-07  1.034681727114462E-08 4007732
 123    4880.00    4920.00  8.619761694694030E-07  1.113347549700961E-08 3929291
 124    4920.00    4960.00  8.318095834374824E-07  1.023079169141587E-08 3849120
 125    4960.00    5000.00  7.795059062829602E-07  9.976177715565555E-09 3770381
 126    5000.00    5040.00  7.423453409541989E-07  9.487277352658003E-09 3691343
 127    5040.00    5080.00  6.856103169382406E-07  8.624564042426034E-09 3618186
 128    5080.00    5120.00  6.481882877678966E-07  9.091263610444816E-09 3539886
 129    5120.00    5160.00  6.220029687768346E-07  9.416621233367994E-09 3471285
 130    5160.00    5200.00  5.781235297827777E-07  7.526325376135709E-09 3397253
 131    5200.00    5240.00  5.489333227879936E-07  1.022762033239977E-08 3328479
 132    5240.00    5280.00  5.072192732037521E-07  7.561118871630960E-09 3262069
 133    5280.00    5320.00  4.844616759307941E-07  6.973995680595176E-09 3198197
 134    5320.00    5360.00  4.652978349314185E-07  7.763097513135790E-09 3132739
 135    5360.00    5400.00  4.383444179334378E-07  7.025218342690735E-09 3062742
 136    5400.00    5440.00  4.131487765115469E-07  6.651223000015446E-09 3001493
 137    5440.00    5480.00  3.765315232340470E-07  5.940417722483091E-09 2943049
 138    5480.00    5520.00  3.616619790448104E-07  5.469865542500310E-09 2884600
 139    5520.00    5560.00  3.445195373832449E-07  5.112526147052380E-09 2821708
 140    5560.00    5600.00  3.237548549557786E-07  4.765369833811107E-09 2766278
 141    5600.00    5640.00  3.012226910713170E-07  4.750975695124154E-09 2710752
 142    5640.00    5680.00  2.819022607200616E-07  4.295440741817194E-09 2656264
 143    5680.00    5720.00  2.681920802671558E-07  4.400982446106315E-09 2600607
 144    5720.00    5760.00  2.481319867344919E-07  3.839901789744769E-09 2549523
 145    5760.00    5800.00  2.386935328238447E-07  4.245746653385031E-09 2497244
 146    5800.00    5840.00  2.205028962757144E-07  3.473059824625122E-09 2445404
 147    5840.00    5880.00  2.107173125712588E-07  3.592345560995701E-09 2396513
 148    5880.00    5920.00  2.002502758827304E-07  3.840822082507731E-09 2348478
 149    5920.00    5960.00  1.877831991455321E-07  3.151425872601282E-09 2299778
 150    5960.00    6000.00  1.804059492580159E-07  3.652270994465776E-09 2252399
 151    6000.00    6040.00  1.577578548508347E-07  2.644713250805810E-09 2205595
 152    6040.00    6080.00  1.476510101169437E-07  2.473640851714708E-09 2157231
 153    6080.00    6120.00  1.466236783619536E-07  3.070673156292886E-09 2119252
 154    6120.00    6160.00  1.334310791195593E-07  2.287030932883247E-09 2071419
 155    6160.00    6200.00  1.292465108227927E-07  3.067314864479388E-09 2031136
 156    6200.00    6240.00  1.177215137800025E-07  2.075081381821264E-09 1988580
 157    6240.00    6280.00  1.132890673023960E-07  2.234676984728705E-09 1950584
 158    6280.00    6320.00  1.065586967603698E-07  2.030301895873165E-09 1905845
 159    6320.00    6360.00  9.495279782776183E-08  1.628484794812678E-09 1869236
 160    6360.00    6400.00  9.169171828058356E-08  1.733888320977634E-09 1831019
 161    6400.00    6440.00  8.516117793105976E-08  1.747569382042595E-09 1791268
 162    6440.00    6480.00  8.085027811639012E-08  1.591960580598029E-09 1753934
 163    6480.00    6520.00  7.568493457811006E-08  1.456070410195148E-09 1717327
 164    6520.00    6560.00  7.040975034507838E-08  1.256315511428916E-09 1682638
 165    6560.00    6600.00  6.702479879374914E-08  1.347835989695408E-09 1644693
 166    6600.00    6640.00  6.184470113718652E-08  1.275662279527004E-09 1613777
 167    6640.00    6680.00  6.135694990420291E-08  1.505803391398950E-09 1579819
 168    6680.00    6720.00  5.380566650330929E-08  1.220537492500479E-09 1544793
 169    6720.00    6760.00  5.272387958208579E-08  1.160861472601589E-09 1513776
 170    6760.00    6800.00  4.786181493438390E-08  1.098074745394643E-09 1481312
 171    6800.00    6840.00  4.472397937460260E-08  9.587078243568601E-10 1450192
 172    6840.00    6880.00  4.524342108827536E-08  1.088721720874183E-09 1419972
 173    6880.00    6920.00  3.945618261062203E-08  8.273770791472825E-10 1391247
 174    6920.00    6960.00  3.636076339282362E-08  9.216112648081887E-10 1359065
 175    6960.00    7000.00  3.495420332681423E-08  8.076719560072698E-10 1331473
 176    7000.00    7040.00  3.253968344606609E-08  8.833723612055727E-10 1302717
 177    7040.00    7080.00  3.025364610236116E-08  7.037195837888784E-10 1275245
 178    7080.00    7120.00  2.857203923499876E-08  6.187096434300952E-10 1247284
 179    7120.00    7160.00  2.577110792501908E-08  5.332732427829794E-10 1222501
 180    7160.00    7200.00  2.457831411841740E-08  5.559311202711309E-10 1194984
 181    7200.00    7240.00  2.349032102149262E-08  5.203695015523573E-10 1170744
 182    7240.00    7280.00  2.150513447699183E-08  5.340127782363722E-10 1142997
 183    7280.00    7320.00  2.045925407481932E-08  5.429215277735716E-10 1120040
 184    7320.00    7360.00  1.905305358005546E-08  5.913298649226118E-10 1095747
 185    7360.00    7400.00  1.743126669655581E-08  4.268599174561400E-10 1069633
 186    7400.00    7440.00  1.587561389716048E-08  3.907937228878173E-10 1049281
 187    7440.00    7480.00  1.528085866308064E-08  3.677592507123845E-10 1023679
 188    7480.00    7520.00  1.421289796338242E-08  3.526167062725776E-10 1002455
 189    7520.00    7560.00  1.343580047954053E-08  4.109261130819038E-10 978350
 190    7560.00    7600.00  1.226464506520321E-08  2.881746435102023E-10 957138
 191    7600.00    7640.00  1.193434862489238E-08  4.063141404381388E-10 938546
 192    7640.00    7680.00  1.071475761107892E-08  2.756983275553549E-10 917092
 193    7680.00    7720.00  1.011331385307513E-08  2.786906512271866E-10 894313
 194    7720.00    7760.00  9.426294529816321E-09  2.739743203048649E-10 874920
 195    7760.00    7800.00  8.572459158179305E-09  2.447423997445528E-10 854382
 196    7800.00    7840.00  8.027855187311861E-09  2.019482511954527E-10 835460
 197    7840.00    7880.00  7.845656512353250E-09  2.979978088272164E-10 815579
 198    7880.00    7920.00  6.598367026988755E-09  1.803641405794801E-10 799018
 199    7920.00    7960.00  6.668341948186409E-09  2.082474464778833E-10 780440
 200    7960.00    8000.00  6.219220581640105E-09  1.734088790649511E-10 761697
 201    8000.00    8040.00  5.516112727658722E-09  1.404863158952540E-10 744185
 202    8040.00    8080.00  5.255682937041522E-09  1.501511309673890E-10 727004
 203    8080.00    8120.00  4.830147636625547E-09  1.283853818907681E-10 710408
 204    8120.00    8160.00  4.513884584904495E-09  1.637724892650457E-10 692450
 205    8160.00    8200.00  4.066100103928472E-09  1.337828070955988E-10 675937
 206    8200.00    8240.00  3.722887074395037E-09  1.079867454446484E-10 660807
 207    8240.00    8280.00  3.450168157594538E-09  9.097896297894531E-11 644362
 208    8280.00    8320.00  3.367693431836500E-09  1.076918763834410E-10 631384
 209    8320.00    8360.00  2.936460569918297E-09  7.940688749488366E-11 614874
 210    8360.00    8400.00  2.800526344899138E-09  1.047772660861055E-10 599902
 211    8400.00    8440.00  2.575161351986614E-09  7.742189020144519E-11 584951
 212    8440.00    8480.00  2.361614242988912E-09  7.197425884608126E-11 570917
 213    8480.00    8520.00  2.274709447484562E-09  7.919118432689038E-11 556538
 214    8520.00    8560.00  2.104185239595057E-09  7.058444845371591E-11 543213
 215    8560.00    8600.00  1.902975013328196E-09  5.058071546913956E-11 529843
 216    8600.00    8640.00  1.684360193251719E-09  4.325249889105809E-11 517929
 217    8640.00    8680.00  1.702814741244021E-09  6.903911182664493E-11 502687
 218    8680.00    8720.00  1.512341270873234E-09  5.104974198903410E-11 491188
 219    8720.00    8760.00  1.414481626730317E-09  5.161589416469680E-11 479328
 220    8760.00    8800.00  1.268390532881132E-09  4.083047813749578E-11 465562
 221    8800.00    8840.00  1.218637308791560E-09  3.984426678963615E-11 454186
 222    8840.00    8880.00  1.130332876026574E-09  3.824253528355409E-11 441272
 223    8880.00    8920.00  9.817180945333306E-10  5.152531293288392E-11 430017
 224    8920.00    8960.00  9.069781103427954E-10  2.802251642893350E-11 420258
 225    8960.00    9000.00  8.812975972122950E-10  3.156470973231742E-11 408397
 226    9000.00    9040.00  7.750606907053029E-10  2.806337258759619E-11 397555
 227    9040.00    9080.00  7.794578385127739E-10  3.285883045352390E-11 387276
 228    9080.00    9120.00  6.827987615309041E-10  2.212004803919815E-11 375995
 229    9120.00    9160.00  5.864626534878723E-10  2.070110579270496E-11 366696
 230    9160.00    9200.00  5.860989691051210E-10  2.812826431182046E-11 356040
 231    9200.00    9240.00  4.899276300276432E-10  1.899627878284716E-11 346880
 232    9240.00    9280.00  4.862018388855638E-10  1.901948612468869E-11 336328
 233    9280.00    9320.00  4.352766605121174E-10  1.854497783893917E-11 327999
 234    9320.00    9360.00  4.186586483932735E-10  1.523672658552865E-11 318245
 235    9360.00    9400.00  3.722753306488396E-10  1.763054745423956E-11 308364
 236    9400.00    9440.00  3.222834927691766E-10  1.452133954106721E-11 301096
 237    9440.00    9480.00  3.017346338675350E-10  1.003178529588627E-11 291856
 238    9480.00    9520.00  2.637409914257053E-10  9.796567066828793E-12 282470
 239    9520.00    9560.00  2.696960148474245E-10  1.141951578572935E-11 274309
 240    9560.00    9600.00  2.308065070132846E-10  9.440452010692661E-12 266265
 241    9600.00    9640.00  1.997032919120275E-10  7.716859366287122E-12 258298
 242    9640.00    9680.00  1.830913634937780E-10  6.195926628574518E-12 250742
 243    9680.00    9720.00  1.735885917857598E-10  6.146997839816760E-12 242782
 244    9720.00    9760.00  1.609724507945502E-10  7.783867000511250E-12 235774
 245    9760.00    9800.00  1.518153355888950E-10  1.015500234057830E-11 228226
 246    9800.00    9840.00  1.229612966915460E-10  4.321596185327587E-12 220680
 247    9840.00    9880.00  1.325289201818424E-10  1.153585636572622E-11 212950
 248    9880.00    9920.00  1.074232884253845E-10  4.150043227254163E-12 206835
 249    9920.00    9960.00  9.738043778919094E-11  4.644489886228612E-12 201145
 250    9960.00   10000.00  8.840802858797189E-11  4.603420782062899E-12 193782
 251   10000.00   10040.00  8.055506003551272E-11  3.761064233988691E-12 187984
 252   10040.00   10080.00  7.255913030258804E-11  3.069337295458925E-12 180410
 253   10080.00   10120.00  6.781002078347874E-11  3.189850651476756E-12 174304
 254   10120.00   10160.00  5.542251113009293E-11  1.858814240160568E-12 168624
 255   10160.00   10200.00  5.033340251418856E-11  2.432187767572102E-12 162505
 256   10200.00   10240.00  4.759382012130848E-11  2.815094748199622E-12 157480
 257   10240.00   10280.00  4.216800604758727E-11  1.887196694844220E-12 151318
 258   10280.00   10320.00  4.008599272563149E-11  2.055472826101709E-12 145792
 259   10320.00   10360.00  3.250389066344674E-11  1.548070018333875E-12 140037
 260   10360.00   10400.00  3.271113514508711E-11  1.768494138825843E-12 135111
 261   10400.00   10440.00  2.748739258833761E-11  1.018763017275285E-12 131022
 262   10440.00   10480.00  2.365812841191176E-11  8.587815266810883E-13 125361
 263   10480.00   10520.00  2.067128546640759E-11  6.756707078015358E-13 120597
 264   10520.00   10560.00  1.748054935215709E-11  6.978850620245845E-13 115982
 265   10560.00   10600.00  1.609849134540649E-11  6.157623967272249E-13 111386
 266   10600.00   10640.00  1.516117490666084E-11  8.891445332832989E-13 106393
 267   10640.00   10680.00  1.263267144295770E-11  4.171816461159436E-13 102193
 268   10680.00   10720.00  1.155794593860683E-11  4.618359080163516E-13 97591
 269   10720.00   10760.00  9.649112899198910E-12  3.349761253014806E-13 93958
 270   10760.00   10800.00  8.744950071274869E-12  3.353762679650605E-13 89713
 271   10800.00   10840.00  7.587982172462530E-12  3.212568844659197E-13 86127
 272   10840.00   10880.00  7.056200316537643E-12  3.355044807385429E-13 82085
 273   10880.00   10920.00  5.870279726784311E-12  2.391976918218157E-13 78510
 274   10920.00   10960.00  5.264858163161934E-12  2.360200922109115E-13 74917
 275   10960.00   11000.00  4.234300337387046E-12  1.683090841370538E-13 70822
 276   11000.00   11040.00  3.784957763862557E-12  1.871951107695334E-13 67852
 277   11040.00   11080.00  3.308391937255185E-12  1.356752340251955E-13 64473
 278   11080.00   11120.00  3.129697770690623E-12  1.508928230717894E-13 61719
 279   11120.00   11160.00  2.481567375001673E-12  1.227266847348869E-13 58265
 280   11160.00   11200.00  2.163627891775563E-12  1.400221148918627E-13 55140
 281   11200.00   11240.00  1.824348872211174E-12  8.430923239786890E-14 52062
 282   11240.00   11280.00  1.612842881267390E-12  9.901234911925974E-14 49303
 283   11280.00   11320.00  1.283706161504078E-12  5.236582858672477E-14 46308
 284   11320.00   11360.00  1.064062040273988E-12  4.399062670751159E-14 43826
 285   11360.00   11400.00  9.550403540644310E-13  4.809208324752735E-14 41525
 286   11400.00   11440.00  7.848331769029454E-13  3.847941476784059E-14 38780
 287   11440.00   11480.00  7.112221578570903E-13  5.377195022410471E-14 36579
 288   11480.00   11520.00  5.901158938596182E-13  3.634189527162125E-14 34223
 289   11520.00   11560.00  4.459993093126693E-13  2.006910425597795E-14 31954
 290   11560.00   11600.00  3.946595081055732E-13  2.847400127584274E-14 29767
 291   11600.00   11640.00  3.091213185214021E-13  2.024625337648935E-14 27814
 292   11640.00   11680.00  2.776918506734815E-13  4.694727138221486E-14 25868
 293   11680.00   11720.00  1.954773027815745E-13  1.192779148790035E-14 23980
 294   11720.00   11760.00  1.481356339882701E-13  7.922836074430312E-15 22310
 295   11760.00   11800.00  1.230515845275242E-13  7.095695766703308E-15 20755
 296   11800.00   11840.00  9.490969061134602E-14  4.502494038781111E-15 18788
 297   11840.00   11880.00  8.865153820572981E-14  1.422307726768990E-14 17651
 298   11880.00   11920.00  7.149965912309080E-14  1.346975916010434E-14 16054
 299   11920.00   11960.00  4.392147189547241E-14  2.674825732909172E-15 14416
 300   11960.00   12000.00  3.242346986950264E-14  2.131063677041427E-15 13129
 301   12000.00   12040.00  2.533104836752531E-14  2.600606189471188E-15 11859
 302   12040.00   12080.00  1.890586340261341E-14  1.220020184481076E-15 10709
 303   12080.00   12120.00  1.337297967650851E-14  1.283792087370787E-15 9310
 304   12120.00   12160.00  8.991758298406362E-15  6.642613789511538E-16 8600
 305   12160.00   12200.00  7.888230892222688E-15  6.841560661038024E-16 7451
 306   12200.00   12240.00  4.610036591351760E-15  5.798606467345500E-16 6374
 307   12240.00   12280.00  3.263138466730321E-15  2.743498037300100E-16 5658
 308   12280.00   12320.00  1.584917805275397E-15  1.142051203692386E-16 4948
 309   12320.00   12360.00  1.214135346880928E-15  1.071509337178094E-16 4054
 310   12360.00   12400.00  8.367110991135690E-16  1.040521589728019E-16 3535
 311   12400.00   12440.00  4.920540447074970E-16  5.195402247680533E-17 2912
 312   12440.00   12480.00  3.057159202797049E-16  4.405937229462553E-17 2388
 313   12480.00   12520.00  1.433942868970924E-16  1.886955167351410E-17 1941
 314   12520.00   12560.00  6.579766515689831E-17  7.544508813476962E-18 1527
 315   12560.00   12600.00  2.705531636121046E-17  4.133354478687781E-18 1129
 316   12600.00   12640.00  1.362430619878893E-17  1.620108039150987E-18 854
 317   12640.00   12680.00  5.611307366343170E-18  1.255897372123811E-18 557
 318   12680.00   12720.00  6.595656532660244E-18  4.633642016525222E-18 369
 319   12720.00   12760.00  2.779707214540163E-18  1.209065492237701E-18 212
 320   12760.00   12800.00  8.960948690555854E-20  2.194430344468219E-20 100
 321   12800.00   12840.00  1.371048031382654E-20  7.475222793770051E-21 40
 322   12840.00   12880.00  4.106507131188755E-23  2.651995228052749E-23 5
 323   12880.00   12920.00  0.000000000000000E+00  0.000000000000000E+00 0
 324   12920.00   12960.00  0.000000000000000E+00  0.000000000000000E+00 0
 325   12960.00   13000.00  0.000000000000000E+00  0.000000000000000E+00 0
# Underflow:                 0.0000000000000000E+00  0.0000000000000000E+00 0
# Overflow:                  0.0000000000000000E+00  0.0000000000000000E+00 0
#-------------------------------------------------------------------------------------
# Sum:                       2.4694900055763575E-06  4.1334927951029225E-09 13479000
#=====================================================================================
