# title = Transverse Momentum Jet Pair
# xlabel = $p_{\text{T},\text{j}_1\text{j}_2}\,$[GeV]
# ylabel = $\frac{\text{d}\sigma}{\text{d}p_{\text{T},\text{j}_1\text{j}_2}}\,\left[\frac{\text{fb}}{\text{GeV}}\right]$
# xmin=  0.000E+00
# xmax=  8.000E+02
# ymin=  1.000E-05
# ymax=  1.000E-02
# kmin=  0.000E+00
# kmax=  1.000E+02
# logscale = true
# Renormalization and factorization scale scaled by: 2.0000000000
# Renormalization scaled by: 2.0000000000
# Number of generated events: 1250200555
#
#=====================================================================================
# No.       Left      Right                   Value                   Error Hits
#-------------------------------------------------------------------------------------
   1       0.00      20.00  1.326829006916518E-04  2.379841273672662E-07 41865518
   2      20.00      40.00  3.574532533190927E-04  3.938498323785689E-07 81404002
   3      40.00      60.00  5.100508138015472E-04  4.694355445861493E-07 98053198
   4      60.00      80.00  5.940244853832822E-04  4.876078499869420E-07 107276973
   5      80.00     100.00  6.154176067529422E-04  4.963905513479828E-07 111289072
   6     100.00     120.00  5.923091388648294E-04  4.598629892333747E-07 110468073
   7     120.00     140.00  5.433990369217690E-04  4.244604379224838E-07 106359730
   8     140.00     160.00  4.859878997452105E-04  4.038653082750790E-07 100352558
   9     160.00     180.00  4.253003496300451E-04  3.619979406216408E-07 93420133
  10     180.00     200.00  3.673998306489587E-04  3.181680497215396E-07 86316414
  11     200.00     220.00  3.148232727269780E-04  2.831285912593057E-07 79454815
  12     220.00     240.00  2.680921216369519E-04  2.521789391745029E-07 73018501
  13     240.00     260.00  2.276858407049362E-04  2.261175003632653E-07 67071236
  14     260.00     280.00  1.927656655157329E-04  2.037597227099655E-07 61634315
  15     280.00     300.00  1.630201312008110E-04  1.782493646079931E-07 56660512
  16     300.00     320.00  1.373887349564184E-04  1.626085420924579E-07 52104910
  17     320.00     340.00  1.160087392137472E-04  1.456134376898317E-07 47931612
  18     340.00     360.00  9.743101828204672E-05  1.282281362089657E-07 44143443
  19     360.00     380.00  8.233444854804386E-05  1.137511720652737E-07 40712309
  20     380.00     400.00  6.933746444757723E-05  1.015381839137749E-07 37615348
  21     400.00     420.00  5.871620347461680E-05  9.241548739167211E-08 34830315
  22     420.00     440.00  4.973765713814724E-05  8.313726461342836E-08 32296567
  23     440.00     460.00  4.220079268955279E-05  7.299637202748611E-08 30019682
  24     460.00     480.00  3.584919289349127E-05  6.563934791670154E-08 27931628
  25     480.00     500.00  3.048054174226059E-05  5.780581235141074E-08 26040344
  26     500.00     520.00  2.615976341702547E-05  5.335325058813612E-08 24319039
  27     520.00     540.00  2.230507144379692E-05  4.735054460345670E-08 22735400
  28     540.00     560.00  1.911743547187037E-05  4.261638607562828E-08 21289581
  29     560.00     580.00  1.641068466802720E-05  3.977840362020048E-08 19958782
  30     580.00     600.00  1.409649811922375E-05  3.493079610537117E-08 18730838
  31     600.00     620.00  1.214959059446628E-05  3.145316568280185E-08 17602795
  32     620.00     640.00  1.046635109367689E-05  2.803291733846101E-08 16563092
  33     640.00     660.00  9.093064161669541E-06  2.571612751579340E-08 15594027
  34     660.00     680.00  7.875772146919034E-06  2.380245120011291E-08 14699902
  35     680.00     700.00  6.819628913645028E-06  2.159281098188407E-08 13871833
  36     700.00     720.00  5.920719020954472E-06  1.958403740312887E-08 13097476
  37     720.00     740.00  5.145494503128897E-06  1.719862148244532E-08 12391066
  38     740.00     760.00  4.500735233033148E-06  1.604343696364954E-08 11719971
  39     760.00     780.00  3.907189455807888E-06  1.448926565182153E-08 11100326
  40     780.00     800.00  3.444514520213465E-06  1.331843787068310E-08 10514738
  41     800.00     820.00  3.001899953577669E-06  1.185214363310349E-08 9973233
  42     820.00     840.00  2.627629896928246E-06  1.073817773644970E-08 9459620
  43     840.00     860.00  2.302170796606578E-06  9.908850020737535E-09 8986024
  44     860.00     880.00  2.017660410418897E-06  8.814345988668036E-09 8532600
  45     880.00     900.00  1.777967082580643E-06  7.936567010638308E-09 8114961
  46     900.00     920.00  1.578507089262547E-06  7.615968309516157E-09 7721316
  47     920.00     940.00  1.392478498155172E-06  6.832892460587058E-09 7346099
  48     940.00     960.00  1.229145462930443E-06  6.430231639766427E-09 6996013
  49     960.00     980.00  1.088841176769663E-06  5.644571788770126E-09 6662069
  50     980.00    1000.00  9.617678974476338E-07  5.265807272919058E-09 6351857
  51    1000.00    1020.00  8.400631427524933E-07  4.630634594713257E-09 6060014
  52    1020.00    1040.00  7.487733236714276E-07  4.379684108168473E-09 5781146
  53    1040.00    1060.00  6.689926111171847E-07  4.363614312859822E-09 5516197
  54    1060.00    1080.00  5.972234818780022E-07  3.676321018551051E-09 5269277
  55    1080.00    1100.00  5.228414368593771E-07  3.346422840628055E-09 5032428
  56    1100.00    1120.00  4.723902429550897E-07  3.183497967384946E-09 4811936
  57    1120.00    1140.00  4.240704137845523E-07  2.956321549137619E-09 4600309
  58    1140.00    1160.00  3.725174754608207E-07  2.651364691103814E-09 4401262
  59    1160.00    1180.00  3.315812682880408E-07  2.365899250647603E-09 4210389
  60    1180.00    1200.00  3.006165116379044E-07  2.250467873001358E-09 4029812
  61    1200.00    1220.00  2.633392763425717E-07  2.022053352790748E-09 3859471
  62    1220.00    1240.00  2.377435658901279E-07  1.925767793177451E-09 3695167
  63    1240.00    1260.00  2.116187309214098E-07  1.710679189050629E-09 3541957
  64    1260.00    1280.00  1.926035125291198E-07  1.674369087781801E-09 3394221
  65    1280.00    1300.00  1.701347768327203E-07  1.476592232371008E-09 3255666
  66    1300.00    1320.00  1.523061452017852E-07  1.308544773319962E-09 3124538
  67    1320.00    1340.00  1.364157012783234E-07  1.239333169663822E-09 2995068
  68    1340.00    1360.00  1.232194387252869E-07  1.181778758045595E-09 2872183
  69    1360.00    1380.00  1.085861016142887E-07  1.028779955993979E-09 2759578
  70    1380.00    1400.00  9.980417241243100E-08  9.662571188005775E-10 2652827
  71    1400.00    1420.00  8.944502369869605E-08  9.213764790094807E-10 2544897
  72    1420.00    1440.00  7.912948207583855E-08  8.352170450720241E-10 2445472
  73    1440.00    1460.00  7.179803616029431E-08  7.336750952903638E-10 2350684
  74    1460.00    1480.00  6.364272604148898E-08  6.519043804330100E-10 2255663
  75    1480.00    1500.00  5.834397223390841E-08  6.663617544594687E-10 2172844
  76    1500.00    1520.00  5.213844571238798E-08  5.964887972103053E-10 2088522
  77    1520.00    1540.00  4.714761681491717E-08  5.179417992040058E-10 2010454
  78    1540.00    1560.00  4.322055288214869E-08  5.294176969757483E-10 1934542
  79    1560.00    1580.00  3.872383607763572E-08  4.887741165789846E-10 1859094
  80    1580.00    1600.00  3.437384514328398E-08  4.361380227025588E-10 1789032
  81    1600.00    1620.00  3.178037453688822E-08  4.244284735548631E-10 1723173
  82    1620.00    1640.00  2.878284518243926E-08  3.809602334938376E-10 1657211
  83    1640.00    1660.00  2.537001172503893E-08  3.296370430934574E-10 1596667
  84    1660.00    1680.00  2.290981134929282E-08  3.027307875977737E-10 1538942
  85    1680.00    1700.00  2.065812802261495E-08  2.659031954114123E-10 1482963
  86    1700.00    1720.00  1.896908391586638E-08  2.618219203467402E-10 1427786
  87    1720.00    1740.00  1.705199353465173E-08  2.511134483373026E-10 1377624
  88    1740.00    1760.00  1.579959561186617E-08  2.676558695284358E-10 1328484
  89    1760.00    1780.00  1.407759973135993E-08  2.126909182271287E-10 1278274
  90    1780.00    1800.00  1.251688481454415E-08  1.929923462268670E-10 1233501
  91    1800.00    1820.00  1.158623967927516E-08  1.975773782739193E-10 1188480
  92    1820.00    1840.00  1.037301152845933E-08  1.592600889443094E-10 1146399
  93    1840.00    1860.00  9.335658257574714E-09  1.443065654873792E-10 1107745
  94    1860.00    1880.00  8.535457640075343E-09  1.424055648705696E-10 1067379
  95    1880.00    1900.00  7.719594032919962E-09  1.279143123021159E-10 1031348
  96    1900.00    1920.00  7.140696909104791E-09  1.298658930823921E-10 994895
  97    1920.00    1940.00  6.471332359954381E-09  1.109553309685497E-10 958087
  98    1940.00    1960.00  5.820541726952770E-09  1.049745966103058E-10 925019
  99    1960.00    1980.00  5.203093799909405E-09  9.516410155875441E-11 894998
 100    1980.00    2000.00  4.699331824204452E-09  8.424315289454820E-11 864235
 101    2000.00    2020.00  4.405867236426360E-09  9.209816040676818E-11 832292
 102    2020.00    2040.00  3.938094152089446E-09  7.509197056294929E-11 804973
 103    2040.00    2060.00  3.673230604582466E-09  7.496462704848808E-11 775629
 104    2060.00    2080.00  3.265262926133570E-09  6.222984212227291E-11 750084
 105    2080.00    2100.00  3.107881444701018E-09  7.612839720959885E-11 723467
 106    2100.00    2120.00  2.709845342055937E-09  5.756330089278355E-11 701179
 107    2120.00    2140.00  2.510767666177158E-09  6.212724904464553E-11 676908
 108    2140.00    2160.00  2.282741177690306E-09  5.200190755533435E-11 654095
 109    2160.00    2180.00  2.114567343804785E-09  4.677398823485687E-11 631638
 110    2180.00    2200.00  1.872888967038689E-09  4.185466981138432E-11 608434
 111    2200.00    2220.00  1.641059814858710E-09  3.491908716576668E-11 588640
 112    2220.00    2240.00  1.520682091647396E-09  3.262061792663972E-11 569734
 113    2240.00    2260.00  1.409917101639106E-09  3.214723832923288E-11 551393
 114    2260.00    2280.00  1.351163893853613E-09  3.292145894664404E-11 532091
 115    2280.00    2300.00  1.232483753949061E-09  2.938888685991734E-11 514363
 116    2300.00    2320.00  1.107743217317363E-09  2.894600293076039E-11 496700
 117    2320.00    2340.00  9.867747118119761E-10  2.362769334441577E-11 481884
 118    2340.00    2360.00  8.936548723478746E-10  2.335175970393490E-11 464478
 119    2360.00    2380.00  8.106137545606426E-10  1.940985962387390E-11 449410
 120    2380.00    2400.00  7.336275757953264E-10  1.836404330424583E-11 434666
 121    2400.00    2420.00  6.622986293693746E-10  1.917422765495238E-11 419987
 122    2420.00    2440.00  6.325512393699131E-10  1.867120798858338E-11 406929
 123    2440.00    2460.00  5.618766113081044E-10  1.722174178161526E-11 392719
 124    2460.00    2480.00  5.071720673267207E-10  1.377116097259773E-11 379915
 125    2480.00    2500.00  4.818580440236011E-10  1.485707494024412E-11 367673
 126    2500.00    2520.00  4.163921771090439E-10  1.163977926298504E-11 356122
 127    2520.00    2540.00  3.819469995528832E-10  1.055730904701895E-11 342734
 128    2540.00    2560.00  3.419447120545427E-10  9.185758645383883E-12 331269
 129    2560.00    2580.00  3.071346991681499E-10  8.533516890078787E-12 321045
 130    2580.00    2600.00  2.883668444312670E-10  8.910619084230291E-12 311896
 131    2600.00    2620.00  2.841100902203565E-10  8.899844903702700E-12 301725
 132    2620.00    2640.00  2.320051556204778E-10  7.779048995268612E-12 291643
 133    2640.00    2660.00  2.179209935118072E-10  1.121725247821109E-11 281486
 134    2660.00    2680.00  1.994706351836745E-10  6.074227579007572E-12 272657
 135    2680.00    2700.00  1.834313106800345E-10  6.405786008660661E-12 262710
 136    2700.00    2720.00  1.653285727296356E-10  5.856545026325541E-12 254442
 137    2720.00    2740.00  1.516756642512056E-10  4.854089181799853E-12 246716
 138    2740.00    2760.00  1.480828543531569E-10  5.929081952313337E-12 238837
 139    2760.00    2780.00  1.208053554487532E-10  4.099649695614483E-12 230560
 140    2780.00    2800.00  1.117678459297496E-10  3.865584284772576E-12 223405
 141    2800.00    2820.00  1.058344432980232E-10  3.776069581914307E-12 215475
 142    2820.00    2840.00  8.994219102441255E-11  2.891650501589688E-12 208772
 143    2840.00    2860.00  9.362123451644771E-11  4.597256217401871E-12 202568
 144    2860.00    2880.00  7.553189169063231E-11  2.932471400622291E-12 195491
 145    2880.00    2900.00  7.265334101447610E-11  2.543242567437851E-12 189326
 146    2900.00    2920.00  6.538425426631491E-11  2.334559559992075E-12 183523
 147    2920.00    2940.00  6.160883426563440E-11  2.291280468054137E-12 176999
 148    2940.00    2960.00  5.488560785122301E-11  1.954135457032164E-12 171675
 149    2960.00    2980.00  4.645514107148256E-11  1.629224615373023E-12 165725
 150    2980.00    3000.00  4.424258143048138E-11  1.716222165903168E-12 161152
 151    3000.00    3020.00  4.245321195355967E-11  1.706345172958820E-12 155319
 152    3020.00    3040.00  3.846477537075632E-11  1.603540355685858E-12 150714
 153    3040.00    3060.00  3.740396815458440E-11  1.587937103464671E-12 145217
 154    3060.00    3080.00  3.064273995744789E-11  1.163632582970238E-12 140428
 155    3080.00    3100.00  3.029784610071063E-11  1.524671297771063E-12 135756
 156    3100.00    3120.00  2.612998042519071E-11  1.463818678159897E-12 131132
 157    3120.00    3140.00  2.280162282712493E-11  9.922695166852442E-13 127626
 158    3140.00    3160.00  2.170940248960730E-11  9.686122911393669E-13 122711
 159    3160.00    3180.00  1.994537422714450E-11  8.612099655431728E-13 119082
 160    3180.00    3200.00  1.827149690798154E-11  1.064142802203458E-12 114885
 161    3200.00    3220.00  1.654790334755607E-11  8.159954471143635E-13 111098
 162    3220.00    3240.00  1.628226381062518E-11  8.159945576183454E-13 107199
 163    3240.00    3260.00  1.375954101730518E-11  5.988539972143265E-13 104594
 164    3260.00    3280.00  1.163305596235974E-11  5.351765015137939E-13 100552
 165    3280.00    3300.00  1.120619631304445E-11  8.153386463014011E-13 97660
 166    3300.00    3320.00  1.073606514787377E-11  6.494206236457006E-13 93771
 167    3320.00    3340.00  8.514267059240020E-12  3.845251542842470E-13 91275
 168    3340.00    3360.00  7.923895762564701E-12  4.057600329239789E-13 87631
 169    3360.00    3380.00  8.255637594856028E-12  5.038116010250334E-13 85059
 170    3380.00    3400.00  7.593001720044445E-12  4.125796117296549E-13 82774
 171    3400.00    3420.00  6.455534217263275E-12  3.476176941795575E-13 79073
 172    3420.00    3440.00  6.009316989784632E-12  3.480821318580916E-13 76490
 173    3440.00    3460.00  5.470720168189667E-12  3.248923561768962E-13 73854
 174    3460.00    3480.00  5.045402995748987E-12  2.772182954428891E-13 71751
 175    3480.00    3500.00  4.458409390811713E-12  2.419155005192478E-13 69103
 176    3500.00    3520.00  3.976173438736135E-12  2.118612813929551E-13 67441
 177    3520.00    3540.00  3.622634808537193E-12  2.073520950532179E-13 64755
 178    3540.00    3560.00  3.366984194263658E-12  2.051184718812914E-13 62919
 179    3560.00    3580.00  2.933888628870127E-12  1.644357371474990E-13 60949
 180    3580.00    3600.00  2.876331094242772E-12  2.509096906523405E-13 58773
 181    3600.00    3620.00  2.236637314685412E-12  1.241317944316136E-13 56256
 182    3620.00    3640.00  2.153189776493243E-12  1.356804132421665E-13 54536
 183    3640.00    3660.00  2.212198790074090E-12  1.450241332149861E-13 53101
 184    3660.00    3680.00  2.029521625542630E-12  1.479261405383724E-13 50839
 185    3680.00    3700.00  1.822886815095703E-12  1.202562943265558E-13 49393
 186    3700.00    3720.00  1.596270458505722E-12  1.073265143517376E-13 47216
 187    3720.00    3740.00  1.479585902172858E-12  1.189288580320595E-13 45887
 188    3740.00    3760.00  1.220375103584724E-12  7.414095028823182E-14 44220
 189    3760.00    3780.00  1.187213196520518E-12  8.946510092750978E-14 43127
 190    3780.00    3800.00  1.040859129139313E-12  7.308295369631303E-14 41102
 191    3800.00    3820.00  1.058860260414705E-12  8.739992618188529E-14 39936
 192    3820.00    3840.00  7.110260526097686E-13  4.151835833768248E-14 38425
 193    3840.00    3860.00  7.840123680289030E-13  6.657977295838638E-14 36916
 194    3860.00    3880.00  6.371950060273827E-13  3.879508436812780E-14 35851
 195    3880.00    3900.00  7.405764075295389E-13  1.470978151360275E-13 34674
 196    3900.00    3920.00  4.845506048502723E-13  2.636962139812341E-14 33213
 197    3920.00    3940.00  3.938295978989114E-13  2.637029283878635E-14 32002
 198    3940.00    3960.00  4.979704366726581E-13  3.711889940099476E-14 31055
 199    3960.00    3980.00  4.199033198742812E-13  4.522536152573065E-14 29720
 200    3980.00    4000.00  4.276280703670029E-13  4.560484236854475E-14 28564
 201    4000.00    4020.00  2.963169636762042E-13  2.518080288983754E-14 27795
 202    4020.00    4040.00  3.885924821533496E-13  5.186957027924449E-14 26568
 203    4040.00    4060.00  2.919982739944430E-13  3.243877861272570E-14 25778
 204    4060.00    4080.00  2.718096455404945E-13  3.699705899967808E-14 24751
 205    4080.00    4100.00  2.429390455782545E-13  2.536638267861027E-14 23585
 206    4100.00    4120.00  2.023010823308141E-13  1.623707492461478E-14 22879
 207    4120.00    4140.00  2.074530433477718E-13  2.308362701482917E-14 22050
 208    4140.00    4160.00  1.741633034128087E-13  1.541720282585338E-14 21367
 209    4160.00    4180.00  1.738919257173248E-13  1.787307734375179E-14 20552
 210    4180.00    4200.00  1.321664122987066E-13  1.002425594263166E-14 19907
 211    4200.00    4220.00  1.380493549190749E-13  1.476529269715583E-14 18994
 212    4220.00    4240.00  1.033463957607727E-13  8.729721318163181E-15 18265
 213    4240.00    4260.00  9.433509453779912E-14  1.172352973566600E-14 17615
 214    4260.00    4280.00  7.306855168250177E-14  6.521037876433735E-15 16911
 215    4280.00    4300.00  9.314238937268300E-14  1.547605577077274E-14 16093
 216    4300.00    4320.00  7.479826552951112E-14  7.826403981929695E-15 15526
 217    4320.00    4340.00  7.449016085833518E-14  1.021730496810158E-14 14946
 218    4340.00    4360.00  6.474193100444460E-14  1.060200818011294E-14 14563
 219    4360.00    4380.00  4.198420505510401E-14  4.085261189659748E-15 13945
 220    4380.00    4400.00  4.907941227733360E-14  5.104587745826026E-15 13432
 221    4400.00    4420.00  4.159493203628840E-14  5.240680262277698E-15 12858
 222    4420.00    4440.00  4.239123689327322E-14  6.367459130857667E-15 12484
 223    4440.00    4460.00  3.240513408217260E-14  2.855058505356870E-15 11880
 224    4460.00    4480.00  2.843291681109853E-14  3.936458311684064E-15 11355
 225    4480.00    4500.00  2.347944703210115E-14  2.363261262042041E-15 10873
 226    4500.00    4520.00  2.211829992089216E-14  2.758767126595524E-15 10402
 227    4520.00    4540.00  1.719682241367364E-14  2.332066165911395E-15 10025
 228    4540.00    4560.00  1.767325433685073E-14  2.223612510080569E-15 9695
 229    4560.00    4580.00  1.617155983255784E-14  2.267616788327675E-15 9148
 230    4580.00    4600.00  1.455160518506084E-14  2.269865498972620E-15 8821
 231    4600.00    4620.00  1.258140570131627E-14  1.671684218278600E-15 8364
 232    4620.00    4640.00  8.887293502046455E-15  9.318908597922620E-16 8179
 233    4640.00    4660.00  1.021019581883808E-14  1.263823548199987E-15 7638
 234    4660.00    4680.00  7.109120029350998E-15  7.831174809098484E-16 7298
 235    4680.00    4700.00  7.387468298319287E-15  1.413300496849493E-15 6901
 236    4700.00    4720.00  8.019378175733952E-15  1.136351588990000E-15 6699
 237    4720.00    4740.00  6.937991924274497E-15  1.005739385067735E-15 6356
 238    4740.00    4760.00  5.325615415847504E-15  9.882479432946293E-16 6048
 239    4760.00    4780.00  5.740393698842673E-15  9.966555296404417E-16 5676
 240    4780.00    4800.00  3.612023578444795E-15  4.156107284016600E-16 5576
 241    4800.00    4820.00  4.865359459347289E-15  9.638278067183668E-16 5334
 242    4820.00    4840.00  2.457178461249792E-15  2.894719455627195E-16 5019
 243    4840.00    4860.00  2.670059804779273E-15  3.880940524852039E-16 5054
 244    4860.00    4880.00  2.703745629514472E-15  5.219737307601244E-16 4658
 245    4880.00    4900.00  1.945437409127840E-15  3.604207939438979E-16 4381
 246    4900.00    4920.00  1.185880624962946E-15  1.629162853964575E-16 4044
 247    4920.00    4940.00  2.367001733262031E-15  5.677639794915154E-16 4010
 248    4940.00    4960.00  1.021863072178270E-15  1.479408719162441E-16 3684
 249    4960.00    4980.00  1.230969127331024E-15  1.952606197522883E-16 3634
 250    4980.00    5000.00  1.294288076205837E-15  3.110858919048148E-16 3345
 251    5000.00    5020.00  9.088976460821705E-16  1.467434135804593E-16 3235
 252    5020.00    5040.00  1.307933848302645E-15  4.177194503113350E-16 3060
 253    5040.00    5060.00  6.265067530062725E-16  1.167372976074809E-16 2861
 254    5060.00    5080.00  5.942939286188224E-16  1.600850315979740E-16 2694
 255    5080.00    5100.00  6.086292608829298E-16  1.341767274090845E-16 2563
 256    5100.00    5120.00  2.472238988755892E-16  2.852256794107199E-17 2431
 257    5120.00    5140.00  4.721149413771641E-16  1.235051471987019E-16 2314
 258    5140.00    5160.00  2.003241102426192E-16  2.652085130956535E-17 2116
 259    5160.00    5180.00  2.887644898971794E-16  6.368855157987680E-17 1998
 260    5180.00    5200.00  3.396670361493636E-16  9.131303045018245E-17 1966
 261    5200.00    5220.00  1.828834609850355E-16  6.221024792448501E-17 1828
 262    5220.00    5240.00  2.740540336312714E-16  1.267608460826438E-16 1713
 263    5240.00    5260.00  7.272531910590025E-17  1.245210543209506E-17 1568
 264    5260.00    5280.00  8.393500012823844E-17  1.756293578540963E-17 1500
 265    5280.00    5300.00  7.406408040014769E-17  1.468947099338553E-17 1417
 266    5300.00    5320.00  6.940334787058314E-17  2.422668466667294E-17 1295
 267    5320.00    5340.00  8.604035150445006E-17  2.274638367613348E-17 1216
 268    5340.00    5360.00  4.400031252329811E-17  9.657535200518217E-18 1071
 269    5360.00    5380.00  3.609513716847467E-17  1.431616077362217E-17 1040
 270    5380.00    5400.00  3.243375004477890E-17  6.347947025211681E-18 971
 271    5400.00    5420.00  6.125916499271283E-17  2.104123026384728E-17 1003
 272    5420.00    5440.00  3.666849498788085E-17  1.384952209008805E-17 876
 273    5440.00    5460.00  2.642845202572631E-17  1.004052506723155E-17 833
 274    5460.00    5480.00  3.664562896671948E-17  1.628619046072764E-17 741
 275    5480.00    5500.00  1.384414763498147E-17  4.402291449167783E-18 679
 276    5500.00    5520.00  1.620359824823399E-17  5.600105526414073E-18 626
 277    5520.00    5540.00  1.491803400466879E-17  4.056913415352032E-18 609
 278    5540.00    5560.00  5.121644280610806E-18  1.331448749654261E-18 518
 279    5560.00    5580.00  4.541701732736337E-18  1.446400560741004E-18 497
 280    5580.00    5600.00  8.194526370077056E-18  4.345842786860567E-18 437
 281    5600.00    5620.00  8.335032978638765E-18  5.346229743478513E-18 403
 282    5620.00    5640.00  2.666308897903955E-18  9.104661520663248E-19 373
 283    5640.00    5660.00  3.752015704229941E-18  2.471886155707029E-18 349
 284    5660.00    5680.00  4.990092806065602E-19  1.182205409425616E-19 282
 285    5680.00    5700.00  3.004506541819840E-18  2.239484214997154E-18 274
 286    5700.00    5720.00  6.607911870053762E-19  1.802207373507239E-19 277
 287    5720.00    5740.00  3.444920095915067E-19  1.381337559874744E-19 220
 288    5740.00    5760.00  4.753907293183292E-19  1.388862172494626E-19 210
 289    5760.00    5780.00  4.325190303407613E-19  1.118453623677940E-19 196
 290    5780.00    5800.00  5.498391747849994E-19  3.254650808038808E-19 161
 291    5800.00    5820.00  1.586486271463018E-19  5.763453149227611E-20 144
 292    5820.00    5840.00  3.719162040527711E-19  2.352453756094160E-19 135
 293    5840.00    5860.00  3.901235065398466E-19  2.938672448289073E-19 97
 294    5860.00    5880.00  6.252311152312984E-20  4.070763843973389E-20 92
 295    5880.00    5900.00  8.010622343404273E-20  5.209246012796300E-20 91
 296    5900.00    5920.00  2.528116742508041E-20  1.038085995791338E-20 66
 297    5920.00    5940.00  1.668316913974794E-20  9.337389276382270E-21 66
 298    5940.00    5960.00  3.894386408024220E-21  1.563452886108975E-21 71
 299    5960.00    5980.00  2.656884231123930E-21  1.083873322211596E-21 53
 300    5980.00    6000.00  9.720889168952035E-21  5.592590948975381E-21 45
 301    6000.00    6020.00  5.087473536145487E-21  3.621700400043502E-21 36
 302    6020.00    6040.00  1.356090300038261E-21  9.547623285842527E-22 28
 303    6040.00    6060.00  6.560786090846926E-22  2.934575924668780E-22 31
 304    6060.00    6080.00  5.289414194886308E-22  3.142767331751125E-22 20
 305    6080.00    6100.00  3.223571922036960E-23  1.420230931770552E-23 13
 306    6100.00    6120.00  4.592775227629088E-21  4.430800695202155E-21 15
 307    6120.00    6140.00  6.656463097124420E-24  5.363287479310928E-24 4
 308    6140.00    6160.00  3.041828225164241E-23  2.597068414613343E-23 8
 309    6160.00    6180.00  3.160796605323809E-22  3.059052833411511E-22 7
 310    6180.00    6200.00  1.742669799640249E-26  1.741958559083354E-26 2
 311    6200.00    6220.00  4.153917314711349E-27  2.937412009066498E-27 2
 312    6220.00    6240.00  2.058844439953551E-25  2.055653149545935E-25 3
 313    6240.00    6260.00  1.460420958124201E-23  1.460202243791177E-23 2
 314    6260.00    6280.00  3.441059788770078E-25  3.441059786482582E-25 1
 315    6280.00    6300.00  1.354606892362563E-29  1.354606891564631E-29 1
 316    6300.00    6320.00  3.931321457921900E-25  3.931321455490701E-25 1
 317    6320.00    6340.00  0.000000000000000E+00  0.000000000000000E+00 0
 318    6340.00    6360.00  0.000000000000000E+00  0.000000000000000E+00 0
 319    6360.00    6380.00  0.000000000000000E+00  0.000000000000000E+00 0
 320    6380.00    6400.00  0.000000000000000E+00  0.000000000000000E+00 0
 321    6400.00    6420.00  0.000000000000000E+00  0.000000000000000E+00 0
 322    6420.00    6440.00  0.000000000000000E+00  0.000000000000000E+00 0
 323    6440.00    6460.00  0.000000000000000E+00  0.000000000000000E+00 0
 324    6460.00    6480.00  0.000000000000000E+00  0.000000000000000E+00 0
 325    6480.00    6500.00  0.000000000000000E+00  0.000000000000000E+00 0
 326    6500.00    6520.00  0.000000000000000E+00  0.000000000000000E+00 0
 327    6520.00    6540.00  0.000000000000000E+00  0.000000000000000E+00 0
 328    6540.00    6560.00  0.000000000000000E+00  0.000000000000000E+00 0
 329    6560.00    6580.00  0.000000000000000E+00  0.000000000000000E+00 0
 330    6580.00    6600.00  0.000000000000000E+00  0.000000000000000E+00 0
 331    6600.00    6620.00  0.000000000000000E+00  0.000000000000000E+00 0
 332    6620.00    6640.00  0.000000000000000E+00  0.000000000000000E+00 0
 333    6640.00    6660.00  0.000000000000000E+00  0.000000000000000E+00 0
 334    6660.00    6680.00  0.000000000000000E+00  0.000000000000000E+00 0
 335    6680.00    6700.00  0.000000000000000E+00  0.000000000000000E+00 0
 336    6700.00    6720.00  0.000000000000000E+00  0.000000000000000E+00 0
 337    6720.00    6740.00  0.000000000000000E+00  0.000000000000000E+00 0
 338    6740.00    6760.00  0.000000000000000E+00  0.000000000000000E+00 0
 339    6760.00    6780.00  0.000000000000000E+00  0.000000000000000E+00 0
 340    6780.00    6800.00  0.000000000000000E+00  0.000000000000000E+00 0
 341    6800.00    6820.00  0.000000000000000E+00  0.000000000000000E+00 0
 342    6820.00    6840.00  0.000000000000000E+00  0.000000000000000E+00 0
 343    6840.00    6860.00  0.000000000000000E+00  0.000000000000000E+00 0
 344    6860.00    6880.00  0.000000000000000E+00  0.000000000000000E+00 0
 345    6880.00    6900.00  0.000000000000000E+00  0.000000000000000E+00 0
 346    6900.00    6920.00  0.000000000000000E+00  0.000000000000000E+00 0
 347    6920.00    6940.00  0.000000000000000E+00  0.000000000000000E+00 0
 348    6940.00    6960.00  0.000000000000000E+00  0.000000000000000E+00 0
 349    6960.00    6980.00  0.000000000000000E+00  0.000000000000000E+00 0
 350    6980.00    7000.00  0.000000000000000E+00  0.000000000000000E+00 0
 351    7000.00    7020.00  0.000000000000000E+00  0.000000000000000E+00 0
 352    7020.00    7040.00  0.000000000000000E+00  0.000000000000000E+00 0
 353    7040.00    7060.00  0.000000000000000E+00  0.000000000000000E+00 0
 354    7060.00    7080.00  0.000000000000000E+00  0.000000000000000E+00 0
 355    7080.00    7100.00  0.000000000000000E+00  0.000000000000000E+00 0
 356    7100.00    7120.00  0.000000000000000E+00  0.000000000000000E+00 0
 357    7120.00    7140.00  0.000000000000000E+00  0.000000000000000E+00 0
 358    7140.00    7160.00  0.000000000000000E+00  0.000000000000000E+00 0
 359    7160.00    7180.00  0.000000000000000E+00  0.000000000000000E+00 0
 360    7180.00    7200.00  0.000000000000000E+00  0.000000000000000E+00 0
 361    7200.00    7220.00  0.000000000000000E+00  0.000000000000000E+00 0
 362    7220.00    7240.00  0.000000000000000E+00  0.000000000000000E+00 0
 363    7240.00    7260.00  0.000000000000000E+00  0.000000000000000E+00 0
 364    7260.00    7280.00  0.000000000000000E+00  0.000000000000000E+00 0
 365    7280.00    7300.00  0.000000000000000E+00  0.000000000000000E+00 0
 366    7300.00    7320.00  0.000000000000000E+00  0.000000000000000E+00 0
 367    7320.00    7340.00  0.000000000000000E+00  0.000000000000000E+00 0
 368    7340.00    7360.00  0.000000000000000E+00  0.000000000000000E+00 0
 369    7360.00    7380.00  0.000000000000000E+00  0.000000000000000E+00 0
 370    7380.00    7400.00  0.000000000000000E+00  0.000000000000000E+00 0
 371    7400.00    7420.00  0.000000000000000E+00  0.000000000000000E+00 0
 372    7420.00    7440.00  0.000000000000000E+00  0.000000000000000E+00 0
 373    7440.00    7460.00  0.000000000000000E+00  0.000000000000000E+00 0
 374    7460.00    7480.00  0.000000000000000E+00  0.000000000000000E+00 0
 375    7480.00    7500.00  0.000000000000000E+00  0.000000000000000E+00 0
 376    7500.00    7520.00  0.000000000000000E+00  0.000000000000000E+00 0
 377    7520.00    7540.00  0.000000000000000E+00  0.000000000000000E+00 0
 378    7540.00    7560.00  0.000000000000000E+00  0.000000000000000E+00 0
 379    7560.00    7580.00  0.000000000000000E+00  0.000000000000000E+00 0
 380    7580.00    7600.00  0.000000000000000E+00  0.000000000000000E+00 0
 381    7600.00    7620.00  0.000000000000000E+00  0.000000000000000E+00 0
 382    7620.00    7640.00  0.000000000000000E+00  0.000000000000000E+00 0
 383    7640.00    7660.00  0.000000000000000E+00  0.000000000000000E+00 0
 384    7660.00    7680.00  0.000000000000000E+00  0.000000000000000E+00 0
 385    7680.00    7700.00  0.000000000000000E+00  0.000000000000000E+00 0
 386    7700.00    7720.00  0.000000000000000E+00  0.000000000000000E+00 0
 387    7720.00    7740.00  0.000000000000000E+00  0.000000000000000E+00 0
 388    7740.00    7760.00  0.000000000000000E+00  0.000000000000000E+00 0
 389    7760.00    7780.00  0.000000000000000E+00  0.000000000000000E+00 0
 390    7780.00    7800.00  0.000000000000000E+00  0.000000000000000E+00 0
 391    7800.00    7820.00  0.000000000000000E+00  0.000000000000000E+00 0
 392    7820.00    7840.00  0.000000000000000E+00  0.000000000000000E+00 0
 393    7840.00    7860.00  0.000000000000000E+00  0.000000000000000E+00 0
 394    7860.00    7880.00  0.000000000000000E+00  0.000000000000000E+00 0
 395    7880.00    7900.00  0.000000000000000E+00  0.000000000000000E+00 0
 396    7900.00    7920.00  0.000000000000000E+00  0.000000000000000E+00 0
 397    7920.00    7940.00  0.000000000000000E+00  0.000000000000000E+00 0
 398    7940.00    7960.00  0.000000000000000E+00  0.000000000000000E+00 0
 399    7960.00    7980.00  0.000000000000000E+00  0.000000000000000E+00 0
 400    7980.00    8000.00  0.000000000000000E+00  0.000000000000000E+00 0
 401    8000.00    8020.00  0.000000000000000E+00  0.000000000000000E+00 0
 402    8020.00    8040.00  0.000000000000000E+00  0.000000000000000E+00 0
 403    8040.00    8060.00  0.000000000000000E+00  0.000000000000000E+00 0
 404    8060.00    8080.00  0.000000000000000E+00  0.000000000000000E+00 0
 405    8080.00    8100.00  0.000000000000000E+00  0.000000000000000E+00 0
 406    8100.00    8120.00  0.000000000000000E+00  0.000000000000000E+00 0
 407    8120.00    8140.00  0.000000000000000E+00  0.000000000000000E+00 0
 408    8140.00    8160.00  0.000000000000000E+00  0.000000000000000E+00 0
 409    8160.00    8180.00  0.000000000000000E+00  0.000000000000000E+00 0
 410    8180.00    8200.00  0.000000000000000E+00  0.000000000000000E+00 0
 411    8200.00    8220.00  0.000000000000000E+00  0.000000000000000E+00 0
 412    8220.00    8240.00  0.000000000000000E+00  0.000000000000000E+00 0
 413    8240.00    8260.00  0.000000000000000E+00  0.000000000000000E+00 0
 414    8260.00    8280.00  0.000000000000000E+00  0.000000000000000E+00 0
 415    8280.00    8300.00  0.000000000000000E+00  0.000000000000000E+00 0
 416    8300.00    8320.00  0.000000000000000E+00  0.000000000000000E+00 0
 417    8320.00    8340.00  0.000000000000000E+00  0.000000000000000E+00 0
 418    8340.00    8360.00  0.000000000000000E+00  0.000000000000000E+00 0
 419    8360.00    8380.00  0.000000000000000E+00  0.000000000000000E+00 0
 420    8380.00    8400.00  0.000000000000000E+00  0.000000000000000E+00 0
 421    8400.00    8420.00  0.000000000000000E+00  0.000000000000000E+00 0
 422    8420.00    8440.00  0.000000000000000E+00  0.000000000000000E+00 0
 423    8440.00    8460.00  0.000000000000000E+00  0.000000000000000E+00 0
 424    8460.00    8480.00  0.000000000000000E+00  0.000000000000000E+00 0
 425    8480.00    8500.00  0.000000000000000E+00  0.000000000000000E+00 0
 426    8500.00    8520.00  0.000000000000000E+00  0.000000000000000E+00 0
 427    8520.00    8540.00  0.000000000000000E+00  0.000000000000000E+00 0
 428    8540.00    8560.00  0.000000000000000E+00  0.000000000000000E+00 0
 429    8560.00    8580.00  0.000000000000000E+00  0.000000000000000E+00 0
 430    8580.00    8600.00  0.000000000000000E+00  0.000000000000000E+00 0
 431    8600.00    8620.00  0.000000000000000E+00  0.000000000000000E+00 0
 432    8620.00    8640.00  0.000000000000000E+00  0.000000000000000E+00 0
 433    8640.00    8660.00  0.000000000000000E+00  0.000000000000000E+00 0
 434    8660.00    8680.00  0.000000000000000E+00  0.000000000000000E+00 0
 435    8680.00    8700.00  0.000000000000000E+00  0.000000000000000E+00 0
 436    8700.00    8720.00  0.000000000000000E+00  0.000000000000000E+00 0
 437    8720.00    8740.00  0.000000000000000E+00  0.000000000000000E+00 0
 438    8740.00    8760.00  0.000000000000000E+00  0.000000000000000E+00 0
 439    8760.00    8780.00  0.000000000000000E+00  0.000000000000000E+00 0
 440    8780.00    8800.00  0.000000000000000E+00  0.000000000000000E+00 0
 441    8800.00    8820.00  0.000000000000000E+00  0.000000000000000E+00 0
 442    8820.00    8840.00  0.000000000000000E+00  0.000000000000000E+00 0
 443    8840.00    8860.00  0.000000000000000E+00  0.000000000000000E+00 0
 444    8860.00    8880.00  0.000000000000000E+00  0.000000000000000E+00 0
 445    8880.00    8900.00  0.000000000000000E+00  0.000000000000000E+00 0
 446    8900.00    8920.00  0.000000000000000E+00  0.000000000000000E+00 0
 447    8920.00    8940.00  0.000000000000000E+00  0.000000000000000E+00 0
 448    8940.00    8960.00  0.000000000000000E+00  0.000000000000000E+00 0
 449    8960.00    8980.00  0.000000000000000E+00  0.000000000000000E+00 0
 450    8980.00    9000.00  0.000000000000000E+00  0.000000000000000E+00 0
 451    9000.00    9020.00  0.000000000000000E+00  0.000000000000000E+00 0
 452    9020.00    9040.00  0.000000000000000E+00  0.000000000000000E+00 0
 453    9040.00    9060.00  0.000000000000000E+00  0.000000000000000E+00 0
 454    9060.00    9080.00  0.000000000000000E+00  0.000000000000000E+00 0
 455    9080.00    9100.00  0.000000000000000E+00  0.000000000000000E+00 0
 456    9100.00    9120.00  0.000000000000000E+00  0.000000000000000E+00 0
 457    9120.00    9140.00  0.000000000000000E+00  0.000000000000000E+00 0
 458    9140.00    9160.00  0.000000000000000E+00  0.000000000000000E+00 0
 459    9160.00    9180.00  0.000000000000000E+00  0.000000000000000E+00 0
 460    9180.00    9200.00  0.000000000000000E+00  0.000000000000000E+00 0
 461    9200.00    9220.00  0.000000000000000E+00  0.000000000000000E+00 0
 462    9220.00    9240.00  0.000000000000000E+00  0.000000000000000E+00 0
 463    9240.00    9260.00  0.000000000000000E+00  0.000000000000000E+00 0
 464    9260.00    9280.00  0.000000000000000E+00  0.000000000000000E+00 0
 465    9280.00    9300.00  0.000000000000000E+00  0.000000000000000E+00 0
 466    9300.00    9320.00  0.000000000000000E+00  0.000000000000000E+00 0
 467    9320.00    9340.00  0.000000000000000E+00  0.000000000000000E+00 0
 468    9340.00    9360.00  0.000000000000000E+00  0.000000000000000E+00 0
 469    9360.00    9380.00  0.000000000000000E+00  0.000000000000000E+00 0
 470    9380.00    9400.00  0.000000000000000E+00  0.000000000000000E+00 0
 471    9400.00    9420.00  0.000000000000000E+00  0.000000000000000E+00 0
 472    9420.00    9440.00  0.000000000000000E+00  0.000000000000000E+00 0
 473    9440.00    9460.00  0.000000000000000E+00  0.000000000000000E+00 0
 474    9460.00    9480.00  0.000000000000000E+00  0.000000000000000E+00 0
 475    9480.00    9500.00  0.000000000000000E+00  0.000000000000000E+00 0
 476    9500.00    9520.00  0.000000000000000E+00  0.000000000000000E+00 0
 477    9520.00    9540.00  0.000000000000000E+00  0.000000000000000E+00 0
 478    9540.00    9560.00  0.000000000000000E+00  0.000000000000000E+00 0
 479    9560.00    9580.00  0.000000000000000E+00  0.000000000000000E+00 0
 480    9580.00    9600.00  0.000000000000000E+00  0.000000000000000E+00 0
 481    9600.00    9620.00  0.000000000000000E+00  0.000000000000000E+00 0
 482    9620.00    9640.00  0.000000000000000E+00  0.000000000000000E+00 0
 483    9640.00    9660.00  0.000000000000000E+00  0.000000000000000E+00 0
 484    9660.00    9680.00  0.000000000000000E+00  0.000000000000000E+00 0
 485    9680.00    9700.00  0.000000000000000E+00  0.000000000000000E+00 0
 486    9700.00    9720.00  0.000000000000000E+00  0.000000000000000E+00 0
 487    9720.00    9740.00  0.000000000000000E+00  0.000000000000000E+00 0
 488    9740.00    9760.00  0.000000000000000E+00  0.000000000000000E+00 0
 489    9760.00    9780.00  0.000000000000000E+00  0.000000000000000E+00 0
 490    9780.00    9800.00  0.000000000000000E+00  0.000000000000000E+00 0
 491    9800.00    9820.00  0.000000000000000E+00  0.000000000000000E+00 0
 492    9820.00    9840.00  0.000000000000000E+00  0.000000000000000E+00 0
 493    9840.00    9860.00  0.000000000000000E+00  0.000000000000000E+00 0
 494    9860.00    9880.00  0.000000000000000E+00  0.000000000000000E+00 0
 495    9880.00    9900.00  0.000000000000000E+00  0.000000000000000E+00 0
 496    9900.00    9920.00  0.000000000000000E+00  0.000000000000000E+00 0
 497    9920.00    9940.00  0.000000000000000E+00  0.000000000000000E+00 0
 498    9940.00    9960.00  0.000000000000000E+00  0.000000000000000E+00 0
 499    9960.00    9980.00  0.000000000000000E+00  0.000000000000000E+00 0
 500    9980.00   10000.00  0.000000000000000E+00  0.000000000000000E+00 0
 501   10000.00   10020.00  0.000000000000000E+00  0.000000000000000E+00 0
 502   10020.00   10040.00  0.000000000000000E+00  0.000000000000000E+00 0
 503   10040.00   10060.00  0.000000000000000E+00  0.000000000000000E+00 0
 504   10060.00   10080.00  0.000000000000000E+00  0.000000000000000E+00 0
 505   10080.00   10100.00  0.000000000000000E+00  0.000000000000000E+00 0
 506   10100.00   10120.00  0.000000000000000E+00  0.000000000000000E+00 0
 507   10120.00   10140.00  0.000000000000000E+00  0.000000000000000E+00 0
 508   10140.00   10160.00  0.000000000000000E+00  0.000000000000000E+00 0
 509   10160.00   10180.00  0.000000000000000E+00  0.000000000000000E+00 0
 510   10180.00   10200.00  0.000000000000000E+00  0.000000000000000E+00 0
 511   10200.00   10220.00  0.000000000000000E+00  0.000000000000000E+00 0
 512   10220.00   10240.00  0.000000000000000E+00  0.000000000000000E+00 0
 513   10240.00   10260.00  0.000000000000000E+00  0.000000000000000E+00 0
 514   10260.00   10280.00  0.000000000000000E+00  0.000000000000000E+00 0
 515   10280.00   10300.00  0.000000000000000E+00  0.000000000000000E+00 0
 516   10300.00   10320.00  0.000000000000000E+00  0.000000000000000E+00 0
 517   10320.00   10340.00  0.000000000000000E+00  0.000000000000000E+00 0
 518   10340.00   10360.00  0.000000000000000E+00  0.000000000000000E+00 0
 519   10360.00   10380.00  0.000000000000000E+00  0.000000000000000E+00 0
 520   10380.00   10400.00  0.000000000000000E+00  0.000000000000000E+00 0
 521   10400.00   10420.00  0.000000000000000E+00  0.000000000000000E+00 0
 522   10420.00   10440.00  0.000000000000000E+00  0.000000000000000E+00 0
 523   10440.00   10460.00  0.000000000000000E+00  0.000000000000000E+00 0
 524   10460.00   10480.00  0.000000000000000E+00  0.000000000000000E+00 0
 525   10480.00   10500.00  0.000000000000000E+00  0.000000000000000E+00 0
 526   10500.00   10520.00  0.000000000000000E+00  0.000000000000000E+00 0
 527   10520.00   10540.00  0.000000000000000E+00  0.000000000000000E+00 0
 528   10540.00   10560.00  0.000000000000000E+00  0.000000000000000E+00 0
 529   10560.00   10580.00  0.000000000000000E+00  0.000000000000000E+00 0
 530   10580.00   10600.00  0.000000000000000E+00  0.000000000000000E+00 0
 531   10600.00   10620.00  0.000000000000000E+00  0.000000000000000E+00 0
 532   10620.00   10640.00  0.000000000000000E+00  0.000000000000000E+00 0
 533   10640.00   10660.00  0.000000000000000E+00  0.000000000000000E+00 0
 534   10660.00   10680.00  0.000000000000000E+00  0.000000000000000E+00 0
 535   10680.00   10700.00  0.000000000000000E+00  0.000000000000000E+00 0
 536   10700.00   10720.00  0.000000000000000E+00  0.000000000000000E+00 0
 537   10720.00   10740.00  0.000000000000000E+00  0.000000000000000E+00 0
 538   10740.00   10760.00  0.000000000000000E+00  0.000000000000000E+00 0
 539   10760.00   10780.00  0.000000000000000E+00  0.000000000000000E+00 0
 540   10780.00   10800.00  0.000000000000000E+00  0.000000000000000E+00 0
 541   10800.00   10820.00  0.000000000000000E+00  0.000000000000000E+00 0
 542   10820.00   10840.00  0.000000000000000E+00  0.000000000000000E+00 0
 543   10840.00   10860.00  0.000000000000000E+00  0.000000000000000E+00 0
 544   10860.00   10880.00  0.000000000000000E+00  0.000000000000000E+00 0
 545   10880.00   10900.00  0.000000000000000E+00  0.000000000000000E+00 0
 546   10900.00   10920.00  0.000000000000000E+00  0.000000000000000E+00 0
 547   10920.00   10940.00  0.000000000000000E+00  0.000000000000000E+00 0
 548   10940.00   10960.00  0.000000000000000E+00  0.000000000000000E+00 0
 549   10960.00   10980.00  0.000000000000000E+00  0.000000000000000E+00 0
 550   10980.00   11000.00  0.000000000000000E+00  0.000000000000000E+00 0
 551   11000.00   11020.00  0.000000000000000E+00  0.000000000000000E+00 0
 552   11020.00   11040.00  0.000000000000000E+00  0.000000000000000E+00 0
 553   11040.00   11060.00  0.000000000000000E+00  0.000000000000000E+00 0
 554   11060.00   11080.00  0.000000000000000E+00  0.000000000000000E+00 0
 555   11080.00   11100.00  0.000000000000000E+00  0.000000000000000E+00 0
 556   11100.00   11120.00  0.000000000000000E+00  0.000000000000000E+00 0
 557   11120.00   11140.00  0.000000000000000E+00  0.000000000000000E+00 0
 558   11140.00   11160.00  0.000000000000000E+00  0.000000000000000E+00 0
 559   11160.00   11180.00  0.000000000000000E+00  0.000000000000000E+00 0
 560   11180.00   11200.00  0.000000000000000E+00  0.000000000000000E+00 0
 561   11200.00   11220.00  0.000000000000000E+00  0.000000000000000E+00 0
 562   11220.00   11240.00  0.000000000000000E+00  0.000000000000000E+00 0
 563   11240.00   11260.00  0.000000000000000E+00  0.000000000000000E+00 0
 564   11260.00   11280.00  0.000000000000000E+00  0.000000000000000E+00 0
 565   11280.00   11300.00  0.000000000000000E+00  0.000000000000000E+00 0
 566   11300.00   11320.00  0.000000000000000E+00  0.000000000000000E+00 0
 567   11320.00   11340.00  0.000000000000000E+00  0.000000000000000E+00 0
 568   11340.00   11360.00  0.000000000000000E+00  0.000000000000000E+00 0
 569   11360.00   11380.00  0.000000000000000E+00  0.000000000000000E+00 0
 570   11380.00   11400.00  0.000000000000000E+00  0.000000000000000E+00 0
 571   11400.00   11420.00  0.000000000000000E+00  0.000000000000000E+00 0
 572   11420.00   11440.00  0.000000000000000E+00  0.000000000000000E+00 0
 573   11440.00   11460.00  0.000000000000000E+00  0.000000000000000E+00 0
 574   11460.00   11480.00  0.000000000000000E+00  0.000000000000000E+00 0
 575   11480.00   11500.00  0.000000000000000E+00  0.000000000000000E+00 0
 576   11500.00   11520.00  0.000000000000000E+00  0.000000000000000E+00 0
 577   11520.00   11540.00  0.000000000000000E+00  0.000000000000000E+00 0
 578   11540.00   11560.00  0.000000000000000E+00  0.000000000000000E+00 0
 579   11560.00   11580.00  0.000000000000000E+00  0.000000000000000E+00 0
 580   11580.00   11600.00  0.000000000000000E+00  0.000000000000000E+00 0
 581   11600.00   11620.00  0.000000000000000E+00  0.000000000000000E+00 0
 582   11620.00   11640.00  0.000000000000000E+00  0.000000000000000E+00 0
 583   11640.00   11660.00  0.000000000000000E+00  0.000000000000000E+00 0
 584   11660.00   11680.00  0.000000000000000E+00  0.000000000000000E+00 0
 585   11680.00   11700.00  0.000000000000000E+00  0.000000000000000E+00 0
 586   11700.00   11720.00  0.000000000000000E+00  0.000000000000000E+00 0
 587   11720.00   11740.00  0.000000000000000E+00  0.000000000000000E+00 0
 588   11740.00   11760.00  0.000000000000000E+00  0.000000000000000E+00 0
 589   11760.00   11780.00  0.000000000000000E+00  0.000000000000000E+00 0
 590   11780.00   11800.00  0.000000000000000E+00  0.000000000000000E+00 0
 591   11800.00   11820.00  0.000000000000000E+00  0.000000000000000E+00 0
 592   11820.00   11840.00  0.000000000000000E+00  0.000000000000000E+00 0
 593   11840.00   11860.00  0.000000000000000E+00  0.000000000000000E+00 0
 594   11860.00   11880.00  0.000000000000000E+00  0.000000000000000E+00 0
 595   11880.00   11900.00  0.000000000000000E+00  0.000000000000000E+00 0
 596   11900.00   11920.00  0.000000000000000E+00  0.000000000000000E+00 0
 597   11920.00   11940.00  0.000000000000000E+00  0.000000000000000E+00 0
 598   11940.00   11960.00  0.000000000000000E+00  0.000000000000000E+00 0
 599   11960.00   11980.00  0.000000000000000E+00  0.000000000000000E+00 0
 600   11980.00   12000.00  0.000000000000000E+00  0.000000000000000E+00 0
 601   12000.00   12020.00  0.000000000000000E+00  0.000000000000000E+00 0
 602   12020.00   12040.00  0.000000000000000E+00  0.000000000000000E+00 0
 603   12040.00   12060.00  0.000000000000000E+00  0.000000000000000E+00 0
 604   12060.00   12080.00  0.000000000000000E+00  0.000000000000000E+00 0
 605   12080.00   12100.00  0.000000000000000E+00  0.000000000000000E+00 0
 606   12100.00   12120.00  0.000000000000000E+00  0.000000000000000E+00 0
 607   12120.00   12140.00  0.000000000000000E+00  0.000000000000000E+00 0
 608   12140.00   12160.00  0.000000000000000E+00  0.000000000000000E+00 0
 609   12160.00   12180.00  0.000000000000000E+00  0.000000000000000E+00 0
 610   12180.00   12200.00  0.000000000000000E+00  0.000000000000000E+00 0
 611   12200.00   12220.00  0.000000000000000E+00  0.000000000000000E+00 0
 612   12220.00   12240.00  0.000000000000000E+00  0.000000000000000E+00 0
 613   12240.00   12260.00  0.000000000000000E+00  0.000000000000000E+00 0
 614   12260.00   12280.00  0.000000000000000E+00  0.000000000000000E+00 0
 615   12280.00   12300.00  0.000000000000000E+00  0.000000000000000E+00 0
 616   12300.00   12320.00  0.000000000000000E+00  0.000000000000000E+00 0
 617   12320.00   12340.00  0.000000000000000E+00  0.000000000000000E+00 0
 618   12340.00   12360.00  0.000000000000000E+00  0.000000000000000E+00 0
 619   12360.00   12380.00  0.000000000000000E+00  0.000000000000000E+00 0
 620   12380.00   12400.00  0.000000000000000E+00  0.000000000000000E+00 0
 621   12400.00   12420.00  0.000000000000000E+00  0.000000000000000E+00 0
 622   12420.00   12440.00  0.000000000000000E+00  0.000000000000000E+00 0
 623   12440.00   12460.00  0.000000000000000E+00  0.000000000000000E+00 0
 624   12460.00   12480.00  0.000000000000000E+00  0.000000000000000E+00 0
 625   12480.00   12500.00  0.000000000000000E+00  0.000000000000000E+00 0
 626   12500.00   12520.00  0.000000000000000E+00  0.000000000000000E+00 0
 627   12520.00   12540.00  0.000000000000000E+00  0.000000000000000E+00 0
 628   12540.00   12560.00  0.000000000000000E+00  0.000000000000000E+00 0
 629   12560.00   12580.00  0.000000000000000E+00  0.000000000000000E+00 0
 630   12580.00   12600.00  0.000000000000000E+00  0.000000000000000E+00 0
 631   12600.00   12620.00  0.000000000000000E+00  0.000000000000000E+00 0
 632   12620.00   12640.00  0.000000000000000E+00  0.000000000000000E+00 0
 633   12640.00   12660.00  0.000000000000000E+00  0.000000000000000E+00 0
 634   12660.00   12680.00  0.000000000000000E+00  0.000000000000000E+00 0
 635   12680.00   12700.00  0.000000000000000E+00  0.000000000000000E+00 0
 636   12700.00   12720.00  0.000000000000000E+00  0.000000000000000E+00 0
 637   12720.00   12740.00  0.000000000000000E+00  0.000000000000000E+00 0
 638   12740.00   12760.00  0.000000000000000E+00  0.000000000000000E+00 0
 639   12760.00   12780.00  0.000000000000000E+00  0.000000000000000E+00 0
 640   12780.00   12800.00  0.000000000000000E+00  0.000000000000000E+00 0
 641   12800.00   12820.00  0.000000000000000E+00  0.000000000000000E+00 0
 642   12820.00   12840.00  0.000000000000000E+00  0.000000000000000E+00 0
 643   12840.00   12860.00  0.000000000000000E+00  0.000000000000000E+00 0
 644   12860.00   12880.00  0.000000000000000E+00  0.000000000000000E+00 0
 645   12880.00   12900.00  0.000000000000000E+00  0.000000000000000E+00 0
 646   12900.00   12920.00  0.000000000000000E+00  0.000000000000000E+00 0
 647   12920.00   12940.00  0.000000000000000E+00  0.000000000000000E+00 0
 648   12940.00   12960.00  0.000000000000000E+00  0.000000000000000E+00 0
 649   12960.00   12980.00  0.000000000000000E+00  0.000000000000000E+00 0
 650   12980.00   13000.00  0.000000000000000E+00  0.000000000000000E+00 0
# Underflow:                 0.0000000000000000E+00  0.0000000000000000E+00 0
# Overflow:                  0.0000000000000000E+00  0.0000000000000000E+00 0
#-------------------------------------------------------------------------------------
# Sum:                       2.4694900055763630E-06  4.1334888956146474E-09 13479000
#=====================================================================================
