# title = Missing Transverse Momentum
# xlabel = $p_{\text{T},\text{miss}}\,$[GeV]
# ylabel = $\frac{\text{d}\sigma}{\text{d}p_{\text{T},\text{miss}}}\,\left[\frac{\text{fb}}{\text{GeV}}\right]$
# xmin=  0.000E+00
# xmax=  8.000E+02
# ymin=  1.000E-06
# ymax=  1.000E-02
# kmin=  0.000E+00
# kmax=  1.000E+02
# logscale = true
# Renormalization and factorization scale scaled by: 2.0000000000
# Renormalization scaled by: 2.0000000000
# Number of generated events: 1250200555
#
#=====================================================================================
# No.       Left      Right                   Value                   Error Hits
#-------------------------------------------------------------------------------------
   1      10.00      30.00  1.793674796760679E-03  8.217182576974745E-07 405038916
   2      30.00      50.00  1.647016957054857E-03  7.481354890930344E-07 430140057
   3      50.00      70.00  1.069637106011163E-03  5.810496316103526E-07 278640449
   4      70.00      90.00  6.315743103746980E-04  4.217051198144663E-07 182324686
   5      90.00     110.00  3.787020505384387E-04  3.067559719896570E-07 127110637
   6     110.00     130.00  2.466292147726592E-04  2.360394734135470E-07 95481170
   7     130.00     150.00  1.679590100758325E-04  1.826979361519418E-07 74481269
   8     150.00     170.00  1.176230025645361E-04  1.427666367869488E-07 59598228
   9     170.00     190.00  8.412455971780468E-05  1.134456689320142E-07 48617184
  10     190.00     210.00  6.126284051388313E-05  9.217912188378470E-08 40305909
  11     210.00     230.00  4.525170601435525E-05  7.429500753676341E-08 33873967
  12     230.00     250.00  3.374514133171183E-05  6.262893360419980E-08 28771474
  13     250.00     270.00  2.537830010476944E-05  5.057703977442524E-08 24677610
  14     270.00     290.00  1.927196053973116E-05  4.101077969938116E-08 21355282
  15     290.00     310.00  1.481878925185911E-05  3.429358206775403E-08 18612574
  16     310.00     330.00  1.144018653939739E-05  3.022291402233897E-08 16332265
  17     330.00     350.00  8.900324971024636E-06  2.638347357557767E-08 14409928
  18     350.00     370.00  6.980407031765857E-06  2.081520818260551E-08 12779382
  19     370.00     390.00  5.501622313783101E-06  1.766746527714072E-08 11392057
  20     390.00     410.00  4.339598823510121E-06  1.527396975706285E-08 10191288
  21     410.00     430.00  3.453546503790360E-06  1.250963391730986E-08 9158048
  22     430.00     450.00  2.769125533542678E-06  1.194635835029303E-08 8258418
  23     450.00     470.00  2.202221101543268E-06  9.100347055867792E-09 7470380
  24     470.00     490.00  1.791235059879816E-06  7.965663757114625E-09 6775882
  25     490.00     510.00  1.458221805758102E-06  1.053096863870759E-08 6160569
  26     510.00     530.00  1.184677241594708E-06  7.752259883622493E-09 5620116
  27     530.00     550.00  9.665667708390928E-07  5.238543284885905E-09 5135917
  28     550.00     570.00  7.918220452456797E-07  4.656524277202679E-09 4706165
  29     570.00     590.00  6.459015558226994E-07  4.479239415222693E-09 4320644
  30     590.00     610.00  5.318746508783942E-07  3.711808598652977E-09 3974877
  31     610.00     630.00  4.401582007834422E-07  2.898315248662537E-09 3662265
  32     630.00     650.00  3.695941910210050E-07  2.559793108841089E-09 3379303
  33     650.00     670.00  3.028599634413558E-07  2.092489515255049E-09 3125055
  34     670.00     690.00  2.539502786681311E-07  2.092728882328480E-09 2893568
  35     690.00     710.00  2.108553727823042E-07  1.700957337426613E-09 2680646
  36     710.00     730.00  1.766537391832115E-07  1.591968021305669E-09 2488641
  37     730.00     750.00  1.470119439694400E-07  1.308411925520184E-09 2315364
  38     750.00     770.00  1.257272747592148E-07  1.113605016015921E-09 2153799
  39     770.00     790.00  1.066793158242859E-07  1.001137003984036E-09 2009274
  40     790.00     810.00  8.987909076163717E-08  8.806047573802071E-10 1873712
  41     810.00     830.00  7.602024447828464E-08  9.120282841377214E-10 1749586
  42     830.00     850.00  6.402413692179312E-08  6.721260635981516E-10 1635496
  43     850.00     870.00  5.420703129079764E-08  5.803657175460931E-10 1529816
  44     870.00     890.00  4.619040056761721E-08  6.923705985978258E-10 1433122
  45     890.00     910.00  3.972341144868200E-08  5.524328475633033E-10 1346712
  46     910.00     930.00  3.386332759923550E-08  4.202521033864048E-10 1259039
  47     930.00     950.00  2.885330675656049E-08  3.809219235715913E-10 1185491
  48     950.00     970.00  2.430854221904052E-08  3.083652711853907E-10 1111224
  49     970.00     990.00  2.096514140436012E-08  2.793181879399869E-10 1044278
  50     990.00    1010.00  1.808044650530515E-08  2.874184076757998E-10 982983
  51    1010.00    1030.00  1.593886748974744E-08  2.552896503169720E-10 926466
  52    1030.00    1050.00  1.342475934385669E-08  1.949220749152964E-10 872471
  53    1050.00    1070.00  1.157338071445362E-08  1.951731747286785E-10 823049
  54    1070.00    1090.00  9.657088067902411E-09  1.410028995705671E-10 776853
  55    1090.00    1110.00  8.730521643087881E-09  1.673582960793168E-10 732889
  56    1110.00    1130.00  7.501968805702666E-09  1.445002779645572E-10 692362
  57    1130.00    1150.00  6.778215118046253E-09  1.414089480765962E-10 654112
  58    1150.00    1170.00  5.555351939470200E-09  1.056228014665826E-10 620714
  59    1170.00    1190.00  4.968570408719114E-09  1.043774613604724E-10 587565
  60    1190.00    1210.00  4.128447087971452E-09  7.116145013510814E-11 555474
  61    1210.00    1230.00  3.756685408273455E-09  8.667713114376096E-11 525637
  62    1230.00    1250.00  3.332645316763511E-09  7.415552434316023E-11 499060
  63    1250.00    1270.00  2.793899859756385E-09  5.966757725077021E-11 470749
  64    1270.00    1290.00  2.477498422003564E-09  1.034625286706840E-10 447784
  65    1290.00    1310.00  2.095497915427081E-09  4.368284525371402E-11 424708
  66    1310.00    1330.00  1.892358482858116E-09  8.979987798507514E-11 403270
  67    1330.00    1350.00  1.557332634057743E-09  3.604868282472028E-11 382270
  68    1350.00    1370.00  1.409483028404228E-09  3.368147632314893E-11 363934
  69    1370.00    1390.00  1.247339954909342E-09  3.050059426041487E-11 344704
  70    1390.00    1410.00  1.093727769846120E-09  2.731294382212578E-11 329012
  71    1410.00    1430.00  9.088560556914479E-10  2.035578072645338E-11 312518
  72    1430.00    1450.00  8.527929799248601E-10  3.509615290539614E-11 296877
  73    1450.00    1470.00  7.047122937929189E-10  2.204882271130764E-11 282872
  74    1470.00    1490.00  6.494888099370064E-10  2.611221937175654E-11 268346
  75    1490.00    1510.00  5.533517836513948E-10  2.027159261378425E-11 255672
  76    1510.00    1530.00  5.156523411685157E-10  1.459982784017741E-11 244403
  77    1530.00    1550.00  4.383729027306544E-10  1.324327210131028E-11 232210
  78    1550.00    1570.00  3.920776539333041E-10  1.164095632379844E-11 222151
  79    1570.00    1590.00  3.560547051827519E-10  1.051352310366710E-11 211602
  80    1590.00    1610.00  3.024623694741302E-10  9.640480820437078E-12 201197
  81    1610.00    1630.00  2.583586780190317E-10  8.171083003240531E-12 191726
  82    1630.00    1650.00  2.245483699139507E-10  8.265125258933355E-12 182843
  83    1650.00    1670.00  2.062921028571035E-10  7.290928662477373E-12 175302
  84    1670.00    1690.00  1.929465291925243E-10  6.356895116037050E-12 166920
  85    1690.00    1710.00  1.580866918058451E-10  5.882308521137253E-12 159443
  86    1710.00    1730.00  1.411825049464524E-10  6.870494074950085E-12 152329
  87    1730.00    1750.00  1.250947755753011E-10  3.737972072732182E-12 145556
  88    1750.00    1770.00  1.195570387878102E-10  5.218690957609554E-12 139002
  89    1770.00    1790.00  1.040058636299108E-10  5.827317659873050E-12 132591
  90    1790.00    1810.00  8.667894785130752E-11  2.963096613321132E-12 127025
  91    1810.00    1830.00  8.287165760719056E-11  4.027134260675573E-12 121074
  92    1830.00    1850.00  7.008086698115589E-11  2.802729192195308E-12 115848
  93    1850.00    1870.00  6.255996118189097E-11  2.568269826793286E-12 111060
  94    1870.00    1890.00  6.167976991755837E-11  3.991311774183663E-12 105621
  95    1890.00    1910.00  4.751047577188828E-11  1.999613199818022E-12 101201
  96    1910.00    1930.00  4.491050165602157E-11  3.125159325933947E-12 96452
  97    1930.00    1950.00  4.469607299703273E-11  2.616295310587515E-12 92803
  98    1950.00    1970.00  3.386053883277909E-11  1.868963676187420E-12 88074
  99    1970.00    1990.00  3.095488764576998E-11  1.756230403177018E-12 84853
 100    1990.00    2010.00  2.840876669380199E-11  1.489223168828542E-12 80780
 101    2010.00    2030.00  2.278404950311347E-11  9.160348136617948E-13 77849
 102    2030.00    2050.00  1.923419692548578E-11  8.377068535946618E-13 73712
 103    2050.00    2070.00  1.913621912080095E-11  7.878568669930909E-13 71052
 104    2070.00    2090.00  1.793403092118288E-11  9.413990916220584E-13 67843
 105    2090.00    2110.00  1.534575117946038E-11  6.936739325236773E-13 65316
 106    2110.00    2130.00  1.452401875673307E-11  9.403666722279744E-13 62423
 107    2130.00    2150.00  1.312353347484881E-11  9.978504175868941E-13 59987
 108    2150.00    2170.00  1.027738621155502E-11  5.046742177607949E-13 56875
 109    2170.00    2190.00  9.371896443463755E-12  5.644365707106020E-13 54620
 110    2190.00    2210.00  8.589684496310891E-12  4.232632487591868E-13 52720
 111    2210.00    2230.00  7.652030322898413E-12  3.892128744082609E-13 50015
 112    2230.00    2250.00  6.938447851745807E-12  3.455701322120380E-13 47991
 113    2250.00    2270.00  8.954467554885927E-12  2.585579442692744E-12 46446
 114    2270.00    2290.00  4.996627920783431E-12  2.432097764794173E-13 44122
 115    2290.00    2310.00  5.482902625095318E-12  3.813512756907763E-13 41937
 116    2310.00    2330.00  4.694655639379052E-12  4.343788059317999E-13 40029
 117    2330.00    2350.00  3.753378960137239E-12  1.866570693688905E-13 39170
 118    2350.00    2370.00  3.414486130589842E-12  2.099277356455747E-13 37324
 119    2370.00    2390.00  3.023186012575272E-12  2.139460213715782E-13 36094
 120    2390.00    2410.00  2.610777498746248E-12  1.230103332769848E-13 34546
 121    2410.00    2430.00  2.841002316660266E-12  2.218728393570543E-13 33009
 122    2430.00    2450.00  2.139832482244983E-12  1.346724576506996E-13 31463
 123    2450.00    2470.00  2.001234819258027E-12  1.241261471353827E-13 29990
 124    2470.00    2490.00  1.622085527219539E-12  9.995292831561999E-14 28712
 125    2490.00    2510.00  1.684644858476517E-12  1.122003249548316E-13 27747
 126    2510.00    2530.00  1.476620319145773E-12  9.935641965031429E-14 26484
 127    2530.00    2550.00  1.208556536935728E-12  6.783242938214785E-14 25420
 128    2550.00    2570.00  1.178474388798207E-12  7.760442079615809E-14 24576
 129    2570.00    2590.00  1.064319553535958E-12  7.419472688345202E-14 23318
 130    2590.00    2610.00  1.084793339310484E-12  1.094773835062388E-13 22522
 131    2610.00    2630.00  8.211247895010564E-13  5.523426293047230E-14 21346
 132    2630.00    2650.00  7.456347094859304E-13  5.345015209941075E-14 20569
 133    2650.00    2670.00  6.637196381094352E-13  6.527080255895726E-14 19665
 134    2670.00    2690.00  5.395382056632319E-13  3.646147293881107E-14 18996
 135    2690.00    2710.00  5.281109206835870E-13  4.097121846462286E-14 18208
 136    2710.00    2730.00  5.214772403191159E-13  5.940541570126864E-14 17340
 137    2730.00    2750.00  5.111845772503103E-13  4.995695704990752E-14 16849
 138    2750.00    2770.00  4.070150230979685E-13  4.585567293286867E-14 15999
 139    2770.00    2790.00  3.883042355081346E-13  3.394539394440404E-14 15360
 140    2790.00    2810.00  3.106570778306703E-13  2.266071351686157E-14 14524
 141    2810.00    2830.00  3.541886067934723E-13  4.859309725786057E-14 14264
 142    2830.00    2850.00  3.566661361953133E-13  7.286561050689974E-14 13465
 143    2850.00    2870.00  2.408173777528975E-13  2.363370251888451E-14 12999
 144    2870.00    2890.00  2.025002773737279E-13  1.725452943988780E-14 12517
 145    2890.00    2910.00  1.829423146747258E-13  1.444098709398056E-14 12001
 146    2910.00    2930.00  1.742181662403238E-13  1.532302365935602E-14 11349
 147    2930.00    2950.00  1.396359966867500E-13  1.077094210907454E-14 10989
 148    2950.00    2970.00  1.666798274527721E-13  1.401875595759162E-14 10472
 149    2970.00    2990.00  1.624539793265652E-13  3.584290633371375E-14 10195
 150    2990.00    3010.00  9.534427362867810E-14  6.525520670772977E-15 9593
 151    3010.00    3030.00  1.027329316743345E-13  1.153576346472433E-14 9257
 152    3030.00    3050.00  9.220291757939026E-14  8.860352246808142E-15 8826
 153    3050.00    3070.00  9.450289357888619E-14  1.066762446701142E-14 8526
 154    3070.00    3090.00  7.277703578452813E-14  7.755704524815985E-15 8194
 155    3090.00    3110.00  6.164951473732087E-14  5.191665667411159E-15 7655
 156    3110.00    3130.00  7.050551926041771E-14  9.570647066563794E-15 7445
 157    3130.00    3150.00  5.073416752105547E-14  5.541517328881640E-15 7203
 158    3150.00    3170.00  5.947172262601008E-14  9.312427230642526E-15 6861
 159    3170.00    3190.00  5.849158370180523E-14  1.001917288566190E-14 6592
 160    3190.00    3210.00  4.011422510564632E-14  4.267747374743685E-15 6223
 161    3210.00    3230.00  3.639133007467154E-14  5.864871668378860E-15 5978
 162    3230.00    3250.00  3.037428620556231E-14  3.117938395467537E-15 5886
 163    3250.00    3270.00  2.497955112022290E-14  2.992776114624986E-15 5579
 164    3270.00    3290.00  2.607927504038419E-14  2.514158596311588E-15 5317
 165    3290.00    3310.00  2.196078745070924E-14  3.132075819304469E-15 5129
 166    3310.00    3330.00  1.845708282151079E-14  1.554762242785938E-15 4903
 167    3330.00    3350.00  1.533363667191968E-14  1.590638597587465E-15 4630
 168    3350.00    3370.00  1.420963295298716E-14  1.664384000753624E-15 4529
 169    3370.00    3390.00  1.286059162957855E-14  1.588330139262065E-15 4356
 170    3390.00    3410.00  9.579604650483940E-15  8.309625923580340E-16 4141
 171    3410.00    3430.00  1.202332298133276E-14  1.305160302302216E-15 3893
 172    3430.00    3450.00  1.488543882305728E-14  2.303274407702109E-15 3771
 173    3450.00    3470.00  8.261739351738523E-15  9.105258288840600E-16 3641
 174    3470.00    3490.00  8.100842198028362E-15  1.016395314318296E-15 3423
 175    3490.00    3510.00  8.059315734344720E-15  1.165558218075389E-15 3258
 176    3510.00    3530.00  6.022892570750290E-15  7.779431650859287E-16 3129
 177    3530.00    3550.00  8.925138410070765E-15  2.588135078197479E-15 3082
 178    3550.00    3570.00  7.669183200695927E-15  2.058202856503251E-15 2952
 179    3570.00    3590.00  6.411493477215658E-15  1.210390188615367E-15 2678
 180    3590.00    3610.00  5.138536299188448E-15  6.606131980625475E-16 2738
 181    3610.00    3630.00  4.551943881247658E-15  6.548125539920141E-16 2498
 182    3630.00    3650.00  3.933853727849652E-15  5.158082702805196E-16 2367
 183    3650.00    3670.00  3.118399230878020E-15  4.196982336477984E-16 2329
 184    3670.00    3690.00  2.782555608544014E-15  4.687887246397066E-16 2168
 185    3690.00    3710.00  3.291545934474639E-15  6.294886648699698E-16 2075
 186    3710.00    3730.00  1.148891305268628E-14  9.178571006248851E-15 1977
 187    3730.00    3750.00  2.675643255422170E-15  6.423755950811488E-16 1952
 188    3750.00    3770.00  2.643869251918834E-15  6.487281731596255E-16 1891
 189    3770.00    3790.00  2.152200624684426E-15  6.478688468031809E-16 1669
 190    3790.00    3810.00  1.572717496372796E-15  2.743395217954824E-16 1638
 191    3810.00    3830.00  1.626742653610217E-15  4.114889498691646E-16 1596
 192    3830.00    3850.00  1.414951741086802E-15  2.473997182015852E-16 1453
 193    3850.00    3870.00  1.436410909012672E-15  2.795953914835833E-16 1430
 194    3870.00    3890.00  1.296901889032803E-15  3.093172431666952E-16 1376
 195    3890.00    3910.00  1.338058161153415E-15  4.824630819743643E-16 1299
 196    3910.00    3930.00  6.091861768607628E-16  1.133482860599380E-16 1243
 197    3930.00    3950.00  7.580909687978760E-16  1.805800376297030E-16 1221
 198    3950.00    3970.00  6.035605592899097E-16  9.840377440095397E-17 1145
 199    3970.00    3990.00  5.222342780753836E-16  1.000216922813908E-16 1084
 200    3990.00    4010.00  6.972445216338535E-16  1.846979246501824E-16 1047
 201    4010.00    4030.00  5.944146612448503E-16  1.761929369033974E-16 945
 202    4030.00    4050.00  1.026680554970075E-15  2.958822883595182E-16 887
 203    4050.00    4070.00  6.551370688843648E-16  2.332442280588763E-16 853
 204    4070.00    4090.00  3.655602003625318E-16  8.644392638734607E-17 843
 205    4090.00    4110.00  4.597455687650461E-16  2.197739599757201E-16 810
 206    4110.00    4130.00  4.903076312933168E-16  2.367171691460810E-16 704
 207    4130.00    4150.00  2.586118927713423E-16  7.563823054569256E-17 739
 208    4150.00    4170.00  1.522142818659804E-16  3.697662301604827E-17 688
 209    4170.00    4190.00  1.770876002973527E-16  3.528402012708836E-17 679
 210    4190.00    4210.00  3.209231798472040E-16  1.223749128176317E-16 596
 211    4210.00    4230.00  2.576754796154610E-16  1.059338683280558E-16 565
 212    4230.00    4250.00  8.023407335125503E-17  2.499390161918474E-17 568
 213    4250.00    4270.00  1.776687278336042E-16  4.603323649160248E-17 512
 214    4270.00    4290.00  9.386694508954502E-17  1.830935992032152E-17 505
 215    4290.00    4310.00  6.624596925247086E-17  1.394484493963526E-17 491
 216    4310.00    4330.00  1.887694465861693E-16  7.363973071270183E-17 488
 217    4330.00    4350.00  1.003846596414689E-16  4.048019619796677E-17 448
 218    4350.00    4370.00  5.930005856736949E-17  1.394063937245936E-17 396
 219    4370.00    4390.00  7.798776988874053E-17  2.180505893504184E-17 374
 220    4390.00    4410.00  7.958999689548424E-17  2.385509379301461E-17 378
 221    4410.00    4430.00  3.698341993560092E-17  1.939327275385347E-17 305
 222    4430.00    4450.00  5.244386660824409E-17  2.579982556414417E-17 309
 223    4450.00    4470.00  3.522652432995214E-17  1.115687071152155E-17 330
 224    4470.00    4490.00  2.843259239819570E-17  7.576287192872395E-18 298
 225    4490.00    4510.00  2.733869601745376E-17  9.488500491089535E-18 265
 226    4510.00    4530.00  1.297084501723667E-16  8.753179192190280E-17 279
 227    4530.00    4550.00  9.551784212643952E-18  3.603818165032613E-18 224
 228    4550.00    4570.00  1.163990589794501E-17  3.168255416193732E-18 222
 229    4570.00    4590.00  1.429885706021794E-17  4.805703632158573E-18 234
 230    4590.00    4610.00  2.944466475268943E-17  1.514845958671587E-17 217
 231    4610.00    4630.00  2.376032982025811E-17  1.069086070986375E-17 194
 232    4630.00    4650.00  1.896417302173751E-17  8.228939806035406E-18 189
 233    4650.00    4670.00  1.207164118247648E-17  4.492148627325482E-18 171
 234    4670.00    4690.00  1.128900379960069E-17  4.865488074086889E-18 150
 235    4690.00    4710.00  7.999171104857875E-18  3.544459284146290E-18 140
 236    4710.00    4730.00  1.068064041281201E-17  7.459660882113111E-18 123
 237    4730.00    4750.00  9.962005677591171E-18  7.020893178812312E-18 131
 238    4750.00    4770.00  1.206349851641824E-17  6.186484309855630E-18 130
 239    4770.00    4790.00  2.720883537034501E-18  9.475093129150841E-19 102
 240    4790.00    4810.00  1.569583435934798E-18  6.782990961780714E-19 107
 241    4810.00    4830.00  4.184753836438918E-18  1.794077060392859E-18 91
 242    4830.00    4850.00  4.361257995328751E-18  2.419880637134760E-18 109
 243    4850.00    4870.00  1.338814246409310E-17  1.273483324691865E-17 58
 244    4870.00    4890.00  2.112405385597460E-18  6.747303198803815E-19 91
 245    4890.00    4910.00  1.765446646508872E-18  1.017072840166245E-18 87
 246    4910.00    4930.00  1.689968554645128E-18  8.703462927183195E-19 75
 247    4930.00    4950.00  3.039423193125023E-18  1.366216006848512E-18 78
 248    4950.00    4970.00  9.605643656186614E-19  4.693122832688466E-19 47
 249    4970.00    4990.00  2.703130441222722E-18  1.661508299852005E-18 59
 250    4990.00    5010.00  4.883781927404062E-19  3.831826068568988E-19 49
 251    5010.00    5030.00  6.293314122204903E-18  3.356260376507676E-18 53
 252    5030.00    5050.00  8.127173507158036E-19  4.932287255563726E-19 40
 253    5050.00    5070.00  1.160896237979922E-18  7.654983614850531E-19 53
 254    5070.00    5090.00  5.772725499714125E-19  3.263345400458717E-19 44
 255    5090.00    5110.00  3.944053965685127E-20  2.658364337933429E-20 38
 256    5110.00    5130.00  8.037317807221846E-20  4.837355549714422E-20 26
 257    5130.00    5150.00  8.039707619230725E-20  3.807471846101723E-20 22
 258    5150.00    5170.00  1.344217261547756E-19  7.763433098961257E-20 30
 259    5170.00    5190.00  1.213111884427499E-18  9.922903638100986E-19 31
 260    5190.00    5210.00  3.246782732065682E-19  2.757629068105971E-19 23
 261    5210.00    5230.00  1.029625898779811E-19  8.244522926301119E-20 22
 262    5230.00    5250.00  3.838792591124069E-20  1.801933527600856E-20 17
 263    5250.00    5270.00  4.568853775772135E-20  3.908186115898835E-20 15
 264    5270.00    5290.00  2.744314094588766E-19  2.265569193177107E-19 24
 265    5290.00    5310.00  3.399279647874023E-19  2.718194648754974E-19 20
 266    5310.00    5330.00  8.959975463489232E-21  8.303063107908771E-21 17
 267    5330.00    5350.00  1.919120140332887E-19  1.918640750505269E-19 11
 268    5350.00    5370.00  9.514175359443684E-23  8.248300340050567E-23 6
 269    5370.00    5390.00  8.821737292256071E-22  5.998863942327258E-22 4
 270    5390.00    5410.00  1.482281979132287E-20  1.430990970205904E-20 12
 271    5410.00    5430.00  4.324339698075395E-20  4.164360045261905E-20 9
 272    5430.00    5450.00  1.796647856700175E-20  1.219091223030888E-20 14
 273    5450.00    5470.00  5.958935177501350E-23  5.336049436649746E-23 8
 274    5470.00    5490.00  6.511152716056133E-21  6.509776519344780E-21 4
 275    5490.00    5510.00  4.966618635342158E-23  4.505904056757721E-23 5
 276    5510.00    5530.00  2.052704677695949E-22  1.859369325767274E-22 3
 277    5530.00    5550.00  1.324825585979571E-19  1.038879939000048E-19 7
 278    5550.00    5570.00  3.397049857519374E-21  3.371682218299261E-21 3
 279    5570.00    5590.00  1.193316066834586E-21  1.186167737565339E-21 3
 280    5590.00    5610.00  3.549824097538263E-20  3.549824090450758E-20 2
 281    5610.00    5630.00  4.489384922700208E-22  4.394732493732057E-22 3
 282    5630.00    5650.00  1.455389169484140E-24  1.455389002190069E-24 2
 283    5650.00    5670.00  7.525783884942356E-25  7.525783873724109E-25 1
 284    5670.00    5690.00  9.351783927169964E-24  9.351763372419001E-24 2
 285    5690.00    5710.00  4.407224296134775E-29  4.407224293287456E-29 1
 286    5710.00    5730.00  2.245754280227583E-25  2.245754278755763E-25 1
 287    5730.00    5750.00  6.274878208473596E-25  6.274878204245884E-25 1
 288    5750.00    5770.00  4.181353848433983E-26  4.181353845067429E-26 1
 289    5770.00    5790.00  0.000000000000000E+00  0.000000000000000E+00 0
 290    5790.00    5810.00  0.000000000000000E+00  0.000000000000000E+00 0
 291    5810.00    5830.00  7.810943385442824E-23  7.810943380750967E-23 1
 292    5830.00    5850.00  0.000000000000000E+00  0.000000000000000E+00 0
 293    5850.00    5870.00  0.000000000000000E+00  0.000000000000000E+00 0
 294    5870.00    5890.00  0.000000000000000E+00  0.000000000000000E+00 0
 295    5890.00    5910.00  1.552131544495818E-22  1.552131535025573E-22 2
 296    5910.00    5930.00  0.000000000000000E+00  0.000000000000000E+00 0
 297    5930.00    5950.00  0.000000000000000E+00  0.000000000000000E+00 0
 298    5950.00    5970.00  6.304858636816139E-28  6.304858633273329E-28 1
 299    5970.00    5990.00  0.000000000000000E+00  0.000000000000000E+00 0
 300    5990.00    6010.00  0.000000000000000E+00  0.000000000000000E+00 0
 301    6010.00    6030.00  0.000000000000000E+00  0.000000000000000E+00 0
 302    6030.00    6050.00  0.000000000000000E+00  0.000000000000000E+00 0
 303    6050.00    6070.00  0.000000000000000E+00  0.000000000000000E+00 0
 304    6070.00    6090.00  0.000000000000000E+00  0.000000000000000E+00 0
 305    6090.00    6110.00  0.000000000000000E+00  0.000000000000000E+00 0
 306    6110.00    6130.00  0.000000000000000E+00  0.000000000000000E+00 0
 307    6130.00    6150.00  0.000000000000000E+00  0.000000000000000E+00 0
 308    6150.00    6170.00  0.000000000000000E+00  0.000000000000000E+00 0
 309    6170.00    6190.00  0.000000000000000E+00  0.000000000000000E+00 0
 310    6190.00    6210.00  0.000000000000000E+00  0.000000000000000E+00 0
 311    6210.00    6230.00  0.000000000000000E+00  0.000000000000000E+00 0
 312    6230.00    6250.00  0.000000000000000E+00  0.000000000000000E+00 0
 313    6250.00    6270.00  0.000000000000000E+00  0.000000000000000E+00 0
 314    6270.00    6290.00  0.000000000000000E+00  0.000000000000000E+00 0
 315    6290.00    6310.00  0.000000000000000E+00  0.000000000000000E+00 0
 316    6310.00    6330.00  0.000000000000000E+00  0.000000000000000E+00 0
 317    6330.00    6350.00  0.000000000000000E+00  0.000000000000000E+00 0
 318    6350.00    6370.00  0.000000000000000E+00  0.000000000000000E+00 0
 319    6370.00    6390.00  0.000000000000000E+00  0.000000000000000E+00 0
 320    6390.00    6410.00  0.000000000000000E+00  0.000000000000000E+00 0
 321    6410.00    6430.00  0.000000000000000E+00  0.000000000000000E+00 0
 322    6430.00    6450.00  0.000000000000000E+00  0.000000000000000E+00 0
 323    6450.00    6470.00  0.000000000000000E+00  0.000000000000000E+00 0
 324    6470.00    6490.00  0.000000000000000E+00  0.000000000000000E+00 0
 325    6490.00    6510.00  0.000000000000000E+00  0.000000000000000E+00 0
 326    6510.00    6530.00  0.000000000000000E+00  0.000000000000000E+00 0
 327    6530.00    6550.00  0.000000000000000E+00  0.000000000000000E+00 0
 328    6550.00    6570.00  0.000000000000000E+00  0.000000000000000E+00 0
 329    6570.00    6590.00  0.000000000000000E+00  0.000000000000000E+00 0
 330    6590.00    6610.00  0.000000000000000E+00  0.000000000000000E+00 0
 331    6610.00    6630.00  0.000000000000000E+00  0.000000000000000E+00 0
 332    6630.00    6650.00  0.000000000000000E+00  0.000000000000000E+00 0
 333    6650.00    6670.00  0.000000000000000E+00  0.000000000000000E+00 0
 334    6670.00    6690.00  0.000000000000000E+00  0.000000000000000E+00 0
 335    6690.00    6710.00  0.000000000000000E+00  0.000000000000000E+00 0
 336    6710.00    6730.00  0.000000000000000E+00  0.000000000000000E+00 0
 337    6730.00    6750.00  0.000000000000000E+00  0.000000000000000E+00 0
 338    6750.00    6770.00  0.000000000000000E+00  0.000000000000000E+00 0
 339    6770.00    6790.00  0.000000000000000E+00  0.000000000000000E+00 0
 340    6790.00    6810.00  0.000000000000000E+00  0.000000000000000E+00 0
 341    6810.00    6830.00  0.000000000000000E+00  0.000000000000000E+00 0
 342    6830.00    6850.00  0.000000000000000E+00  0.000000000000000E+00 0
 343    6850.00    6870.00  0.000000000000000E+00  0.000000000000000E+00 0
 344    6870.00    6890.00  0.000000000000000E+00  0.000000000000000E+00 0
 345    6890.00    6910.00  0.000000000000000E+00  0.000000000000000E+00 0
 346    6910.00    6930.00  0.000000000000000E+00  0.000000000000000E+00 0
 347    6930.00    6950.00  0.000000000000000E+00  0.000000000000000E+00 0
 348    6950.00    6970.00  0.000000000000000E+00  0.000000000000000E+00 0
 349    6970.00    6990.00  0.000000000000000E+00  0.000000000000000E+00 0
 350    6990.00    7010.00  0.000000000000000E+00  0.000000000000000E+00 0
 351    7010.00    7030.00  0.000000000000000E+00  0.000000000000000E+00 0
 352    7030.00    7050.00  0.000000000000000E+00  0.000000000000000E+00 0
 353    7050.00    7070.00  0.000000000000000E+00  0.000000000000000E+00 0
 354    7070.00    7090.00  0.000000000000000E+00  0.000000000000000E+00 0
 355    7090.00    7110.00  0.000000000000000E+00  0.000000000000000E+00 0
 356    7110.00    7130.00  0.000000000000000E+00  0.000000000000000E+00 0
 357    7130.00    7150.00  0.000000000000000E+00  0.000000000000000E+00 0
 358    7150.00    7170.00  0.000000000000000E+00  0.000000000000000E+00 0
 359    7170.00    7190.00  0.000000000000000E+00  0.000000000000000E+00 0
 360    7190.00    7210.00  0.000000000000000E+00  0.000000000000000E+00 0
 361    7210.00    7230.00  0.000000000000000E+00  0.000000000000000E+00 0
 362    7230.00    7250.00  0.000000000000000E+00  0.000000000000000E+00 0
 363    7250.00    7270.00  0.000000000000000E+00  0.000000000000000E+00 0
 364    7270.00    7290.00  0.000000000000000E+00  0.000000000000000E+00 0
 365    7290.00    7310.00  0.000000000000000E+00  0.000000000000000E+00 0
 366    7310.00    7330.00  0.000000000000000E+00  0.000000000000000E+00 0
 367    7330.00    7350.00  0.000000000000000E+00  0.000000000000000E+00 0
 368    7350.00    7370.00  0.000000000000000E+00  0.000000000000000E+00 0
 369    7370.00    7390.00  0.000000000000000E+00  0.000000000000000E+00 0
 370    7390.00    7410.00  0.000000000000000E+00  0.000000000000000E+00 0
 371    7410.00    7430.00  0.000000000000000E+00  0.000000000000000E+00 0
 372    7430.00    7450.00  0.000000000000000E+00  0.000000000000000E+00 0
 373    7450.00    7470.00  0.000000000000000E+00  0.000000000000000E+00 0
 374    7470.00    7490.00  0.000000000000000E+00  0.000000000000000E+00 0
 375    7490.00    7510.00  0.000000000000000E+00  0.000000000000000E+00 0
 376    7510.00    7530.00  0.000000000000000E+00  0.000000000000000E+00 0
 377    7530.00    7550.00  0.000000000000000E+00  0.000000000000000E+00 0
 378    7550.00    7570.00  0.000000000000000E+00  0.000000000000000E+00 0
 379    7570.00    7590.00  0.000000000000000E+00  0.000000000000000E+00 0
 380    7590.00    7610.00  0.000000000000000E+00  0.000000000000000E+00 0
 381    7610.00    7630.00  0.000000000000000E+00  0.000000000000000E+00 0
 382    7630.00    7650.00  0.000000000000000E+00  0.000000000000000E+00 0
 383    7650.00    7670.00  0.000000000000000E+00  0.000000000000000E+00 0
 384    7670.00    7690.00  0.000000000000000E+00  0.000000000000000E+00 0
 385    7690.00    7710.00  0.000000000000000E+00  0.000000000000000E+00 0
 386    7710.00    7730.00  0.000000000000000E+00  0.000000000000000E+00 0
 387    7730.00    7750.00  0.000000000000000E+00  0.000000000000000E+00 0
 388    7750.00    7770.00  0.000000000000000E+00  0.000000000000000E+00 0
 389    7770.00    7790.00  0.000000000000000E+00  0.000000000000000E+00 0
 390    7790.00    7810.00  0.000000000000000E+00  0.000000000000000E+00 0
 391    7810.00    7830.00  0.000000000000000E+00  0.000000000000000E+00 0
 392    7830.00    7850.00  0.000000000000000E+00  0.000000000000000E+00 0
 393    7850.00    7870.00  0.000000000000000E+00  0.000000000000000E+00 0
 394    7870.00    7890.00  0.000000000000000E+00  0.000000000000000E+00 0
 395    7890.00    7910.00  0.000000000000000E+00  0.000000000000000E+00 0
 396    7910.00    7930.00  0.000000000000000E+00  0.000000000000000E+00 0
 397    7930.00    7950.00  0.000000000000000E+00  0.000000000000000E+00 0
 398    7950.00    7970.00  0.000000000000000E+00  0.000000000000000E+00 0
 399    7970.00    7990.00  0.000000000000000E+00  0.000000000000000E+00 0
 400    7990.00    8010.00  0.000000000000000E+00  0.000000000000000E+00 0
 401    8010.00    8030.00  0.000000000000000E+00  0.000000000000000E+00 0
 402    8030.00    8050.00  0.000000000000000E+00  0.000000000000000E+00 0
 403    8050.00    8070.00  0.000000000000000E+00  0.000000000000000E+00 0
 404    8070.00    8090.00  0.000000000000000E+00  0.000000000000000E+00 0
 405    8090.00    8110.00  0.000000000000000E+00  0.000000000000000E+00 0
 406    8110.00    8130.00  0.000000000000000E+00  0.000000000000000E+00 0
 407    8130.00    8150.00  0.000000000000000E+00  0.000000000000000E+00 0
 408    8150.00    8170.00  0.000000000000000E+00  0.000000000000000E+00 0
 409    8170.00    8190.00  0.000000000000000E+00  0.000000000000000E+00 0
 410    8190.00    8210.00  0.000000000000000E+00  0.000000000000000E+00 0
 411    8210.00    8230.00  0.000000000000000E+00  0.000000000000000E+00 0
 412    8230.00    8250.00  0.000000000000000E+00  0.000000000000000E+00 0
 413    8250.00    8270.00  0.000000000000000E+00  0.000000000000000E+00 0
 414    8270.00    8290.00  0.000000000000000E+00  0.000000000000000E+00 0
 415    8290.00    8310.00  0.000000000000000E+00  0.000000000000000E+00 0
 416    8310.00    8330.00  0.000000000000000E+00  0.000000000000000E+00 0
 417    8330.00    8350.00  0.000000000000000E+00  0.000000000000000E+00 0
 418    8350.00    8370.00  0.000000000000000E+00  0.000000000000000E+00 0
 419    8370.00    8390.00  0.000000000000000E+00  0.000000000000000E+00 0
 420    8390.00    8410.00  0.000000000000000E+00  0.000000000000000E+00 0
 421    8410.00    8430.00  0.000000000000000E+00  0.000000000000000E+00 0
 422    8430.00    8450.00  0.000000000000000E+00  0.000000000000000E+00 0
 423    8450.00    8470.00  0.000000000000000E+00  0.000000000000000E+00 0
 424    8470.00    8490.00  0.000000000000000E+00  0.000000000000000E+00 0
 425    8490.00    8510.00  0.000000000000000E+00  0.000000000000000E+00 0
 426    8510.00    8530.00  0.000000000000000E+00  0.000000000000000E+00 0
 427    8530.00    8550.00  0.000000000000000E+00  0.000000000000000E+00 0
 428    8550.00    8570.00  0.000000000000000E+00  0.000000000000000E+00 0
 429    8570.00    8590.00  0.000000000000000E+00  0.000000000000000E+00 0
 430    8590.00    8610.00  0.000000000000000E+00  0.000000000000000E+00 0
 431    8610.00    8630.00  0.000000000000000E+00  0.000000000000000E+00 0
 432    8630.00    8650.00  0.000000000000000E+00  0.000000000000000E+00 0
 433    8650.00    8670.00  0.000000000000000E+00  0.000000000000000E+00 0
 434    8670.00    8690.00  0.000000000000000E+00  0.000000000000000E+00 0
 435    8690.00    8710.00  0.000000000000000E+00  0.000000000000000E+00 0
 436    8710.00    8730.00  0.000000000000000E+00  0.000000000000000E+00 0
 437    8730.00    8750.00  0.000000000000000E+00  0.000000000000000E+00 0
 438    8750.00    8770.00  0.000000000000000E+00  0.000000000000000E+00 0
 439    8770.00    8790.00  0.000000000000000E+00  0.000000000000000E+00 0
 440    8790.00    8810.00  0.000000000000000E+00  0.000000000000000E+00 0
 441    8810.00    8830.00  0.000000000000000E+00  0.000000000000000E+00 0
 442    8830.00    8850.00  0.000000000000000E+00  0.000000000000000E+00 0
 443    8850.00    8870.00  0.000000000000000E+00  0.000000000000000E+00 0
 444    8870.00    8890.00  0.000000000000000E+00  0.000000000000000E+00 0
 445    8890.00    8910.00  0.000000000000000E+00  0.000000000000000E+00 0
 446    8910.00    8930.00  0.000000000000000E+00  0.000000000000000E+00 0
 447    8930.00    8950.00  0.000000000000000E+00  0.000000000000000E+00 0
 448    8950.00    8970.00  0.000000000000000E+00  0.000000000000000E+00 0
 449    8970.00    8990.00  0.000000000000000E+00  0.000000000000000E+00 0
 450    8990.00    9010.00  0.000000000000000E+00  0.000000000000000E+00 0
 451    9010.00    9030.00  0.000000000000000E+00  0.000000000000000E+00 0
 452    9030.00    9050.00  0.000000000000000E+00  0.000000000000000E+00 0
 453    9050.00    9070.00  0.000000000000000E+00  0.000000000000000E+00 0
 454    9070.00    9090.00  0.000000000000000E+00  0.000000000000000E+00 0
 455    9090.00    9110.00  0.000000000000000E+00  0.000000000000000E+00 0
 456    9110.00    9130.00  0.000000000000000E+00  0.000000000000000E+00 0
 457    9130.00    9150.00  0.000000000000000E+00  0.000000000000000E+00 0
 458    9150.00    9170.00  0.000000000000000E+00  0.000000000000000E+00 0
 459    9170.00    9190.00  0.000000000000000E+00  0.000000000000000E+00 0
 460    9190.00    9210.00  0.000000000000000E+00  0.000000000000000E+00 0
 461    9210.00    9230.00  0.000000000000000E+00  0.000000000000000E+00 0
 462    9230.00    9250.00  0.000000000000000E+00  0.000000000000000E+00 0
 463    9250.00    9270.00  0.000000000000000E+00  0.000000000000000E+00 0
 464    9270.00    9290.00  0.000000000000000E+00  0.000000000000000E+00 0
 465    9290.00    9310.00  0.000000000000000E+00  0.000000000000000E+00 0
 466    9310.00    9330.00  0.000000000000000E+00  0.000000000000000E+00 0
 467    9330.00    9350.00  0.000000000000000E+00  0.000000000000000E+00 0
 468    9350.00    9370.00  0.000000000000000E+00  0.000000000000000E+00 0
 469    9370.00    9390.00  0.000000000000000E+00  0.000000000000000E+00 0
 470    9390.00    9410.00  0.000000000000000E+00  0.000000000000000E+00 0
 471    9410.00    9430.00  0.000000000000000E+00  0.000000000000000E+00 0
 472    9430.00    9450.00  0.000000000000000E+00  0.000000000000000E+00 0
 473    9450.00    9470.00  0.000000000000000E+00  0.000000000000000E+00 0
 474    9470.00    9490.00  0.000000000000000E+00  0.000000000000000E+00 0
 475    9490.00    9510.00  0.000000000000000E+00  0.000000000000000E+00 0
 476    9510.00    9530.00  0.000000000000000E+00  0.000000000000000E+00 0
 477    9530.00    9550.00  0.000000000000000E+00  0.000000000000000E+00 0
 478    9550.00    9570.00  0.000000000000000E+00  0.000000000000000E+00 0
 479    9570.00    9590.00  0.000000000000000E+00  0.000000000000000E+00 0
 480    9590.00    9610.00  0.000000000000000E+00  0.000000000000000E+00 0
 481    9610.00    9630.00  0.000000000000000E+00  0.000000000000000E+00 0
 482    9630.00    9650.00  0.000000000000000E+00  0.000000000000000E+00 0
 483    9650.00    9670.00  0.000000000000000E+00  0.000000000000000E+00 0
 484    9670.00    9690.00  0.000000000000000E+00  0.000000000000000E+00 0
 485    9690.00    9710.00  0.000000000000000E+00  0.000000000000000E+00 0
 486    9710.00    9730.00  0.000000000000000E+00  0.000000000000000E+00 0
 487    9730.00    9750.00  0.000000000000000E+00  0.000000000000000E+00 0
 488    9750.00    9770.00  0.000000000000000E+00  0.000000000000000E+00 0
 489    9770.00    9790.00  0.000000000000000E+00  0.000000000000000E+00 0
 490    9790.00    9810.00  0.000000000000000E+00  0.000000000000000E+00 0
 491    9810.00    9830.00  0.000000000000000E+00  0.000000000000000E+00 0
 492    9830.00    9850.00  0.000000000000000E+00  0.000000000000000E+00 0
 493    9850.00    9870.00  0.000000000000000E+00  0.000000000000000E+00 0
 494    9870.00    9890.00  0.000000000000000E+00  0.000000000000000E+00 0
 495    9890.00    9910.00  0.000000000000000E+00  0.000000000000000E+00 0
 496    9910.00    9930.00  0.000000000000000E+00  0.000000000000000E+00 0
 497    9930.00    9950.00  0.000000000000000E+00  0.000000000000000E+00 0
 498    9950.00    9970.00  0.000000000000000E+00  0.000000000000000E+00 0
 499    9970.00    9990.00  0.000000000000000E+00  0.000000000000000E+00 0
 500    9990.00   10010.00  0.000000000000000E+00  0.000000000000000E+00 0
 501   10010.00   10030.00  0.000000000000000E+00  0.000000000000000E+00 0
 502   10030.00   10050.00  0.000000000000000E+00  0.000000000000000E+00 0
 503   10050.00   10070.00  0.000000000000000E+00  0.000000000000000E+00 0
 504   10070.00   10090.00  0.000000000000000E+00  0.000000000000000E+00 0
 505   10090.00   10110.00  0.000000000000000E+00  0.000000000000000E+00 0
 506   10110.00   10130.00  0.000000000000000E+00  0.000000000000000E+00 0
 507   10130.00   10150.00  0.000000000000000E+00  0.000000000000000E+00 0
 508   10150.00   10170.00  0.000000000000000E+00  0.000000000000000E+00 0
 509   10170.00   10190.00  0.000000000000000E+00  0.000000000000000E+00 0
 510   10190.00   10210.00  0.000000000000000E+00  0.000000000000000E+00 0
 511   10210.00   10230.00  0.000000000000000E+00  0.000000000000000E+00 0
 512   10230.00   10250.00  0.000000000000000E+00  0.000000000000000E+00 0
 513   10250.00   10270.00  0.000000000000000E+00  0.000000000000000E+00 0
 514   10270.00   10290.00  0.000000000000000E+00  0.000000000000000E+00 0
 515   10290.00   10310.00  0.000000000000000E+00  0.000000000000000E+00 0
 516   10310.00   10330.00  0.000000000000000E+00  0.000000000000000E+00 0
 517   10330.00   10350.00  0.000000000000000E+00  0.000000000000000E+00 0
 518   10350.00   10370.00  0.000000000000000E+00  0.000000000000000E+00 0
 519   10370.00   10390.00  0.000000000000000E+00  0.000000000000000E+00 0
 520   10390.00   10410.00  0.000000000000000E+00  0.000000000000000E+00 0
 521   10410.00   10430.00  0.000000000000000E+00  0.000000000000000E+00 0
 522   10430.00   10450.00  0.000000000000000E+00  0.000000000000000E+00 0
 523   10450.00   10470.00  0.000000000000000E+00  0.000000000000000E+00 0
 524   10470.00   10490.00  0.000000000000000E+00  0.000000000000000E+00 0
 525   10490.00   10510.00  0.000000000000000E+00  0.000000000000000E+00 0
 526   10510.00   10530.00  0.000000000000000E+00  0.000000000000000E+00 0
 527   10530.00   10550.00  0.000000000000000E+00  0.000000000000000E+00 0
 528   10550.00   10570.00  0.000000000000000E+00  0.000000000000000E+00 0
 529   10570.00   10590.00  0.000000000000000E+00  0.000000000000000E+00 0
 530   10590.00   10610.00  0.000000000000000E+00  0.000000000000000E+00 0
 531   10610.00   10630.00  0.000000000000000E+00  0.000000000000000E+00 0
 532   10630.00   10650.00  0.000000000000000E+00  0.000000000000000E+00 0
 533   10650.00   10670.00  0.000000000000000E+00  0.000000000000000E+00 0
 534   10670.00   10690.00  0.000000000000000E+00  0.000000000000000E+00 0
 535   10690.00   10710.00  0.000000000000000E+00  0.000000000000000E+00 0
 536   10710.00   10730.00  0.000000000000000E+00  0.000000000000000E+00 0
 537   10730.00   10750.00  0.000000000000000E+00  0.000000000000000E+00 0
 538   10750.00   10770.00  0.000000000000000E+00  0.000000000000000E+00 0
 539   10770.00   10790.00  0.000000000000000E+00  0.000000000000000E+00 0
 540   10790.00   10810.00  0.000000000000000E+00  0.000000000000000E+00 0
 541   10810.00   10830.00  0.000000000000000E+00  0.000000000000000E+00 0
 542   10830.00   10850.00  0.000000000000000E+00  0.000000000000000E+00 0
 543   10850.00   10870.00  0.000000000000000E+00  0.000000000000000E+00 0
 544   10870.00   10890.00  0.000000000000000E+00  0.000000000000000E+00 0
 545   10890.00   10910.00  0.000000000000000E+00  0.000000000000000E+00 0
 546   10910.00   10930.00  0.000000000000000E+00  0.000000000000000E+00 0
 547   10930.00   10950.00  0.000000000000000E+00  0.000000000000000E+00 0
 548   10950.00   10970.00  0.000000000000000E+00  0.000000000000000E+00 0
 549   10970.00   10990.00  0.000000000000000E+00  0.000000000000000E+00 0
 550   10990.00   11010.00  0.000000000000000E+00  0.000000000000000E+00 0
 551   11010.00   11030.00  0.000000000000000E+00  0.000000000000000E+00 0
 552   11030.00   11050.00  0.000000000000000E+00  0.000000000000000E+00 0
 553   11050.00   11070.00  0.000000000000000E+00  0.000000000000000E+00 0
 554   11070.00   11090.00  0.000000000000000E+00  0.000000000000000E+00 0
 555   11090.00   11110.00  0.000000000000000E+00  0.000000000000000E+00 0
 556   11110.00   11130.00  0.000000000000000E+00  0.000000000000000E+00 0
 557   11130.00   11150.00  0.000000000000000E+00  0.000000000000000E+00 0
 558   11150.00   11170.00  0.000000000000000E+00  0.000000000000000E+00 0
 559   11170.00   11190.00  0.000000000000000E+00  0.000000000000000E+00 0
 560   11190.00   11210.00  0.000000000000000E+00  0.000000000000000E+00 0
 561   11210.00   11230.00  0.000000000000000E+00  0.000000000000000E+00 0
 562   11230.00   11250.00  0.000000000000000E+00  0.000000000000000E+00 0
 563   11250.00   11270.00  0.000000000000000E+00  0.000000000000000E+00 0
 564   11270.00   11290.00  0.000000000000000E+00  0.000000000000000E+00 0
 565   11290.00   11310.00  0.000000000000000E+00  0.000000000000000E+00 0
 566   11310.00   11330.00  0.000000000000000E+00  0.000000000000000E+00 0
 567   11330.00   11350.00  0.000000000000000E+00  0.000000000000000E+00 0
 568   11350.00   11370.00  0.000000000000000E+00  0.000000000000000E+00 0
 569   11370.00   11390.00  0.000000000000000E+00  0.000000000000000E+00 0
 570   11390.00   11410.00  0.000000000000000E+00  0.000000000000000E+00 0
 571   11410.00   11430.00  0.000000000000000E+00  0.000000000000000E+00 0
 572   11430.00   11450.00  0.000000000000000E+00  0.000000000000000E+00 0
 573   11450.00   11470.00  0.000000000000000E+00  0.000000000000000E+00 0
 574   11470.00   11490.00  0.000000000000000E+00  0.000000000000000E+00 0
 575   11490.00   11510.00  0.000000000000000E+00  0.000000000000000E+00 0
 576   11510.00   11530.00  0.000000000000000E+00  0.000000000000000E+00 0
 577   11530.00   11550.00  0.000000000000000E+00  0.000000000000000E+00 0
 578   11550.00   11570.00  0.000000000000000E+00  0.000000000000000E+00 0
 579   11570.00   11590.00  0.000000000000000E+00  0.000000000000000E+00 0
 580   11590.00   11610.00  0.000000000000000E+00  0.000000000000000E+00 0
 581   11610.00   11630.00  0.000000000000000E+00  0.000000000000000E+00 0
 582   11630.00   11650.00  0.000000000000000E+00  0.000000000000000E+00 0
 583   11650.00   11670.00  0.000000000000000E+00  0.000000000000000E+00 0
 584   11670.00   11690.00  0.000000000000000E+00  0.000000000000000E+00 0
 585   11690.00   11710.00  0.000000000000000E+00  0.000000000000000E+00 0
 586   11710.00   11730.00  0.000000000000000E+00  0.000000000000000E+00 0
 587   11730.00   11750.00  0.000000000000000E+00  0.000000000000000E+00 0
 588   11750.00   11770.00  0.000000000000000E+00  0.000000000000000E+00 0
 589   11770.00   11790.00  0.000000000000000E+00  0.000000000000000E+00 0
 590   11790.00   11810.00  0.000000000000000E+00  0.000000000000000E+00 0
 591   11810.00   11830.00  0.000000000000000E+00  0.000000000000000E+00 0
 592   11830.00   11850.00  0.000000000000000E+00  0.000000000000000E+00 0
 593   11850.00   11870.00  0.000000000000000E+00  0.000000000000000E+00 0
 594   11870.00   11890.00  0.000000000000000E+00  0.000000000000000E+00 0
 595   11890.00   11910.00  0.000000000000000E+00  0.000000000000000E+00 0
 596   11910.00   11930.00  0.000000000000000E+00  0.000000000000000E+00 0
 597   11930.00   11950.00  0.000000000000000E+00  0.000000000000000E+00 0
 598   11950.00   11970.00  0.000000000000000E+00  0.000000000000000E+00 0
 599   11970.00   11990.00  0.000000000000000E+00  0.000000000000000E+00 0
 600   11990.00   12010.00  0.000000000000000E+00  0.000000000000000E+00 0
 601   12010.00   12030.00  0.000000000000000E+00  0.000000000000000E+00 0
 602   12030.00   12050.00  0.000000000000000E+00  0.000000000000000E+00 0
 603   12050.00   12070.00  0.000000000000000E+00  0.000000000000000E+00 0
 604   12070.00   12090.00  0.000000000000000E+00  0.000000000000000E+00 0
 605   12090.00   12110.00  0.000000000000000E+00  0.000000000000000E+00 0
 606   12110.00   12130.00  0.000000000000000E+00  0.000000000000000E+00 0
 607   12130.00   12150.00  0.000000000000000E+00  0.000000000000000E+00 0
 608   12150.00   12170.00  0.000000000000000E+00  0.000000000000000E+00 0
 609   12170.00   12190.00  0.000000000000000E+00  0.000000000000000E+00 0
 610   12190.00   12210.00  0.000000000000000E+00  0.000000000000000E+00 0
 611   12210.00   12230.00  0.000000000000000E+00  0.000000000000000E+00 0
 612   12230.00   12250.00  0.000000000000000E+00  0.000000000000000E+00 0
 613   12250.00   12270.00  0.000000000000000E+00  0.000000000000000E+00 0
 614   12270.00   12290.00  0.000000000000000E+00  0.000000000000000E+00 0
 615   12290.00   12310.00  0.000000000000000E+00  0.000000000000000E+00 0
 616   12310.00   12330.00  0.000000000000000E+00  0.000000000000000E+00 0
 617   12330.00   12350.00  0.000000000000000E+00  0.000000000000000E+00 0
 618   12350.00   12370.00  0.000000000000000E+00  0.000000000000000E+00 0
 619   12370.00   12390.00  0.000000000000000E+00  0.000000000000000E+00 0
 620   12390.00   12410.00  0.000000000000000E+00  0.000000000000000E+00 0
 621   12410.00   12430.00  0.000000000000000E+00  0.000000000000000E+00 0
 622   12430.00   12450.00  0.000000000000000E+00  0.000000000000000E+00 0
 623   12450.00   12470.00  0.000000000000000E+00  0.000000000000000E+00 0
 624   12470.00   12490.00  0.000000000000000E+00  0.000000000000000E+00 0
 625   12490.00   12510.00  0.000000000000000E+00  0.000000000000000E+00 0
 626   12510.00   12530.00  0.000000000000000E+00  0.000000000000000E+00 0
 627   12530.00   12550.00  0.000000000000000E+00  0.000000000000000E+00 0
 628   12550.00   12570.00  0.000000000000000E+00  0.000000000000000E+00 0
 629   12570.00   12590.00  0.000000000000000E+00  0.000000000000000E+00 0
 630   12590.00   12610.00  0.000000000000000E+00  0.000000000000000E+00 0
 631   12610.00   12630.00  0.000000000000000E+00  0.000000000000000E+00 0
 632   12630.00   12650.00  0.000000000000000E+00  0.000000000000000E+00 0
 633   12650.00   12670.00  0.000000000000000E+00  0.000000000000000E+00 0
 634   12670.00   12690.00  0.000000000000000E+00  0.000000000000000E+00 0
 635   12690.00   12710.00  0.000000000000000E+00  0.000000000000000E+00 0
 636   12710.00   12730.00  0.000000000000000E+00  0.000000000000000E+00 0
 637   12730.00   12750.00  0.000000000000000E+00  0.000000000000000E+00 0
 638   12750.00   12770.00  0.000000000000000E+00  0.000000000000000E+00 0
 639   12770.00   12790.00  0.000000000000000E+00  0.000000000000000E+00 0
 640   12790.00   12810.00  0.000000000000000E+00  0.000000000000000E+00 0
 641   12810.00   12830.00  0.000000000000000E+00  0.000000000000000E+00 0
 642   12830.00   12850.00  0.000000000000000E+00  0.000000000000000E+00 0
 643   12850.00   12870.00  0.000000000000000E+00  0.000000000000000E+00 0
 644   12870.00   12890.00  0.000000000000000E+00  0.000000000000000E+00 0
 645   12890.00   12910.00  0.000000000000000E+00  0.000000000000000E+00 0
 646   12910.00   12930.00  0.000000000000000E+00  0.000000000000000E+00 0
 647   12930.00   12950.00  0.000000000000000E+00  0.000000000000000E+00 0
 648   12950.00   12970.00  0.000000000000000E+00  0.000000000000000E+00 0
 649   12970.00   12990.00  0.000000000000000E+00  0.000000000000000E+00 0
 650   12990.00   13010.00  0.000000000000000E+00  0.000000000000000E+00 0
# Underflow:                 5.2411989456437717E-09  3.9126525483241081E-11 402187
# Overflow:                  0.0000000000000000E+00  0.0000000000000000E+00 0
#-------------------------------------------------------------------------------------
# Sum:                       2.4694900055763787E-06  4.1334345356974583E-09 13479000
#=====================================================================================
