# title = Transverse Momentum anti-Muon
# xlabel = $p_{\text{T},\mu^+}\,$[GeV]
# ylabel = $\frac{\text{d}\sigma}{\text{d}p_{\text{T},\mu^+}}\,\left[\frac{\text{fb}}{\text{GeV}}\right]$
# xmin=  0.000E+00
# xmax=  8.000E+02
# ymin=  1.000E-07
# ymax=  5.000E-03
# kmin=  0.000E+00
# kmax=  1.000E+02
# logscale = true
# Renormalization and factorization scale scaled by: 1.0000000000
# Renormalization scaled by: 1.0000000000
# Number of generated events: 1919548716
#
#=====================================================================================
# No.       Left      Right                   Value                   Error Hits
#-------------------------------------------------------------------------------------
   1       0.00      20.00  0.000000000000000E+00  0.000000000000000E+00 0
   2      20.00      40.00  2.174425903820654E-03  7.988824962606905E-07 727210569
   3      40.00      60.00  1.896903602507041E-03  7.254170533537434E-07 678180221
   4      60.00      80.00  1.323890157249254E-03  6.070550708078845E-07 449690719
   5      80.00     100.00  8.684598119594993E-04  4.835889993390153E-07 312117087
   6     100.00     120.00  5.545098401146303E-04  3.802142977071575E-07 222234185
   7     120.00     140.00  3.741799305238547E-04  2.959345974952364E-07 167665268
   8     140.00     160.00  2.673293798511436E-04  2.488219482432014E-07 132370380
   9     160.00     180.00  1.964128256510971E-04  2.047782925914820E-07 107297062
  10     180.00     200.00  1.478769233569433E-04  1.746401560773292E-07 88661909
  11     200.00     220.00  1.128701676144360E-04  1.478378102198367E-07 74337009
  12     220.00     240.00  8.713529034590789E-05  1.264949073697514E-07 63120043
  13     240.00     260.00  6.799630521625710E-05  1.103386487386131E-07 54133307
  14     260.00     280.00  5.361172103792319E-05  9.400055012473302E-08 46846421
  15     280.00     300.00  4.253473732139052E-05  8.280140136084026E-08 40842493
  16     300.00     320.00  3.408470210625892E-05  7.302330800235495E-08 35840740
  17     320.00     340.00  2.724352378846458E-05  6.239287071001594E-08 31655610
  18     340.00     360.00  2.209628144534558E-05  5.492583414424978E-08 28098197
  19     360.00     380.00  1.801800073539443E-05  4.866719651045133E-08 25048406
  20     380.00     400.00  1.462012187573641E-05  4.218655473359954E-08 22427930
  21     400.00     420.00  1.199776038144921E-05  3.742179690381809E-08 20164885
  22     420.00     440.00  9.899157023388364E-06  3.366874686467224E-08 18194387
  23     440.00     460.00  8.193374172702965E-06  3.031500957308825E-08 16464429
  24     460.00     480.00  6.859031284475089E-06  2.681633336128625E-08 14951681
  25     480.00     500.00  5.710620925538828E-06  2.392591723311529E-08 13608172
  26     500.00     520.00  4.723315402962018E-06  2.042435328786039E-08 12410575
  27     520.00     540.00  4.001389109245252E-06  1.882136581928696E-08 11352499
  28     540.00     560.00  3.372123846555098E-06  1.687809650382033E-08 10400775
  29     560.00     580.00  2.838634047450303E-06  1.506551353822914E-08 9554671
  30     580.00     600.00  2.404407452126140E-06  1.359945542706951E-08 8792133
  31     600.00     620.00  2.027652673172593E-06  1.223412941501457E-08 8104755
  32     620.00     640.00  1.747735260288203E-06  1.048286876576468E-08 7481996
  33     640.00     660.00  1.495697824839666E-06  9.879487263985278E-09 6918891
  34     660.00     680.00  1.265157851661068E-06  8.621628562406956E-09 6402624
  35     680.00     700.00  1.094610622481237E-06  7.746033493003484E-09 5946540
  36     700.00     720.00  9.320307195068056E-07  7.079537705588248E-09 5520056
  37     720.00     740.00  8.167302884523521E-07  6.677199252851099E-09 5127055
  38     740.00     760.00  6.976099352427473E-07  5.844848491735351E-09 4779821
  39     760.00     780.00  6.016480112474353E-07  5.245563023450766E-09 4448713
  40     780.00     800.00  5.303819879451994E-07  5.213837546062686E-09 4150439
  41     800.00     820.00  4.517031646254325E-07  4.454092344561260E-09 3875680
  42     820.00     840.00  3.964753805111721E-07  3.977579747118617E-09 3624073
  43     840.00     860.00  3.404065905678116E-07  3.411414701562681E-09 3394610
  44     860.00     880.00  2.994696734676767E-07  3.265433137761425E-09 3179768
  45     880.00     900.00  2.600658599722425E-07  3.047245159992757E-09 2982735
  46     900.00     920.00  2.249115899100290E-07  2.582710436749375E-09 2798505
  47     920.00     940.00  1.963900164928650E-07  2.257202277691204E-09 2624140
  48     940.00     960.00  1.724882220257916E-07  2.159585756357670E-09 2470332
  49     960.00     980.00  1.510860105811342E-07  1.884298799483983E-09 2322660
  50     980.00    1000.00  1.365142284344907E-07  1.896945863941188E-09 2188668
  51    1000.00    1020.00  1.178987279077585E-07  1.683809609015046E-09 2060585
  52    1020.00    1040.00  1.041426744446850E-07  1.548852192656051E-09 1942231
  53    1040.00    1060.00  9.202757417898170E-08  1.530609552077935E-09 1829686
  54    1060.00    1080.00  8.287332809152676E-08  1.325000458782141E-09 1728815
  55    1080.00    1100.00  7.336324591254534E-08  1.246457573280841E-09 1632952
  56    1100.00    1120.00  6.303665106734517E-08  1.039528730723710E-09 1542514
  57    1120.00    1140.00  5.510650158977588E-08  1.023699104895274E-09 1456733
  58    1140.00    1160.00  5.125425626147513E-08  9.859581310830306E-10 1376817
  59    1160.00    1180.00  4.320267008468962E-08  7.554504334816779E-10 1306603
  60    1180.00    1200.00  3.822804502183461E-08  6.477111380253585E-10 1237229
  61    1200.00    1220.00  3.403837083035915E-08  6.027362197114358E-10 1172537
  62    1220.00    1240.00  3.087807543648067E-08  6.153977913626814E-10 1108435
  63    1240.00    1260.00  2.882246506504835E-08  6.934733356932399E-10 1052618
  64    1260.00    1280.00  2.441117795945788E-08  5.276592775350362E-10 998410
  65    1280.00    1300.00  2.162401979294540E-08  4.561052004578065E-10 947170
  66    1300.00    1320.00  1.844870844636563E-08  3.551631093829831E-10 898621
  67    1320.00    1340.00  1.711597653246935E-08  3.935125330406332E-10 852509
  68    1340.00    1360.00  1.485762162445574E-08  3.269317213023030E-10 810636
  69    1360.00    1380.00  1.420382039717018E-08  3.798684420229565E-10 770839
  70    1380.00    1400.00  1.257397450605482E-08  3.188506437315680E-10 732733
  71    1400.00    1420.00  1.101776012224428E-08  2.613735525294108E-10 697343
  72    1420.00    1440.00  1.008579023239142E-08  2.842122099677567E-10 663737
  73    1440.00    1460.00  9.169530074475433E-09  2.394907269223972E-10 632013
  74    1460.00    1480.00  7.648483840716826E-09  1.922047963512161E-10 602436
  75    1480.00    1500.00  7.197390108158823E-09  2.231857036486682E-10 572714
  76    1500.00    1520.00  6.330281773862447E-09  1.721717562057039E-10 546741
  77    1520.00    1540.00  5.894230574865644E-09  2.662831377628784E-10 520325
  78    1540.00    1560.00  5.388788813021945E-09  1.604195292986594E-10 494295
  79    1560.00    1580.00  4.746006773144884E-09  1.550181193361787E-10 473388
  80    1580.00    1600.00  4.152194937826472E-09  1.367544458264317E-10 449305
  81    1600.00    1620.00  3.707957628798100E-09  1.354907808100494E-10 428755
  82    1620.00    1640.00  3.637343503713991E-09  1.373720292516442E-10 410551
  83    1640.00    1660.00  2.939988807764762E-09  1.213066792522337E-10 392392
  84    1660.00    1680.00  2.851785162274873E-09  9.858457697510616E-11 374125
  85    1680.00    1700.00  2.416810453539324E-09  7.475492171830584E-11 357328
  86    1700.00    1720.00  2.097103980407887E-09  6.012272805546514E-11 340142
  87    1720.00    1740.00  2.012713198423722E-09  8.082863945086890E-11 325395
  88    1740.00    1760.00  1.861514388973533E-09  8.133779824127528E-11 310667
  89    1760.00    1780.00  1.626474401622642E-09  6.964155976296272E-11 297762
  90    1780.00    1800.00  1.558756076850661E-09  6.782347962950548E-11 284455
  91    1800.00    1820.00  1.303491583966827E-09  5.467690155867221E-11 271100
  92    1820.00    1840.00  1.206535117958664E-09  4.301370615202592E-11 259347
  93    1840.00    1860.00  1.067257418618198E-09  3.702431923552373E-11 248993
  94    1860.00    1880.00  1.030881484904460E-09  4.317194398655562E-11 237548
  95    1880.00    1900.00  8.418838420125079E-10  5.006365871985035E-11 227100
  96    1900.00    1920.00  8.236564585194272E-10  4.118043447190485E-11 216464
  97    1920.00    1940.00  7.420843851628411E-10  3.310180436985600E-11 207967
  98    1940.00    1960.00  6.732256260801204E-10  3.607010741255449E-11 198089
  99    1960.00    1980.00  5.885292805593764E-10  3.050912366880113E-11 190934
 100    1980.00    2000.00  5.243841135284384E-10  2.196583267731922E-11 182576
 101    2000.00    2020.00  4.908995247306054E-10  2.313943422352886E-11 175048
 102    2020.00    2040.00  3.964216845090916E-10  1.464212498834309E-11 167589
 103    2040.00    2060.00  3.903573743107754E-10  2.467703742631323E-11 159902
 104    2060.00    2080.00  3.436103541340155E-10  1.515077804687884E-11 153909
 105    2080.00    2100.00  3.003595767177964E-10  1.462577870290528E-11 146365
 106    2100.00    2120.00  2.672825414527027E-10  1.147265247303843E-11 140177
 107    2120.00    2140.00  2.751974729439988E-10  1.473777174476355E-11 134337
 108    2140.00    2160.00  2.710530096689429E-10  1.674172850372008E-11 130043
 109    2160.00    2180.00  2.062788541236476E-10  9.226280123574659E-12 123597
 110    2180.00    2200.00  2.007508734904058E-10  2.240054409630028E-11 118726
 111    2200.00    2220.00  1.724308406656263E-10  8.888308070640037E-12 114083
 112    2220.00    2240.00  1.717852532591260E-10  1.024733846443976E-11 108998
 113    2240.00    2260.00  1.422311530794725E-10  7.683013023523600E-12 104801
 114    2260.00    2280.00  1.243135189287515E-10  6.490191289148190E-12 100177
 115    2280.00    2300.00  1.117912340347933E-10  5.134987053908371E-12 96351
 116    2300.00    2320.00  1.072077859400594E-10  6.711722729314157E-12 91684
 117    2320.00    2340.00  1.038800959316019E-10  8.313878646233938E-12 88130
 118    2340.00    2360.00  9.292220548371556E-11  6.071131750862943E-12 84844
 119    2360.00    2380.00  8.372061454043919E-11  4.680988452113972E-12 81358
 120    2380.00    2400.00  7.735702006203149E-11  5.450097710815122E-12 78365
 121    2400.00    2420.00  6.859029808951336E-11  5.273026575955151E-12 74362
 122    2420.00    2440.00  6.627503758935417E-11  4.717618382428531E-12 71535
 123    2440.00    2460.00  5.731270568915051E-11  4.637696315100991E-12 68261
 124    2460.00    2480.00  5.270344847762609E-11  6.887833606457007E-12 65762
 125    2480.00    2500.00  4.819724857416472E-11  3.322453958752837E-12 63394
 126    2500.00    2520.00  4.075319375491964E-11  2.445110298742336E-12 59978
 127    2520.00    2540.00  3.449010136469754E-11  1.996096219688787E-12 57947
 128    2540.00    2560.00  3.192459130847312E-11  1.952127182493324E-12 55652
 129    2560.00    2580.00  3.039179802707629E-11  2.245765844659075E-12 53389
 130    2580.00    2600.00  2.762672824172376E-11  1.970673145378889E-12 51369
 131    2600.00    2620.00  2.783531907649855E-11  2.534357678461530E-12 48870
 132    2620.00    2640.00  2.024824159948217E-11  1.335201398295122E-12 47064
 133    2640.00    2660.00  2.172769449398307E-11  2.497328109596651E-12 44938
 134    2660.00    2680.00  1.842903323808807E-11  1.115968622760944E-12 43254
 135    2680.00    2700.00  1.546138667509623E-11  1.322041106162591E-12 41730
 136    2700.00    2720.00  1.644205990560917E-11  1.509962022279335E-12 39915
 137    2720.00    2740.00  1.740113636102172E-11  1.874641753760613E-12 38435
 138    2740.00    2760.00  1.306742688725343E-11  1.043716448661458E-12 36591
 139    2760.00    2780.00  1.119412869604460E-11  8.872248227587564E-13 35363
 140    2780.00    2800.00  1.301765137718127E-11  1.765931190079892E-12 33559
 141    2800.00    2820.00  9.681178280510734E-12  7.930656081767881E-13 32433
 142    2820.00    2840.00  7.747561762594391E-12  5.988551677322847E-13 31022
 143    2840.00    2860.00  9.392614309460626E-12  1.455581667113159E-12 29706
 144    2860.00    2880.00  7.167547134240005E-12  1.059555807564225E-12 28744
 145    2880.00    2900.00  7.740170567226416E-12  1.635891119478268E-12 27248
 146    2900.00    2920.00  7.148329697494406E-12  7.640859341684493E-13 26589
 147    2920.00    2940.00  5.730724896693993E-12  5.362542825984046E-13 25728
 148    2940.00    2960.00  5.664480101248386E-12  6.264681468543804E-13 24351
 149    2960.00    2980.00  4.151008357770946E-12  4.405085295350285E-13 23183
 150    2980.00    3000.00  4.053049029750259E-12  5.821195098484409E-13 22062
 151    3000.00    3020.00  4.155380436719206E-12  7.551576654040403E-13 21307
 152    3020.00    3040.00  3.479639392789553E-12  4.759321363246972E-13 20682
 153    3040.00    3060.00  3.397005933293739E-12  4.098594162202780E-13 19456
 154    3060.00    3080.00  2.405313632699903E-12  2.014586660536988E-13 18845
 155    3080.00    3100.00  1.984962108866545E-12  1.579341464158810E-13 18510
 156    3100.00    3120.00  2.409130555300962E-12  2.907603713318034E-13 17117
 157    3120.00    3140.00  2.540859021577303E-12  2.948614315247239E-13 16797
 158    3140.00    3160.00  3.079110073897883E-12  7.608178772814461E-13 15970
 159    3160.00    3180.00  1.291077747748040E-12  1.042660553745744E-13 15146
 160    3180.00    3200.00  1.258361704289556E-12  1.186115070078754E-13 14747
 161    3200.00    3220.00  1.566938710248159E-12  2.264538877031607E-13 14026
 162    3220.00    3240.00  1.550368021709338E-12  2.899122165023857E-13 13477
 163    3240.00    3260.00  1.248915070433974E-12  2.097588055624865E-13 12762
 164    3260.00    3280.00  1.203279647017916E-12  1.861371631535580E-13 12303
 165    3280.00    3300.00  1.794060913269580E-12  7.188390384068041E-13 11742
 166    3300.00    3320.00  7.743470542650515E-13  1.057739440483747E-13 11286
 167    3320.00    3340.00  8.777807921631592E-13  2.130489396980887E-13 10680
 168    3340.00    3360.00  8.127769272993981E-13  1.296891455919325E-13 10367
 169    3360.00    3380.00  5.970920450476977E-13  7.918113475553480E-14 9941
 170    3380.00    3400.00  7.937624500662184E-13  1.670472247084216E-13 9425
 171    3400.00    3420.00  6.250697420626503E-13  8.302633615705331E-14 9155
 172    3420.00    3440.00  4.129695024228160E-13  4.905269219086759E-14 8655
 173    3440.00    3460.00  4.366749777455127E-13  6.451002170479244E-14 8499
 174    3460.00    3480.00  3.926137308243816E-13  5.910299895006291E-14 7933
 175    3480.00    3500.00  4.189036114971919E-13  6.926780375390261E-14 7578
 176    3500.00    3520.00  3.803306980073529E-13  6.124876669416118E-14 7172
 177    3520.00    3540.00  2.834554374511793E-13  3.938101169120447E-14 7066
 178    3540.00    3560.00  2.418157250212077E-13  4.296444681930067E-14 6651
 179    3560.00    3580.00  3.640289224464851E-13  7.799283429499594E-14 6481
 180    3580.00    3600.00  2.002554809082838E-13  2.380688869096913E-14 6178
 181    3600.00    3620.00  1.622252174244636E-13  1.715603637708315E-14 5760
 182    3620.00    3640.00  1.522873197235031E-13  2.782949816935032E-14 5487
 183    3640.00    3660.00  2.710551736576209E-13  5.653114112910924E-14 5307
 184    3660.00    3680.00  2.304300747571385E-13  6.414454327324087E-14 5095
 185    3680.00    3700.00  1.106452094575673E-13  1.282656339289637E-14 4892
 186    3700.00    3720.00  1.249837398211787E-13  2.032566198603106E-14 4646
 187    3720.00    3740.00  1.309463088292649E-13  3.305442477998058E-14 4411
 188    3740.00    3760.00  7.219105947331498E-14  8.991251055976139E-15 4247
 189    3760.00    3780.00  8.182425848527656E-14  1.143165140577405E-14 4021
 190    3780.00    3800.00  7.696241071149483E-14  1.426053418554424E-14 3743
 191    3800.00    3820.00  6.988465590165054E-14  1.566341347470490E-14 3686
 192    3820.00    3840.00  4.316697135598459E-14  5.782263635349242E-15 3607
 193    3840.00    3860.00  4.939278605203772E-14  8.062176223592638E-15 3341
 194    3860.00    3880.00  5.065923254783610E-14  8.954238194174208E-15 3249
 195    3880.00    3900.00  4.077646898370576E-14  5.429348839108328E-15 3074
 196    3900.00    3920.00  2.794014194430719E-14  3.874521363808393E-15 2903
 197    3920.00    3940.00  3.908736512698062E-14  8.549097424215651E-15 2845
 198    3940.00    3960.00  3.038846069417304E-14  6.279840541445137E-15 2650
 199    3960.00    3980.00  2.251254543958918E-14  3.184965614533881E-15 2482
 200    3980.00    4000.00  2.311477168471675E-14  2.824338028145998E-15 2474
 201    4000.00    4020.00  2.681704112284110E-14  9.428834621635211E-15 2274
 202    4020.00    4040.00  2.178126768016145E-14  4.045751423418944E-15 2176
 203    4040.00    4060.00  2.296031996467201E-14  5.415870406365784E-15 2070
 204    4060.00    4080.00  1.190689218285755E-14  1.640904137137736E-15 2085
 205    4080.00    4100.00  2.318051504014930E-14  7.521963441971416E-15 1923
 206    4100.00    4120.00  8.898682150987486E-15  1.313515350941317E-15 1870
 207    4120.00    4140.00  9.291320929726565E-15  1.725051003094672E-15 1688
 208    4140.00    4160.00  1.732350630728427E-14  3.709061564636152E-15 1614
 209    4160.00    4180.00  1.483051649424713E-14  4.986427060397999E-15 1589
 210    4180.00    4200.00  6.643184873804159E-15  1.293768767445252E-15 1449
 211    4200.00    4220.00  4.542508642701572E-15  7.825241671354564E-16 1428
 212    4220.00    4240.00  8.414403022686841E-15  1.938253405945848E-15 1312
 213    4240.00    4260.00  5.563834638301823E-15  1.057878769424113E-15 1236
 214    4260.00    4280.00  4.325118485972321E-15  8.703554882491684E-16 1175
 215    4280.00    4300.00  6.897147840449712E-15  2.352773615889033E-15 1148
 216    4300.00    4320.00  4.785503626855929E-15  2.117335542702681E-15 1060
 217    4320.00    4340.00  3.643752939637372E-15  7.670687613733922E-16 1002
 218    4340.00    4360.00  1.999872017230376E-15  5.242115838433348E-16 936
 219    4360.00    4380.00  3.175828686047612E-15  5.504245323802028E-16 898
 220    4380.00    4400.00  1.443301560205072E-15  2.630337599030384E-16 834
 221    4400.00    4420.00  1.211643300015605E-15  1.977174661325630E-16 807
 222    4420.00    4440.00  3.575139405545593E-15  9.960056123686545E-16 806
 223    4440.00    4460.00  1.888092755604755E-15  4.279400140729602E-16 718
 224    4460.00    4480.00  1.766563150084316E-15  6.077670572892709E-16 685
 225    4480.00    4500.00  1.643167149199962E-15  4.144574230930435E-16 706
 226    4500.00    4520.00  2.270497704529773E-15  8.226895633667803E-16 589
 227    4520.00    4540.00  8.106719320306540E-16  2.382131267986370E-16 559
 228    4540.00    4560.00  7.183804327836586E-16  2.030936920691597E-16 531
 229    4560.00    4580.00  3.766686397290720E-15  2.189039666826814E-15 499
 230    4580.00    4600.00  7.359626656642328E-16  2.188560133456611E-16 488
 231    4600.00    4620.00  1.164981252247919E-15  4.865276571864407E-16 492
 232    4620.00    4640.00  5.453897468947169E-16  1.653262672140140E-16 418
 233    4640.00    4660.00  3.186039091925116E-16  9.947735973033665E-17 408
 234    4660.00    4680.00  6.822077643892230E-16  2.549984627906015E-16 360
 235    4680.00    4700.00  4.036829944986653E-16  2.078612988189007E-16 384
 236    4700.00    4720.00  1.389230099851658E-15  1.185333029885347E-15 320
 237    4720.00    4740.00  2.558365607447786E-16  6.472376383819082E-17 327
 238    4740.00    4760.00  1.526708588833158E-16  3.866552155311344E-17 258
 239    4760.00    4780.00  3.284126251880940E-16  1.375646817131488E-16 259
 240    4780.00    4800.00  4.075672786400524E-16  2.339072888078665E-16 257
 241    4800.00    4820.00  3.249484989359415E-15  3.054479184791338E-15 239
 242    4820.00    4840.00  1.033733773434536E-16  2.930610495079729E-17 208
 243    4840.00    4860.00  1.506495898851134E-16  8.183048566844119E-17 200
 244    4860.00    4880.00  2.096175104444661E-16  1.184073846008139E-16 172
 245    4880.00    4900.00  3.908286679070628E-17  7.109917325922563E-18 206
 246    4900.00    4920.00  5.044087630927417E-17  1.327539670714741E-17 173
 247    4920.00    4940.00  4.036634101305833E-17  1.644654589316268E-17 148
 248    4940.00    4960.00  2.908522558315268E-17  8.005352640905837E-18 138
 249    4960.00    4980.00  7.843762310694244E-17  2.895907776324018E-17 139
 250    4980.00    5000.00  1.899574079906603E-17  1.014506401882897E-17 124
 251    5000.00    5020.00  6.841718489638788E-17  4.781375513790151E-17 122
 252    5020.00    5040.00  9.489155466225966E-18  2.934388702068086E-18 97
 253    5040.00    5060.00  1.222987908057704E-17  3.999063212495818E-18 105
 254    5060.00    5080.00  3.026896088231376E-17  1.523346277092843E-17 78
 255    5080.00    5100.00  2.200456939023712E-17  1.433514426475836E-17 107
 256    5100.00    5120.00  1.156064520156776E-16  9.820797290971615E-17 82
 257    5120.00    5140.00  1.777173600794801E-17  8.908564135317534E-18 58
 258    5140.00    5160.00  2.714916559220900E-18  8.085010398954897E-19 67
 259    5160.00    5180.00  3.770268258181982E-18  1.375357623406579E-18 60
 260    5180.00    5200.00  1.033293361464637E-17  7.724059759309597E-18 51
 261    5200.00    5220.00  5.098468269509118E-18  2.329399330744310E-18 55
 262    5220.00    5240.00  1.256769359482073E-18  5.724626514416482E-19 43
 263    5240.00    5260.00  3.351727948085143E-18  1.682474562077518E-18 29
 264    5260.00    5280.00  4.361713182488711E-18  1.831987984602727E-18 49
 265    5280.00    5300.00  2.405410005334168E-18  1.438571762809380E-18 35
 266    5300.00    5320.00  3.700835617925733E-19  1.830817987714240E-19 34
 267    5320.00    5340.00  4.750978814924114E-19  2.506586122199162E-19 24
 268    5340.00    5360.00  1.616529114208390E-19  6.844830469713456E-20 22
 269    5360.00    5380.00  1.687607495451105E-19  7.995651089831137E-20 29
 270    5380.00    5400.00  3.408477039008079E-18  2.728865277132487E-18 19
 271    5400.00    5420.00  3.623760877528047E-19  2.080152162468500E-19 26
 272    5420.00    5440.00  7.980065345567045E-19  4.782022793044351E-19 21
 273    5440.00    5460.00  2.777714614184193E-19  1.528446831980172E-19 15
 274    5460.00    5480.00  1.916778901978597E-18  1.707306046536144E-18 15
 275    5480.00    5500.00  3.707778326989324E-20  2.601160809270763E-20 8
 276    5500.00    5520.00  1.300070356913189E-19  7.305692692405067E-20 9
 277    5520.00    5540.00  4.735098121973386E-20  2.463043085994978E-20 8
 278    5540.00    5560.00  7.682022596869318E-21  5.709207205605399E-21 6
 279    5560.00    5580.00  1.316675049508106E-19  7.737725006470598E-20 11
 280    5580.00    5600.00  1.561219792405144E-19  1.210309275321547E-19 7
 281    5600.00    5620.00  8.596494338730417E-20  6.112932013417911E-20 7
 282    5620.00    5640.00  1.370989979342383E-20  1.363603603341997E-20 3
 283    5640.00    5660.00  2.976788014952937E-21  2.551242379853162E-21 5
 284    5660.00    5680.00  2.936315778499794E-19  2.892893349770402E-19 6
 285    5680.00    5700.00  7.900537385254341E-21  5.568349231653638E-21 4
 286    5700.00    5720.00  4.351992642439730E-19  4.126055611142304E-19 4
 287    5720.00    5740.00  5.058091848868018E-19  3.266816097699507E-19 4
 288    5740.00    5760.00  1.049262721233192E-26  1.049262720740047E-26 1
 289    5760.00    5780.00  7.079878961782297E-22  5.292488178043724E-22 2
 290    5780.00    5800.00  1.416616887598450E-20  1.416616886978691E-20 1
 291    5800.00    5820.00  5.884823334874657E-22  5.884666868332089E-22 2
 292    5820.00    5840.00  9.261111565691839E-22  8.264068356222780E-22 3
 293    5840.00    5860.00  2.333069933851307E-26  2.333069932893751E-26 1
 294    5860.00    5880.00  0.000000000000000E+00  0.000000000000000E+00 0
 295    5880.00    5900.00  5.915385932673299E-21  5.845797077357729E-21 2
 296    5900.00    5920.00  1.945033460950089E-21  1.945033460432213E-21 1
 297    5920.00    5940.00  1.296586748577471E-21  1.296586748041803E-21 1
 298    5940.00    5960.00  0.000000000000000E+00  0.000000000000000E+00 0
 299    5960.00    5980.00  0.000000000000000E+00  0.000000000000000E+00 0
 300    5980.00    6000.00  0.000000000000000E+00  0.000000000000000E+00 0
 301    6000.00    6020.00  0.000000000000000E+00  0.000000000000000E+00 0
 302    6020.00    6040.00  0.000000000000000E+00  0.000000000000000E+00 0
 303    6040.00    6060.00  0.000000000000000E+00  0.000000000000000E+00 0
 304    6060.00    6080.00  0.000000000000000E+00  0.000000000000000E+00 0
 305    6080.00    6100.00  0.000000000000000E+00  0.000000000000000E+00 0
 306    6100.00    6120.00  0.000000000000000E+00  0.000000000000000E+00 0
 307    6120.00    6140.00  0.000000000000000E+00  0.000000000000000E+00 0
 308    6140.00    6160.00  0.000000000000000E+00  0.000000000000000E+00 0
 309    6160.00    6180.00  0.000000000000000E+00  0.000000000000000E+00 0
 310    6180.00    6200.00  0.000000000000000E+00  0.000000000000000E+00 0
 311    6200.00    6220.00  0.000000000000000E+00  0.000000000000000E+00 0
 312    6220.00    6240.00  0.000000000000000E+00  0.000000000000000E+00 0
 313    6240.00    6260.00  0.000000000000000E+00  0.000000000000000E+00 0
 314    6260.00    6280.00  0.000000000000000E+00  0.000000000000000E+00 0
 315    6280.00    6300.00  0.000000000000000E+00  0.000000000000000E+00 0
 316    6300.00    6320.00  0.000000000000000E+00  0.000000000000000E+00 0
 317    6320.00    6340.00  0.000000000000000E+00  0.000000000000000E+00 0
 318    6340.00    6360.00  0.000000000000000E+00  0.000000000000000E+00 0
 319    6360.00    6380.00  0.000000000000000E+00  0.000000000000000E+00 0
 320    6380.00    6400.00  0.000000000000000E+00  0.000000000000000E+00 0
 321    6400.00    6420.00  0.000000000000000E+00  0.000000000000000E+00 0
 322    6420.00    6440.00  0.000000000000000E+00  0.000000000000000E+00 0
 323    6440.00    6460.00  0.000000000000000E+00  0.000000000000000E+00 0
 324    6460.00    6480.00  0.000000000000000E+00  0.000000000000000E+00 0
 325    6480.00    6500.00  0.000000000000000E+00  0.000000000000000E+00 0
 326    6500.00    6520.00  0.000000000000000E+00  0.000000000000000E+00 0
 327    6520.00    6540.00  0.000000000000000E+00  0.000000000000000E+00 0
 328    6540.00    6560.00  0.000000000000000E+00  0.000000000000000E+00 0
 329    6560.00    6580.00  0.000000000000000E+00  0.000000000000000E+00 0
 330    6580.00    6600.00  0.000000000000000E+00  0.000000000000000E+00 0
 331    6600.00    6620.00  0.000000000000000E+00  0.000000000000000E+00 0
 332    6620.00    6640.00  0.000000000000000E+00  0.000000000000000E+00 0
 333    6640.00    6660.00  0.000000000000000E+00  0.000000000000000E+00 0
 334    6660.00    6680.00  0.000000000000000E+00  0.000000000000000E+00 0
 335    6680.00    6700.00  0.000000000000000E+00  0.000000000000000E+00 0
 336    6700.00    6720.00  0.000000000000000E+00  0.000000000000000E+00 0
 337    6720.00    6740.00  0.000000000000000E+00  0.000000000000000E+00 0
 338    6740.00    6760.00  0.000000000000000E+00  0.000000000000000E+00 0
 339    6760.00    6780.00  0.000000000000000E+00  0.000000000000000E+00 0
 340    6780.00    6800.00  0.000000000000000E+00  0.000000000000000E+00 0
 341    6800.00    6820.00  0.000000000000000E+00  0.000000000000000E+00 0
 342    6820.00    6840.00  0.000000000000000E+00  0.000000000000000E+00 0
 343    6840.00    6860.00  0.000000000000000E+00  0.000000000000000E+00 0
 344    6860.00    6880.00  0.000000000000000E+00  0.000000000000000E+00 0
 345    6880.00    6900.00  0.000000000000000E+00  0.000000000000000E+00 0
 346    6900.00    6920.00  0.000000000000000E+00  0.000000000000000E+00 0
 347    6920.00    6940.00  0.000000000000000E+00  0.000000000000000E+00 0
 348    6940.00    6960.00  0.000000000000000E+00  0.000000000000000E+00 0
 349    6960.00    6980.00  0.000000000000000E+00  0.000000000000000E+00 0
 350    6980.00    7000.00  0.000000000000000E+00  0.000000000000000E+00 0
 351    7000.00    7020.00  0.000000000000000E+00  0.000000000000000E+00 0
 352    7020.00    7040.00  0.000000000000000E+00  0.000000000000000E+00 0
 353    7040.00    7060.00  0.000000000000000E+00  0.000000000000000E+00 0
 354    7060.00    7080.00  0.000000000000000E+00  0.000000000000000E+00 0
 355    7080.00    7100.00  0.000000000000000E+00  0.000000000000000E+00 0
 356    7100.00    7120.00  0.000000000000000E+00  0.000000000000000E+00 0
 357    7120.00    7140.00  0.000000000000000E+00  0.000000000000000E+00 0
 358    7140.00    7160.00  0.000000000000000E+00  0.000000000000000E+00 0
 359    7160.00    7180.00  0.000000000000000E+00  0.000000000000000E+00 0
 360    7180.00    7200.00  0.000000000000000E+00  0.000000000000000E+00 0
 361    7200.00    7220.00  0.000000000000000E+00  0.000000000000000E+00 0
 362    7220.00    7240.00  0.000000000000000E+00  0.000000000000000E+00 0
 363    7240.00    7260.00  0.000000000000000E+00  0.000000000000000E+00 0
 364    7260.00    7280.00  0.000000000000000E+00  0.000000000000000E+00 0
 365    7280.00    7300.00  0.000000000000000E+00  0.000000000000000E+00 0
 366    7300.00    7320.00  0.000000000000000E+00  0.000000000000000E+00 0
 367    7320.00    7340.00  0.000000000000000E+00  0.000000000000000E+00 0
 368    7340.00    7360.00  0.000000000000000E+00  0.000000000000000E+00 0
 369    7360.00    7380.00  0.000000000000000E+00  0.000000000000000E+00 0
 370    7380.00    7400.00  0.000000000000000E+00  0.000000000000000E+00 0
 371    7400.00    7420.00  0.000000000000000E+00  0.000000000000000E+00 0
 372    7420.00    7440.00  0.000000000000000E+00  0.000000000000000E+00 0
 373    7440.00    7460.00  0.000000000000000E+00  0.000000000000000E+00 0
 374    7460.00    7480.00  0.000000000000000E+00  0.000000000000000E+00 0
 375    7480.00    7500.00  0.000000000000000E+00  0.000000000000000E+00 0
 376    7500.00    7520.00  0.000000000000000E+00  0.000000000000000E+00 0
 377    7520.00    7540.00  0.000000000000000E+00  0.000000000000000E+00 0
 378    7540.00    7560.00  0.000000000000000E+00  0.000000000000000E+00 0
 379    7560.00    7580.00  0.000000000000000E+00  0.000000000000000E+00 0
 380    7580.00    7600.00  0.000000000000000E+00  0.000000000000000E+00 0
 381    7600.00    7620.00  0.000000000000000E+00  0.000000000000000E+00 0
 382    7620.00    7640.00  0.000000000000000E+00  0.000000000000000E+00 0
 383    7640.00    7660.00  0.000000000000000E+00  0.000000000000000E+00 0
 384    7660.00    7680.00  0.000000000000000E+00  0.000000000000000E+00 0
 385    7680.00    7700.00  0.000000000000000E+00  0.000000000000000E+00 0
 386    7700.00    7720.00  0.000000000000000E+00  0.000000000000000E+00 0
 387    7720.00    7740.00  0.000000000000000E+00  0.000000000000000E+00 0
 388    7740.00    7760.00  0.000000000000000E+00  0.000000000000000E+00 0
 389    7760.00    7780.00  0.000000000000000E+00  0.000000000000000E+00 0
 390    7780.00    7800.00  0.000000000000000E+00  0.000000000000000E+00 0
 391    7800.00    7820.00  0.000000000000000E+00  0.000000000000000E+00 0
 392    7820.00    7840.00  0.000000000000000E+00  0.000000000000000E+00 0
 393    7840.00    7860.00  0.000000000000000E+00  0.000000000000000E+00 0
 394    7860.00    7880.00  0.000000000000000E+00  0.000000000000000E+00 0
 395    7880.00    7900.00  0.000000000000000E+00  0.000000000000000E+00 0
 396    7900.00    7920.00  0.000000000000000E+00  0.000000000000000E+00 0
 397    7920.00    7940.00  0.000000000000000E+00  0.000000000000000E+00 0
 398    7940.00    7960.00  0.000000000000000E+00  0.000000000000000E+00 0
 399    7960.00    7980.00  0.000000000000000E+00  0.000000000000000E+00 0
 400    7980.00    8000.00  0.000000000000000E+00  0.000000000000000E+00 0
 401    8000.00    8020.00  0.000000000000000E+00  0.000000000000000E+00 0
 402    8020.00    8040.00  0.000000000000000E+00  0.000000000000000E+00 0
 403    8040.00    8060.00  0.000000000000000E+00  0.000000000000000E+00 0
 404    8060.00    8080.00  0.000000000000000E+00  0.000000000000000E+00 0
 405    8080.00    8100.00  0.000000000000000E+00  0.000000000000000E+00 0
 406    8100.00    8120.00  0.000000000000000E+00  0.000000000000000E+00 0
 407    8120.00    8140.00  0.000000000000000E+00  0.000000000000000E+00 0
 408    8140.00    8160.00  0.000000000000000E+00  0.000000000000000E+00 0
 409    8160.00    8180.00  0.000000000000000E+00  0.000000000000000E+00 0
 410    8180.00    8200.00  0.000000000000000E+00  0.000000000000000E+00 0
 411    8200.00    8220.00  0.000000000000000E+00  0.000000000000000E+00 0
 412    8220.00    8240.00  0.000000000000000E+00  0.000000000000000E+00 0
 413    8240.00    8260.00  0.000000000000000E+00  0.000000000000000E+00 0
 414    8260.00    8280.00  0.000000000000000E+00  0.000000000000000E+00 0
 415    8280.00    8300.00  0.000000000000000E+00  0.000000000000000E+00 0
 416    8300.00    8320.00  0.000000000000000E+00  0.000000000000000E+00 0
 417    8320.00    8340.00  0.000000000000000E+00  0.000000000000000E+00 0
 418    8340.00    8360.00  0.000000000000000E+00  0.000000000000000E+00 0
 419    8360.00    8380.00  0.000000000000000E+00  0.000000000000000E+00 0
 420    8380.00    8400.00  0.000000000000000E+00  0.000000000000000E+00 0
 421    8400.00    8420.00  0.000000000000000E+00  0.000000000000000E+00 0
 422    8420.00    8440.00  0.000000000000000E+00  0.000000000000000E+00 0
 423    8440.00    8460.00  0.000000000000000E+00  0.000000000000000E+00 0
 424    8460.00    8480.00  0.000000000000000E+00  0.000000000000000E+00 0
 425    8480.00    8500.00  0.000000000000000E+00  0.000000000000000E+00 0
 426    8500.00    8520.00  0.000000000000000E+00  0.000000000000000E+00 0
 427    8520.00    8540.00  0.000000000000000E+00  0.000000000000000E+00 0
 428    8540.00    8560.00  0.000000000000000E+00  0.000000000000000E+00 0
 429    8560.00    8580.00  0.000000000000000E+00  0.000000000000000E+00 0
 430    8580.00    8600.00  0.000000000000000E+00  0.000000000000000E+00 0
 431    8600.00    8620.00  0.000000000000000E+00  0.000000000000000E+00 0
 432    8620.00    8640.00  0.000000000000000E+00  0.000000000000000E+00 0
 433    8640.00    8660.00  0.000000000000000E+00  0.000000000000000E+00 0
 434    8660.00    8680.00  0.000000000000000E+00  0.000000000000000E+00 0
 435    8680.00    8700.00  0.000000000000000E+00  0.000000000000000E+00 0
 436    8700.00    8720.00  0.000000000000000E+00  0.000000000000000E+00 0
 437    8720.00    8740.00  0.000000000000000E+00  0.000000000000000E+00 0
 438    8740.00    8760.00  0.000000000000000E+00  0.000000000000000E+00 0
 439    8760.00    8780.00  0.000000000000000E+00  0.000000000000000E+00 0
 440    8780.00    8800.00  0.000000000000000E+00  0.000000000000000E+00 0
 441    8800.00    8820.00  0.000000000000000E+00  0.000000000000000E+00 0
 442    8820.00    8840.00  0.000000000000000E+00  0.000000000000000E+00 0
 443    8840.00    8860.00  0.000000000000000E+00  0.000000000000000E+00 0
 444    8860.00    8880.00  0.000000000000000E+00  0.000000000000000E+00 0
 445    8880.00    8900.00  0.000000000000000E+00  0.000000000000000E+00 0
 446    8900.00    8920.00  0.000000000000000E+00  0.000000000000000E+00 0
 447    8920.00    8940.00  0.000000000000000E+00  0.000000000000000E+00 0
 448    8940.00    8960.00  0.000000000000000E+00  0.000000000000000E+00 0
 449    8960.00    8980.00  0.000000000000000E+00  0.000000000000000E+00 0
 450    8980.00    9000.00  0.000000000000000E+00  0.000000000000000E+00 0
 451    9000.00    9020.00  0.000000000000000E+00  0.000000000000000E+00 0
 452    9020.00    9040.00  0.000000000000000E+00  0.000000000000000E+00 0
 453    9040.00    9060.00  0.000000000000000E+00  0.000000000000000E+00 0
 454    9060.00    9080.00  0.000000000000000E+00  0.000000000000000E+00 0
 455    9080.00    9100.00  0.000000000000000E+00  0.000000000000000E+00 0
 456    9100.00    9120.00  0.000000000000000E+00  0.000000000000000E+00 0
 457    9120.00    9140.00  0.000000000000000E+00  0.000000000000000E+00 0
 458    9140.00    9160.00  0.000000000000000E+00  0.000000000000000E+00 0
 459    9160.00    9180.00  0.000000000000000E+00  0.000000000000000E+00 0
 460    9180.00    9200.00  0.000000000000000E+00  0.000000000000000E+00 0
 461    9200.00    9220.00  0.000000000000000E+00  0.000000000000000E+00 0
 462    9220.00    9240.00  0.000000000000000E+00  0.000000000000000E+00 0
 463    9240.00    9260.00  0.000000000000000E+00  0.000000000000000E+00 0
 464    9260.00    9280.00  0.000000000000000E+00  0.000000000000000E+00 0
 465    9280.00    9300.00  0.000000000000000E+00  0.000000000000000E+00 0
 466    9300.00    9320.00  0.000000000000000E+00  0.000000000000000E+00 0
 467    9320.00    9340.00  0.000000000000000E+00  0.000000000000000E+00 0
 468    9340.00    9360.00  0.000000000000000E+00  0.000000000000000E+00 0
 469    9360.00    9380.00  0.000000000000000E+00  0.000000000000000E+00 0
 470    9380.00    9400.00  0.000000000000000E+00  0.000000000000000E+00 0
 471    9400.00    9420.00  0.000000000000000E+00  0.000000000000000E+00 0
 472    9420.00    9440.00  0.000000000000000E+00  0.000000000000000E+00 0
 473    9440.00    9460.00  0.000000000000000E+00  0.000000000000000E+00 0
 474    9460.00    9480.00  0.000000000000000E+00  0.000000000000000E+00 0
 475    9480.00    9500.00  0.000000000000000E+00  0.000000000000000E+00 0
 476    9500.00    9520.00  0.000000000000000E+00  0.000000000000000E+00 0
 477    9520.00    9540.00  0.000000000000000E+00  0.000000000000000E+00 0
 478    9540.00    9560.00  0.000000000000000E+00  0.000000000000000E+00 0
 479    9560.00    9580.00  0.000000000000000E+00  0.000000000000000E+00 0
 480    9580.00    9600.00  0.000000000000000E+00  0.000000000000000E+00 0
 481    9600.00    9620.00  0.000000000000000E+00  0.000000000000000E+00 0
 482    9620.00    9640.00  0.000000000000000E+00  0.000000000000000E+00 0
 483    9640.00    9660.00  0.000000000000000E+00  0.000000000000000E+00 0
 484    9660.00    9680.00  0.000000000000000E+00  0.000000000000000E+00 0
 485    9680.00    9700.00  0.000000000000000E+00  0.000000000000000E+00 0
 486    9700.00    9720.00  0.000000000000000E+00  0.000000000000000E+00 0
 487    9720.00    9740.00  0.000000000000000E+00  0.000000000000000E+00 0
 488    9740.00    9760.00  0.000000000000000E+00  0.000000000000000E+00 0
 489    9760.00    9780.00  0.000000000000000E+00  0.000000000000000E+00 0
 490    9780.00    9800.00  0.000000000000000E+00  0.000000000000000E+00 0
 491    9800.00    9820.00  0.000000000000000E+00  0.000000000000000E+00 0
 492    9820.00    9840.00  0.000000000000000E+00  0.000000000000000E+00 0
 493    9840.00    9860.00  0.000000000000000E+00  0.000000000000000E+00 0
 494    9860.00    9880.00  0.000000000000000E+00  0.000000000000000E+00 0
 495    9880.00    9900.00  0.000000000000000E+00  0.000000000000000E+00 0
 496    9900.00    9920.00  0.000000000000000E+00  0.000000000000000E+00 0
 497    9920.00    9940.00  0.000000000000000E+00  0.000000000000000E+00 0
 498    9940.00    9960.00  0.000000000000000E+00  0.000000000000000E+00 0
 499    9960.00    9980.00  0.000000000000000E+00  0.000000000000000E+00 0
 500    9980.00   10000.00  0.000000000000000E+00  0.000000000000000E+00 0
 501   10000.00   10020.00  0.000000000000000E+00  0.000000000000000E+00 0
 502   10020.00   10040.00  0.000000000000000E+00  0.000000000000000E+00 0
 503   10040.00   10060.00  0.000000000000000E+00  0.000000000000000E+00 0
 504   10060.00   10080.00  0.000000000000000E+00  0.000000000000000E+00 0
 505   10080.00   10100.00  0.000000000000000E+00  0.000000000000000E+00 0
 506   10100.00   10120.00  0.000000000000000E+00  0.000000000000000E+00 0
 507   10120.00   10140.00  0.000000000000000E+00  0.000000000000000E+00 0
 508   10140.00   10160.00  0.000000000000000E+00  0.000000000000000E+00 0
 509   10160.00   10180.00  0.000000000000000E+00  0.000000000000000E+00 0
 510   10180.00   10200.00  0.000000000000000E+00  0.000000000000000E+00 0
 511   10200.00   10220.00  0.000000000000000E+00  0.000000000000000E+00 0
 512   10220.00   10240.00  0.000000000000000E+00  0.000000000000000E+00 0
 513   10240.00   10260.00  0.000000000000000E+00  0.000000000000000E+00 0
 514   10260.00   10280.00  0.000000000000000E+00  0.000000000000000E+00 0
 515   10280.00   10300.00  0.000000000000000E+00  0.000000000000000E+00 0
 516   10300.00   10320.00  0.000000000000000E+00  0.000000000000000E+00 0
 517   10320.00   10340.00  0.000000000000000E+00  0.000000000000000E+00 0
 518   10340.00   10360.00  0.000000000000000E+00  0.000000000000000E+00 0
 519   10360.00   10380.00  0.000000000000000E+00  0.000000000000000E+00 0
 520   10380.00   10400.00  0.000000000000000E+00  0.000000000000000E+00 0
 521   10400.00   10420.00  0.000000000000000E+00  0.000000000000000E+00 0
 522   10420.00   10440.00  0.000000000000000E+00  0.000000000000000E+00 0
 523   10440.00   10460.00  0.000000000000000E+00  0.000000000000000E+00 0
 524   10460.00   10480.00  0.000000000000000E+00  0.000000000000000E+00 0
 525   10480.00   10500.00  0.000000000000000E+00  0.000000000000000E+00 0
 526   10500.00   10520.00  0.000000000000000E+00  0.000000000000000E+00 0
 527   10520.00   10540.00  0.000000000000000E+00  0.000000000000000E+00 0
 528   10540.00   10560.00  0.000000000000000E+00  0.000000000000000E+00 0
 529   10560.00   10580.00  0.000000000000000E+00  0.000000000000000E+00 0
 530   10580.00   10600.00  0.000000000000000E+00  0.000000000000000E+00 0
 531   10600.00   10620.00  0.000000000000000E+00  0.000000000000000E+00 0
 532   10620.00   10640.00  0.000000000000000E+00  0.000000000000000E+00 0
 533   10640.00   10660.00  0.000000000000000E+00  0.000000000000000E+00 0
 534   10660.00   10680.00  0.000000000000000E+00  0.000000000000000E+00 0
 535   10680.00   10700.00  0.000000000000000E+00  0.000000000000000E+00 0
 536   10700.00   10720.00  0.000000000000000E+00  0.000000000000000E+00 0
 537   10720.00   10740.00  0.000000000000000E+00  0.000000000000000E+00 0
 538   10740.00   10760.00  0.000000000000000E+00  0.000000000000000E+00 0
 539   10760.00   10780.00  0.000000000000000E+00  0.000000000000000E+00 0
 540   10780.00   10800.00  0.000000000000000E+00  0.000000000000000E+00 0
 541   10800.00   10820.00  0.000000000000000E+00  0.000000000000000E+00 0
 542   10820.00   10840.00  0.000000000000000E+00  0.000000000000000E+00 0
 543   10840.00   10860.00  0.000000000000000E+00  0.000000000000000E+00 0
 544   10860.00   10880.00  0.000000000000000E+00  0.000000000000000E+00 0
 545   10880.00   10900.00  0.000000000000000E+00  0.000000000000000E+00 0
 546   10900.00   10920.00  0.000000000000000E+00  0.000000000000000E+00 0
 547   10920.00   10940.00  0.000000000000000E+00  0.000000000000000E+00 0
 548   10940.00   10960.00  0.000000000000000E+00  0.000000000000000E+00 0
 549   10960.00   10980.00  0.000000000000000E+00  0.000000000000000E+00 0
 550   10980.00   11000.00  0.000000000000000E+00  0.000000000000000E+00 0
 551   11000.00   11020.00  0.000000000000000E+00  0.000000000000000E+00 0
 552   11020.00   11040.00  0.000000000000000E+00  0.000000000000000E+00 0
 553   11040.00   11060.00  0.000000000000000E+00  0.000000000000000E+00 0
 554   11060.00   11080.00  0.000000000000000E+00  0.000000000000000E+00 0
 555   11080.00   11100.00  0.000000000000000E+00  0.000000000000000E+00 0
 556   11100.00   11120.00  0.000000000000000E+00  0.000000000000000E+00 0
 557   11120.00   11140.00  0.000000000000000E+00  0.000000000000000E+00 0
 558   11140.00   11160.00  0.000000000000000E+00  0.000000000000000E+00 0
 559   11160.00   11180.00  0.000000000000000E+00  0.000000000000000E+00 0
 560   11180.00   11200.00  0.000000000000000E+00  0.000000000000000E+00 0
 561   11200.00   11220.00  0.000000000000000E+00  0.000000000000000E+00 0
 562   11220.00   11240.00  0.000000000000000E+00  0.000000000000000E+00 0
 563   11240.00   11260.00  0.000000000000000E+00  0.000000000000000E+00 0
 564   11260.00   11280.00  0.000000000000000E+00  0.000000000000000E+00 0
 565   11280.00   11300.00  0.000000000000000E+00  0.000000000000000E+00 0
 566   11300.00   11320.00  0.000000000000000E+00  0.000000000000000E+00 0
 567   11320.00   11340.00  0.000000000000000E+00  0.000000000000000E+00 0
 568   11340.00   11360.00  0.000000000000000E+00  0.000000000000000E+00 0
 569   11360.00   11380.00  0.000000000000000E+00  0.000000000000000E+00 0
 570   11380.00   11400.00  0.000000000000000E+00  0.000000000000000E+00 0
 571   11400.00   11420.00  0.000000000000000E+00  0.000000000000000E+00 0
 572   11420.00   11440.00  0.000000000000000E+00  0.000000000000000E+00 0
 573   11440.00   11460.00  0.000000000000000E+00  0.000000000000000E+00 0
 574   11460.00   11480.00  0.000000000000000E+00  0.000000000000000E+00 0
 575   11480.00   11500.00  0.000000000000000E+00  0.000000000000000E+00 0
 576   11500.00   11520.00  0.000000000000000E+00  0.000000000000000E+00 0
 577   11520.00   11540.00  0.000000000000000E+00  0.000000000000000E+00 0
 578   11540.00   11560.00  0.000000000000000E+00  0.000000000000000E+00 0
 579   11560.00   11580.00  0.000000000000000E+00  0.000000000000000E+00 0
 580   11580.00   11600.00  0.000000000000000E+00  0.000000000000000E+00 0
 581   11600.00   11620.00  0.000000000000000E+00  0.000000000000000E+00 0
 582   11620.00   11640.00  0.000000000000000E+00  0.000000000000000E+00 0
 583   11640.00   11660.00  0.000000000000000E+00  0.000000000000000E+00 0
 584   11660.00   11680.00  0.000000000000000E+00  0.000000000000000E+00 0
 585   11680.00   11700.00  0.000000000000000E+00  0.000000000000000E+00 0
 586   11700.00   11720.00  0.000000000000000E+00  0.000000000000000E+00 0
 587   11720.00   11740.00  0.000000000000000E+00  0.000000000000000E+00 0
 588   11740.00   11760.00  0.000000000000000E+00  0.000000000000000E+00 0
 589   11760.00   11780.00  0.000000000000000E+00  0.000000000000000E+00 0
 590   11780.00   11800.00  0.000000000000000E+00  0.000000000000000E+00 0
 591   11800.00   11820.00  0.000000000000000E+00  0.000000000000000E+00 0
 592   11820.00   11840.00  0.000000000000000E+00  0.000000000000000E+00 0
 593   11840.00   11860.00  0.000000000000000E+00  0.000000000000000E+00 0
 594   11860.00   11880.00  0.000000000000000E+00  0.000000000000000E+00 0
 595   11880.00   11900.00  0.000000000000000E+00  0.000000000000000E+00 0
 596   11900.00   11920.00  0.000000000000000E+00  0.000000000000000E+00 0
 597   11920.00   11940.00  0.000000000000000E+00  0.000000000000000E+00 0
 598   11940.00   11960.00  0.000000000000000E+00  0.000000000000000E+00 0
 599   11960.00   11980.00  0.000000000000000E+00  0.000000000000000E+00 0
 600   11980.00   12000.00  0.000000000000000E+00  0.000000000000000E+00 0
 601   12000.00   12020.00  0.000000000000000E+00  0.000000000000000E+00 0
 602   12020.00   12040.00  0.000000000000000E+00  0.000000000000000E+00 0
 603   12040.00   12060.00  0.000000000000000E+00  0.000000000000000E+00 0
 604   12060.00   12080.00  0.000000000000000E+00  0.000000000000000E+00 0
 605   12080.00   12100.00  0.000000000000000E+00  0.000000000000000E+00 0
 606   12100.00   12120.00  0.000000000000000E+00  0.000000000000000E+00 0
 607   12120.00   12140.00  0.000000000000000E+00  0.000000000000000E+00 0
 608   12140.00   12160.00  0.000000000000000E+00  0.000000000000000E+00 0
 609   12160.00   12180.00  0.000000000000000E+00  0.000000000000000E+00 0
 610   12180.00   12200.00  0.000000000000000E+00  0.000000000000000E+00 0
 611   12200.00   12220.00  0.000000000000000E+00  0.000000000000000E+00 0
 612   12220.00   12240.00  0.000000000000000E+00  0.000000000000000E+00 0
 613   12240.00   12260.00  0.000000000000000E+00  0.000000000000000E+00 0
 614   12260.00   12280.00  0.000000000000000E+00  0.000000000000000E+00 0
 615   12280.00   12300.00  0.000000000000000E+00  0.000000000000000E+00 0
 616   12300.00   12320.00  0.000000000000000E+00  0.000000000000000E+00 0
 617   12320.00   12340.00  0.000000000000000E+00  0.000000000000000E+00 0
 618   12340.00   12360.00  0.000000000000000E+00  0.000000000000000E+00 0
 619   12360.00   12380.00  0.000000000000000E+00  0.000000000000000E+00 0
 620   12380.00   12400.00  0.000000000000000E+00  0.000000000000000E+00 0
 621   12400.00   12420.00  0.000000000000000E+00  0.000000000000000E+00 0
 622   12420.00   12440.00  0.000000000000000E+00  0.000000000000000E+00 0
 623   12440.00   12460.00  0.000000000000000E+00  0.000000000000000E+00 0
 624   12460.00   12480.00  0.000000000000000E+00  0.000000000000000E+00 0
 625   12480.00   12500.00  0.000000000000000E+00  0.000000000000000E+00 0
 626   12500.00   12520.00  0.000000000000000E+00  0.000000000000000E+00 0
 627   12520.00   12540.00  0.000000000000000E+00  0.000000000000000E+00 0
 628   12540.00   12560.00  0.000000000000000E+00  0.000000000000000E+00 0
 629   12560.00   12580.00  0.000000000000000E+00  0.000000000000000E+00 0
 630   12580.00   12600.00  0.000000000000000E+00  0.000000000000000E+00 0
 631   12600.00   12620.00  0.000000000000000E+00  0.000000000000000E+00 0
 632   12620.00   12640.00  0.000000000000000E+00  0.000000000000000E+00 0
 633   12640.00   12660.00  0.000000000000000E+00  0.000000000000000E+00 0
 634   12660.00   12680.00  0.000000000000000E+00  0.000000000000000E+00 0
 635   12680.00   12700.00  0.000000000000000E+00  0.000000000000000E+00 0
 636   12700.00   12720.00  0.000000000000000E+00  0.000000000000000E+00 0
 637   12720.00   12740.00  0.000000000000000E+00  0.000000000000000E+00 0
 638   12740.00   12760.00  0.000000000000000E+00  0.000000000000000E+00 0
 639   12760.00   12780.00  0.000000000000000E+00  0.000000000000000E+00 0
 640   12780.00   12800.00  0.000000000000000E+00  0.000000000000000E+00 0
 641   12800.00   12820.00  0.000000000000000E+00  0.000000000000000E+00 0
 642   12820.00   12840.00  0.000000000000000E+00  0.000000000000000E+00 0
 643   12840.00   12860.00  0.000000000000000E+00  0.000000000000000E+00 0
 644   12860.00   12880.00  0.000000000000000E+00  0.000000000000000E+00 0
 645   12880.00   12900.00  0.000000000000000E+00  0.000000000000000E+00 0
 646   12900.00   12920.00  0.000000000000000E+00  0.000000000000000E+00 0
 647   12920.00   12940.00  0.000000000000000E+00  0.000000000000000E+00 0
 648   12940.00   12960.00  0.000000000000000E+00  0.000000000000000E+00 0
 649   12960.00   12980.00  0.000000000000000E+00  0.000000000000000E+00 0
 650   12980.00   13000.00  0.000000000000000E+00  0.000000000000000E+00 0
# Underflow:                 0.0000000000000000E+00  0.0000000000000000E+00 0
# Overflow:                  0.0000000000000000E+00  0.0000000000000000E+00 0
#-------------------------------------------------------------------------------------
# Sum:                       1.6710655924343480E-06  2.1304501925836395E-09 20479000
#=====================================================================================
