            1          id1         born      0.50000      0.50000            0    1.7699520823144962E-01    8.2083313974592209E-05    4.6376009155714042E-02        51,479,000     1,682,595,512        23h 2.033m
            2          id2         born      0.50000      0.50000            0    1.1190579220235601E-02    5.7268607079198287E-06    5.1175730900185325E-02        52,479,000     1,634,909,473       23h 16.079m
            3          id3         born      0.50000      0.50000            0    1.2170766670682642E-04    1.1955854246301330E-07    9.8234191565770471E-02        21,479,000     1,885,088,550       23h 15.725m
            4          id4         born      0.50000      0.50000            0    4.6320588188684626E-02    2.1740748457759154E-05    4.6935389441082422E-02        48,479,000     1,611,922,489       23h 15.985m
            5          id5         born      0.50000      0.50000            0    1.8294699907878059E-02    9.3528370351548870E-06    5.1123205530839946E-02        55,479,000     1,750,210,217       23h 16.390m
            6          id6         born      0.50000      0.50000            0    1.3048306364753317E-02    6.9260478627395314E-06    5.3080052453768935E-02        53,479,000     1,661,600,560        23h 1.907m
            7          id7         born      0.50000      0.50000            0    2.6865888763070582E-04    2.8535524879814276E-07    1.0621470643114829E-01         9,526,000     1,909,170,516       22h 29.087m
            8          id8         born      0.50000      0.50000            0    2.6179498225033931E-04    2.9239481225700983E-07    1.1168847078108231E-01         9,526,000     1,879,829,477       21h 58.066m
            9          id9         born      0.50000      0.50000            0    5.2523565549141499E-03    2.8063608445357396E-06    5.3430509052362116E-02        57,479,000     1,735,364,833       23h 13.604m
           10         id10         born      0.50000      0.50000            0    3.8558564281167317E-03    2.0586373043679226E-06    5.3389884782961111E-02        58,479,000     1,684,143,901       23h 20.231m
           11         id11         born      0.50000      0.50000            0    3.8455284562495702E-03    2.1450872798548986E-06    5.5781339398719168E-02        51,479,000     1,550,731,234        23h 2.415m
           12         id12         born      0.50000      0.50000            0    6.6305247981973186E-03    3.2448340427898687E-06    4.8937816259612833E-02        51,479,000     1,607,914,770       22h 50.282m
           13         id13         born      0.50000      0.50000            0    4.9627424413942259E-03    2.6465184713893558E-06    5.3327741720278488E-02        57,479,000     1,712,470,364        23h 9.016m
           14         id14         born      0.50000      0.50000            0    7.8024117391577510E-03    4.0729901119065218E-06    5.2201681327140391E-02        54,479,000     1,704,792,654       23h 11.027m
           15         id15         born      0.50000      0.50000            0    1.1173693045888347E-02    5.7778036746280491E-06    5.1708988701404703E-02        57,479,000     1,694,367,380        23h 4.000m
           16         id16         born      0.50000      0.50000            0    1.2204216277679873E-04    1.1992265981959727E-07    9.8263302690662899E-02        21,479,000     1,910,014,126       23h 10.431m
           17         id17         born      0.50000      0.50000            0    1.8155932692595874E-03    1.0103984670591436E-06    5.5651146331424310E-02        54,479,000     1,655,550,471       23h 29.161m
           18         id18         born      0.50000      0.50000            0    4.2242945075947184E-04    2.3061864364847716E-07    5.4593410386954692E-02        59,479,000     1,743,693,566       23h 11.044m
           19         id19         born      0.50000      0.50000            0    6.0602151726003059E-04    3.3057391968230537E-07    5.4548214917666586E-02        55,479,000     1,674,137,476       23h 27.456m
           20         id20         born      0.50000      0.50000            0    4.6378294393561982E-02    2.2552015822628479E-05    4.8626229397860404E-02        54,479,000     1,672,992,773       23h 22.813m
           21         id21         born      0.50000      0.50000            0    8.9030035624000498E-03    4.8241539004926424E-06    5.4185689881855542E-02        50,479,000     1,578,679,248        23h 8.447m
           22         id22         born      0.50000      0.50000            0    6.7635733903201447E-05    7.0913338931077319E-08    1.0484596653089724E-01        22,479,000     2,026,378,568       23h 46.808m
           23         id23         born      0.50000      0.50000            0    2.3810312237919880E-03    1.3212637801154623E-06    5.5491241228296080E-02        53,479,000     1,591,065,760       23h 11.021m
           24         id24         born      0.50000      0.50000            0    3.3255160136149964E-03    1.7544949847223471E-06    5.2758578745050945E-02        55,479,000     1,714,912,813        23h 5.982m
           25         id25         born      0.50000      0.50000            0    1.8281333996710964E-02    8.6765318692354533E-06    4.7461152839264727E-02        52,479,000     1,774,576,996        23h 9.085m
           26         id26         born      0.50000      0.50000            0    1.3057791520723980E-02    7.1306230759192602E-06    5.4608185960101065E-02        57,479,000     1,687,038,309        23h 8.262m
           27         id27         born      0.50000      0.50000            0    2.6930948792891729E-04    2.8052572707913140E-07    1.0416481396049981E-01         9,526,000     1,957,728,078       22h 39.384m
           28         id28         born      0.50000      0.50000            0    2.6136983521985450E-04    2.9126812069034503E-07    1.1143907270146197E-01        10,479,000     2,016,692,707       22h 34.607m
           29         id29         born      0.50000      0.50000            0    1.8152948022488646E-03    9.7855686504820693E-07    5.3906223046302396E-02        52,479,000     1,615,144,624        23h 1.177m
           30         id30         born      0.50000      0.50000            0    8.8911481524969783E-03    4.4846946171209155E-06    5.0439994252726966E-02        49,479,000     1,631,025,504       22h 59.298m
           31         id31         born      0.50000      0.50000            0    6.7767465153976796E-05    7.2909612573029731E-08    1.0758792941032883E-01        21,479,000     1,949,899,797       22h 53.596m
           32         id32         born      0.50000      0.50000            0    4.2012515000966642E-03    2.4195271508820458E-06    5.7590628669251916E-02        55,479,000     1,664,093,139        23h 8.912m
           33         id33         born      0.50000      0.50000            0    7.8161569834836221E-03    3.9800804647616517E-06    5.0921194049351727E-02        48,479,000     1,581,435,386         23h .445m
           34         id34         born      0.50000      0.50000            0    4.8215696712693970E-04    2.8108513994774758E-07    5.8297434054031830E-02        61,479,000     1,784,495,942       23h 41.924m
           35         id35         born      0.50000      0.50000            0    5.0638487291024650E-04    2.8872013738504606E-07    5.7015948309384008E-02        53,479,000     1,630,215,420       23h 20.237m
           36         id36         born      0.50000      0.50000            0    1.0080408371678120E-03    4.8606694833612581E-07    4.8218973915955407E-02        56,479,000     1,757,706,225        23h 8.757m
           37         id37         born      0.50000      0.50000            0    6.7191842284617038E-04    3.7258844969268858E-07    5.5451441279797939E-02        55,479,000     1,672,626,194        23h 2.810m
           38         id38         born      0.50000      0.50000            0    6.8856942827840643E-04    3.9530688313023415E-07    5.7409880092788745E-02        58,479,000     1,740,910,806        23h 2.042m
           39         id39         born      0.50000      0.50000            0    5.2520898490929268E-03    2.6838199917007231E-06    5.1100039580705914E-02        52,479,000     1,707,994,525        23h 7.893m
           40         id40         born      0.50000      0.50000            0    3.8545453269319399E-03    2.1045134466773885E-06    5.4598228018568798E-02        59,479,000     1,713,470,839       23h 20.444m
           41         id41         born      0.50000      0.50000            0    4.2244635087199941E-04    2.2344672789121447E-07    5.2893515929296891E-02        57,479,000     1,730,828,933       23h 23.921m
           42         id42         born      0.50000      0.50000            0    2.3825719931692192E-03    1.4513102646451788E-06    6.0913595425701850E-02        38,479,000     1,222,450,890       22h 39.884m
           43         id43         born      0.50000      0.50000            0    4.8187454467209478E-04    2.7737395857865094E-07    5.7561446572654697E-02        57,479,000     1,720,379,781       23h 19.934m
           44         id44         born      0.50000      0.50000            0    3.8402453121803553E-03    2.1902098444780696E-06    5.7033071234570326E-02        54,479,000     1,555,579,815        23h 9.477m
           45         id45         born      0.50000      0.50000            0    5.0652234913448697E-04    2.9896354268185269E-07    5.9022774255213517E-02        55,479,000     1,654,430,922       22h 58.242m
           46         id46         born      0.50000      0.50000            0    6.6327735823868486E-03    3.2777831492455552E-06    4.9417986435563249E-02        56,479,000     1,685,574,658         23h .165m
           47         id47         born      0.50000      0.50000            0    1.0084144897000199E-03    5.0537128896527906E-07    5.0115433100888444E-02        58,479,000     1,767,140,067        23h 9.000m
           48         id48         born      0.50000      0.50000            0    4.9657371468956836E-03    3.2625992536265321E-06    6.5702214134836692E-02        41,479,000     1,184,002,245       22h 37.686m
           49         id49         born      0.50000      0.50000            0    6.0508539348862395E-04    3.0894267281651193E-07    5.1057697994542697E-02        56,479,000     1,738,646,205        23h 6.183m
           50         id50         born      0.50000      0.50000            0    3.3236803287726791E-03    1.6631329975855587E-06    5.0038897639704615E-02        53,479,000     1,719,810,389       23h 23.487m
           51         id51         born      0.50000      0.50000            0    6.7158990920486959E-04    4.6181527277889284E-07    6.8764474636859876E-02        39,479,000     1,175,093,606       22h 36.639m
           52         id52         born      0.50000      0.50000            0    6.8750396105888613E-04    4.3940261163811272E-07    6.3912738911547445E-02        42,479,000     1,294,443,033         23h .750m
           53         id53         born      0.50000      0.50000            0    3.5532897841249231E-02    2.5738224119798159E-05    7.2434914356800120E-02        49,479,000     1,616,946,901       23h 20.841m
           54         id54         born      0.50000      0.50000            0    3.2847602642620116E-01    1.7719537321279902E-04    5.3944689705569593E-02        50,479,000     1,726,437,237       23h 14.034m
           55         id55         born      0.50000      0.50000            0    3.5544970759906508E-02    2.7225310015492167E-05    7.6593986247419768E-02        43,479,000     1,459,968,601        23h 1.086m
           56         id56         born      0.50000      0.50000            0    5.7749520924476890E-02    4.0495799847871188E-05    7.0123178858627053E-02        35,479,000     1,190,499,535        23h 5.124m
           57         id57         born      0.50000      0.50000            0    3.2817751469791218E-01    2.5558737825339453E-04    7.7880831807950968E-02        33,479,000     1,319,289,352        23h 9.793m
           58         id58         born      0.50000      0.50000            0    5.7718808156996766E-02    4.1056400806623494E-05    7.1131754306064221E-02        46,479,000     1,765,069,915        23h 3.558m
           59         id59         born      0.50000      0.50000            0    3.7747559337404347E-02    3.1140362952256788E-05    8.2496361351234601E-02        41,479,000     1,753,976,940       22h 59.669m
