# title = Rapidity Softer Jet
# xlabel = $y_{\text{j}_1}$
# ylabel = $\frac{\text{d}\sigma}{\text{d}y_{\text{j}_1}}\,[\text{fb}]$
# xmin= -4.500E+00
# xmax=  4.500E+00
# ymin=  1.000E-04
# ymax=  1.000E-01
# kmin=  0.000E+00
# kmax=  1.000E+02
# logscale = false
# Renormalization and factorization scale scaled by: 1.0000000000
# Renormalization scaled by: 1.0000000000
# Number of generated events: 317333280
#	#	#
#=====================================================================================	#=====================================================================================	#=====================================================================================
# No.       Left      Right                   Value                   Error Hits
#-------------------------------------------------------------------------------------	#-------------------------------------------------------------------------------------	#-------------------------------------------------------------------------------------
   1      -4.50      -4.25  4.576717170988018E-05  3.330823168483074E-07 474835	   1      -4.50      -4.25  4.232090228507726E-05  3.082607617738059E-07 474835	   1      -4.50      -4.25  4.959362004589735E-05  3.607029139545984E-07 474835
   2      -4.25      -4.00  7.511407417522827E-05  5.158144011894914E-07 529703	   2      -4.25      -4.00  6.990341954336523E-05  4.802301542231784E-07 529703	   2      -4.25      -4.00  8.081947913815621E-05  5.548743069506729E-07 529703
   3      -4.00      -3.75  1.106828984093032E-04  7.191033389544030E-07 572851	   3      -4.00      -3.75  1.035169288157886E-04  6.712109028997264E-07 572851	   3      -4.00      -3.75  1.184433164320969E-04  7.714736489008252E-07 572851
   4      -3.75      -3.50  1.468053207118329E-04  9.276943010840643E-07 602966	   4      -3.75      -3.50  1.379507558151995E-04  8.712949089059954E-07 602966	   4      -3.75      -3.50  1.562875282431456E-04  9.884988515490738E-07 602966
   5      -3.50      -3.25  1.842989025126123E-04  1.101396705522417E-06 623207	   5      -3.50      -3.25  1.739030531574007E-04  1.037016015933432E-06 623207	   5      -3.50      -3.25  1.953112336440365E-04  1.170735705220852E-06 623207
   6      -3.25      -3.00  2.111577384908731E-04  1.228402292848137E-06 628999	   6      -3.25      -3.00  1.999417951739316E-04  1.162041093472873E-06 628999	   6      -3.25      -3.00  2.229223654621768E-04  1.299025170012090E-06 628999
   7      -3.00      -2.75  2.217889376703741E-04  1.303046381081077E-06 624705	   7      -3.00      -2.75  2.106628148002363E-04  1.239110123825955E-06 624705	   7      -3.00      -2.75  2.333541193985284E-04  1.369649143069579E-06 624705
   8      -2.75      -2.50  2.144319645066847E-04  1.209253911835001E-06 608963	   8      -2.75      -2.50  2.040913472120912E-04  1.150621219073125E-06 608963	   8      -2.75      -2.50  2.251177046382309E-04  1.270393258289570E-06 608963
   9      -2.50      -2.25  1.930764184759827E-04  1.111770354014956E-06 578003	   9      -2.50      -2.25  1.841390058814275E-04  1.062995488659454E-06 578003	   9      -2.50      -2.25  2.022527221998767E-04  1.161695145567951E-06 578003
  10      -2.25      -2.00  1.606636860305428E-04  9.740220807046329E-07 538906	  10      -2.25      -2.00  1.533574106763079E-04  9.323673088814542E-07 538906	  10      -2.25      -2.00  1.681549766773544E-04  1.016489259434317E-06 538906
  11      -2.00      -1.75  1.261305708797869E-04  8.022044370638613E-07 490806	  11      -2.00      -1.75  1.204255021840318E-04  7.696090705117562E-07 490806	  11      -2.00      -1.75  1.319885830274753E-04  8.351382166262252E-07 490806
  12      -1.75      -1.50  9.055334179554799E-05  6.440035267028151E-07 434577	  12      -1.75      -1.50  8.638978523792106E-05  6.189321081103782E-07 434577	  12      -1.75      -1.50  9.484987601310277E-05  6.690374836048765E-07 434577
  13      -1.50      -1.25  6.265182522319511E-05  4.762245874915779E-07 376429	  13      -1.50      -1.25  5.966042225658874E-05  4.561647048224500E-07 376429	  13      -1.50      -1.25  6.576952692824046E-05  4.967123552300840E-07 376429
  14      -1.25      -1.00  3.820884438061809E-05  3.260104791305148E-07 318255	  14      -1.25      -1.00  3.627872715162608E-05  3.143539941418370E-07 318255	  14      -1.25      -1.00  4.024887944788093E-05  3.374349743506116E-07 318255
  15      -1.00      -0.75  2.341091981145892E-05  2.059515690691738E-07 264071	  15      -1.00      -0.75  2.211902570254432E-05  1.968690266564340E-07 264071	  15      -1.00      -0.75  2.480148240748950E-05  2.152987881327395E-07 264071
  16      -0.75      -0.50  1.503395658318408E-05  1.476423556023776E-07 221686	  16      -0.75      -0.50  1.412169267628853E-05  1.404835157812092E-07 221686	  16      -0.75      -0.50  1.603258970309100E-05  1.551270438727275E-07 221686
  17      -0.50      -0.25  1.435242636195778E-05  1.535495911895621E-07 194901	  17      -0.50      -0.25  1.344569866739510E-05  1.450188692660090E-07 194901	  17      -0.50      -0.25  1.534594912703131E-05  1.626422150502798E-07 194901
  18      -0.25       0.00  2.159036931461908E-05  2.304812594879220E-07 186212	  18      -0.25       0.00  2.033355239271478E-05  2.190039003807213E-07 186212	  18      -0.25       0.00  2.293871404833241E-05  2.424178353962817E-07 186212
  19       0.00       0.25  3.845023624500563E-05  3.775021769661400E-07 196571	  19       0.00       0.25  3.641392614984045E-05  3.601039112471438E-07 196571	  19       0.00       0.25  4.058730519537511E-05  3.952826309388766E-07 196571
  20       0.25       0.50  6.314730746040735E-05  5.329648911553422E-07 225023	  20       0.25       0.50  6.003259822092716E-05  5.101445832809994E-07 225023	  20       0.25       0.50  6.636416093832944E-05  5.559430739353489E-07 225023
  21       0.50       0.75  9.487514095063857E-05  6.954643907811594E-07 273001	  21       0.50       0.75  9.040799710581320E-05  6.656044399388272E-07 273001	  21       0.50       0.75  9.944011901697635E-05  7.256090707481184E-07 273001
  22       0.75       1.00  1.311173549815014E-04  8.816068045396966E-07 335077	  22       0.75       1.00  1.251481961015869E-04  8.449269285671329E-07 335077	  22       0.75       1.00  1.371661246074838E-04  9.184049497451496E-07 335077
  23       1.00       1.25  1.649618119349330E-04  9.973781119701421E-07 406221	  23       1.00       1.25  1.575808611405434E-04  9.556135589545613E-07 406221	  23       1.00       1.25  1.724061373462735E-04  1.039288500631479E-06 406221
  24       1.25       1.50  1.919504171610454E-04  1.130967263091398E-06 482637	  24       1.25       1.50  1.833716614188120E-04  1.081979680922455E-06 482637	  24       1.25       1.50  2.005919082344399E-04  1.180442638662229E-06 482637
  25       1.50       1.75  2.134884595021247E-04  1.193808201139079E-06 558762	  25       1.50       1.75  2.037697307638151E-04  1.139834657154618E-06 558762	  25       1.50       1.75  2.233161086208329E-04  1.248940043812436E-06 558762
  26       1.75       2.00  2.214865545143202E-04  1.193764036656904E-06 627460	  26       1.75       2.00  2.110889058878233E-04  1.139352105132549E-06 627460	  26       1.75       2.00  2.320642198223716E-04  1.249201522237404E-06 627460
  27       2.00       2.25  2.142377835362417E-04  1.209660573572916E-06 684558	  27       2.00       2.25  2.036883858036419E-04  1.148118707144533E-06 684558	  27       2.00       2.25  2.250820377365249E-04  1.273875023120784E-06 684558
  28       2.25       2.50  1.974098517972542E-04  1.053668564970860E-06 726424	  28       2.25       2.50  1.871018782012800E-04  9.979435889446316E-07 726424	  28       2.25       2.50  2.081398382761280E-04  1.112395891810386E-06 726424
  29       2.50       2.75  1.737863195309201E-04  9.945784048987390E-07 754825	  29       2.50       2.75  1.640041026722287E-04  9.378182531703595E-07 754825	  29       2.50       2.75  1.841408307508324E-04  1.055541879036661E-06 754825
  30       2.75       3.00  1.436198076035003E-04  8.233444725218867E-07 759412	  30       2.75       3.00  1.348644387978547E-04  7.715923954274127E-07 759412	  30       2.75       3.00  1.530460063282602E-04  8.800767990110797E-07 759412
  31       3.00       3.25  1.108310758268019E-04  6.780354809412453E-07 741884	  31       3.00       3.25  1.034771909494432E-04  6.328692348746260E-07 741884	  31       3.00       3.25  1.188891299731498E-04  7.279118012894158E-07 741884
  32       3.25       3.50  8.188828765442922E-05  5.485351877969861E-07 702612	  32       3.25       3.50  7.590659343153479E-05  5.080079813535708E-07 702612	  32       3.25       3.50  8.857760002290813E-05  5.944134026931860E-07 702612
  33       3.50       3.75  5.514477712683628E-05  3.976669199019116E-07 650910	  33       3.50       3.75  5.072317811953683E-05  3.664376170118428E-07 650910	  33       3.50       3.75  6.019000336904580E-05  4.333539427462764E-07 650910
  34       3.75       4.00  3.507466614105823E-05  2.804876489066655E-07 580764	  34       3.75       4.00  3.193345452432305E-05  2.561217998498770E-07 580764	  34       3.75       4.00  3.874788671524879E-05  3.089201307771444E-07 580764
  35       4.00       4.25  2.070958428979251E-05  1.891640515080400E-07 500048	  35       4.00       4.25  1.866773266888231E-05  1.711219464592568E-07 500048	  35       4.00       4.25  2.315379316173458E-05  2.107046140785666E-07 500048
  36       4.25       4.50  1.150759187215482E-05  1.154644226631996E-07 410090	  36       4.25       4.50  1.023807521451203E-05  1.026701377989609E-07 410090	  36       4.25       4.50  1.307004167752887E-05  1.311222219696889E-07 410090
# Underflow:                 2.0788590066900226E-05  1.8888911691890657E-07 331249
# Overflow:                  5.1801332321661167E-06  6.2116227225034791E-08 261397
#-------------------------------------------------------------------------------------	#-------------------------------------------------------------------------------------	#-------------------------------------------------------------------------------------
# Sum:                       1.0363437796179285E-03  1.2117199835366620E-06 18479000
#=====================================================================================	#=====================================================================================	#=====================================================================================
