# title = Total Transverse Energy without Gluon
# xlabel = $H_{\text{T},\text{no g}}\,$[GeV]
# ylabel = $\frac{\text{d}\sigma}{\text{d}H_{\text{T},\text{no g}}}\,\left[\frac{\text{fb}}{\text{GeV}}\right]$
# xmin=  0.000E+00
# xmax=  2.000E+03
# ymin=  1.000E-06
# ymax=  1.000E-03
# kmin=  0.000E+00
# kmax=  1.000E+02
# logscale = true
# Renormalization and factorization scale scaled by: .5000000000
# Renormalization scaled by: .5000000000
# Number of generated events: 81115
#
#=====================================================================================
# No.       Left      Right                   Value                   Error Hits
#-------------------------------------------------------------------------------------
   1      10.00      70.00  0.000000000000000E+00  0.000000000000000E+00 0
   2      70.00     130.00  0.000000000000000E+00  0.000000000000000E+00 0
   3     130.00     190.00  0.000000000000000E+00  0.000000000000000E+00 0
   4     190.00     250.00  1.319326462655619E-24  1.274881575494384E-24 3
   5     250.00     310.00  2.239076834240532E-23  1.943702781382073E-23 9
   6     310.00     370.00 -9.892001686562437E-25  1.345932681496639E-23 27
   7     370.00     430.00  5.220923897040204E-24  2.697424511975198E-23 34
   8     430.00     490.00 -3.531910599429128E-23  3.813179736573742E-23 41
   9     490.00     550.00  3.262726727128428E-24  1.339682474247180E-23 39
  10     550.00     610.00 -1.097723399347003E-23  1.760353673456696E-23 29
  11     610.00     670.00 -1.086808348275072E-22  1.074952086458898E-22 39
  12     670.00     730.00  1.244885133839746E-23  2.155349458697821E-23 36
  13     730.00     790.00 -4.933959846533543E-23  3.305795519441264E-23 33
  14     790.00     850.00  1.356523276068279E-23  2.448669040082301E-23 33
  15     850.00     910.00 -4.556363163958558E-24  8.600366073507377E-24 42
  16     910.00     970.00  6.744380667844466E-24  6.151777107628738E-24 37
  17     970.00    1030.00 -7.097207874579244E-24  8.351362592421367E-24 26
  18    1030.00    1090.00  7.073227352808737E-24  5.699303352068236E-24 21
  19    1090.00    1150.00 -1.357075232489305E-23  1.567128972565835E-23 32
  20    1150.00    1210.00  9.214207413040533E-25  2.059872494870680E-24 28
  21    1210.00    1270.00 -2.253409177333186E-24  2.059498261245792E-24 19
  22    1270.00    1330.00 -2.344234789098977E-25  4.407090661239358E-25 10
  23    1330.00    1390.00  4.736360481870840E-25  6.211429222433773E-25 33
  24    1390.00    1450.00  8.644095453922717E-25  1.152747869417578E-24 24
  25    1450.00    1510.00 -1.148410406694550E-25  3.389307202153613E-25 13
  26    1510.00    1570.00 -1.263542675336437E-24  1.238596739435480E-24 19
  27    1570.00    1630.00 -7.089939631623241E-25  6.079688423173399E-25 8
  28    1630.00    1690.00 -2.318796474686294E-24  2.283778638794909E-24 16
  29    1690.00    1750.00 -7.490209873807027E-26  1.697304885312148E-25 12
  30    1750.00    1810.00 -2.535194947969062E-24  1.459685710390730E-24 18
  31    1810.00    1870.00 -6.910878545197035E-26  1.278844707180584E-25 12
  32    1870.00    1930.00 -7.262499767543028E-26  2.941598630955296E-25 16
  33    1930.00    1990.00  2.310264663818724E-27  7.916803776212148E-27 8
  34    1990.00    2050.00 -2.638327151760417E-25  2.649139658362239E-25 14
  35    2050.00    2110.00 -1.357257883153043E-25  1.036163256894958E-25 15
  36    2110.00    2170.00 -9.394685876164350E-26  5.773322940935324E-26 8
  37    2170.00    2230.00 -2.319124602296969E-26  2.170130849950102E-26 12
  38    2230.00    2290.00  2.524538336887980E-26  2.924957347705979E-26 8
  39    2290.00    2350.00 -9.773942838740068E-26  8.760250021075331E-26 8
  40    2350.00    2410.00 -3.775864168961356E-27  3.800625612261925E-27 7
  41    2410.00    2470.00  6.999182095111655E-27  4.670387826568854E-27 13
  42    2470.00    2530.00  7.966136266018569E-27  4.760929318679888E-27 7
  43    2530.00    2590.00 -4.553309638764834E-28  4.761815271034515E-27 9
  44    2590.00    2650.00 -1.921418781090825E-27  1.504101169722469E-27 6
  45    2650.00    2710.00 -2.153669267352633E-27  1.403524810403415E-27 9
  46    2710.00    2770.00 -1.727187138531152E-26  2.437977449749430E-26 14
  47    2770.00    2830.00  4.612397496681034E-27  5.558492103103287E-27 4
  48    2830.00    2890.00 -7.375405527734536E-27  5.390923023742311E-27 5
  49    2890.00    2950.00  8.915941168341282E-28  1.244185165248218E-27 5
  50    2950.00    3010.00 -2.304561720501967E-27  2.493961123837674E-27 5
  51    3010.00    3070.00 -6.654558800296932E-29  1.242479664823949E-28 3
  52    3070.00    3130.00  2.169912342317581E-30  1.617703515671524E-30 3
  53    3130.00    3190.00 -3.463028147376207E-28  6.922105970901851E-28 3
  54    3190.00    3250.00 -1.038427349025349E-27  2.410031595020545E-27 8
  55    3250.00    3310.00 -4.908751429316059E-26  4.910809929491034E-26 6
  56    3310.00    3370.00  1.162394359775110E-27  1.461462057918991E-27 5
  57    3370.00    3430.00 -1.057882240657076E-28  1.195321401412989E-28 3
  58    3430.00    3490.00 -4.343302125077575E-25  4.401334930356772E-25 7
  59    3490.00    3550.00  8.939583625869981E-28  8.887852266657392E-28 5
  60    3550.00    3610.00 -2.007221354931941E-28  1.999417671376056E-28 3
  61    3610.00    3670.00 -3.648515512570767E-29  3.708215601390623E-29 2
  62    3670.00    3730.00 -2.534611893315303E-29  2.442875931424042E-29 5
  63    3730.00    3790.00 -4.997359002551875E-27  3.325291891860276E-27 6
  64    3790.00    3850.00 -4.270147328996297E-31  5.132563732446136E-31 2
  65    3850.00    3910.00  5.404908785573410E-28  5.405657788214304E-28 3
  66    3910.00    3970.00  0.000000000000000E+00  0.000000000000000E+00 0
  67    3970.00    4030.00 -8.187968232668696E-32  8.187917761156221E-32 1
  68    4030.00    4090.00  9.941706132565863E-29  9.940354979152871E-29 2
  69    4090.00    4150.00  0.000000000000000E+00  0.000000000000000E+00 0
  70    4150.00    4210.00  3.063519813662359E-29  3.051314432642596E-29 2
  71    4210.00    4270.00 -1.784648779180086E-26  1.785190362342299E-26 2
  72    4270.00    4330.00  2.577894332478709E-27  2.578069526118834E-27 2
  73    4330.00    4390.00 -3.440953542968975E-28  2.478882691812961E-28 4
  74    4390.00    4450.00  7.727535325634215E-30  7.734103053575550E-30 2
  75    4450.00    4510.00 -2.580114207495631E-28  2.920583655712372E-28 3
  76    4510.00    4570.00  2.118888612158292E-29  2.228124123802126E-29 3
  77    4570.00    4630.00  0.000000000000000E+00  0.000000000000000E+00 0
  78    4630.00    4690.00 -8.924374646617977E-29  8.911041390537352E-29 3
  79    4690.00    4750.00  1.056394903774901E-29  1.068200718715560E-29 3
  80    4750.00    4810.00  1.230054324050190E-28  1.118940689705829E-28 4
  81    4810.00    4870.00  1.828453216288557E-32  1.828441945507249E-32 1
  82    4870.00    4930.00  2.027615020352277E-32  2.027602521916294E-32 1
  83    4930.00    4990.00  1.523814073079404E-28  1.523804680126377E-28 1
  84    4990.00    5050.00 -1.332800737109433E-31  1.332792521583051E-31 1
  85    5050.00    5110.00 -2.893319923665552E-30  2.687052018535798E-30 3
  86    5110.00    5170.00 -1.184883885575018E-29  1.236597539867524E-29 3
  87    5170.00    5230.00  0.000000000000000E+00  0.000000000000000E+00 0
  88    5230.00    5290.00 -3.089372130797016E-30  3.093370893613778E-30 2
  89    5290.00    5350.00  0.000000000000000E+00  0.000000000000000E+00 0
  90    5350.00    5410.00  7.553831132716358E-33  7.553784570092834E-33 1
  91    5410.00    5470.00 -7.774726553908152E-32  7.774678629661612E-32 1
  92    5470.00    5530.00 -2.094105880277916E-29  2.094092971985156E-29 1
  93    5530.00    5590.00  0.000000000000000E+00  0.000000000000000E+00 0
  94    5590.00    5650.00  3.034181127837600E-30  3.034162424820406E-30 1
  95    5650.00    5710.00 -1.059017729053869E-27  1.063616379083501E-27 4
  96    5710.00    5770.00  0.000000000000000E+00  0.000000000000000E+00 0
  97    5770.00    5830.00 -5.378986431552423E-31  5.378953274904393E-31 1
  98    5830.00    5890.00  0.000000000000000E+00  0.000000000000000E+00 0
  99    5890.00    5950.00  0.000000000000000E+00  0.000000000000000E+00 0
 100    5950.00    6010.00  0.000000000000000E+00  0.000000000000000E+00 0
 101    6010.00    6070.00  0.000000000000000E+00  0.000000000000000E+00 0
 102    6070.00    6130.00 -1.145816622729675E-28  1.145809559793386E-28 1
 103    6130.00    6190.00  1.397887599914306E-33  1.344884422831559E-33 3
 104    6190.00    6250.00 -3.348161361851347E-32  3.348140723426388E-32 1
 105    6250.00    6310.00 -1.212338306941296E-28  1.212330833958226E-28 1
 106    6310.00    6370.00 -4.305576754568646E-29  4.305512376684303E-29 2
 107    6370.00    6430.00 -1.151483939363728E-31  1.151476841493493E-31 1
 108    6430.00    6490.00  5.082742901383192E-33  5.082711570811985E-33 1
 109    6490.00    6550.00 -2.830722071535909E-34  2.830704622662113E-34 1
 110    6550.00    6610.00  0.000000000000000E+00  0.000000000000000E+00 0
 111    6610.00    6670.00  0.000000000000000E+00  0.000000000000000E+00 0
 112    6670.00    6730.00  0.000000000000000E+00  0.000000000000000E+00 0
 113    6730.00    6790.00  0.000000000000000E+00  0.000000000000000E+00 0
 114    6790.00    6850.00 -1.542740391608242E-30  1.542730881991362E-30 1
 115    6850.00    6910.00  0.000000000000000E+00  0.000000000000000E+00 0
 116    6910.00    6970.00 -1.783245266596879E-32  1.783234274482210E-32 1
 117    6970.00    7030.00  0.000000000000000E+00  0.000000000000000E+00 0
 118    7030.00    7090.00  0.000000000000000E+00  0.000000000000000E+00 0
 119    7090.00    7150.00  0.000000000000000E+00  0.000000000000000E+00 0
 120    7150.00    7210.00  0.000000000000000E+00  0.000000000000000E+00 0
 121    7210.00    7270.00  0.000000000000000E+00  0.000000000000000E+00 0
 122    7270.00    7330.00 -7.630123762982216E-31  7.498929678014008E-31 2
 123    7330.00    7390.00  9.818346138090221E-33  9.818285616753853E-33 1
 124    7390.00    7450.00  0.000000000000000E+00  0.000000000000000E+00 0
 125    7450.00    7510.00  0.000000000000000E+00  0.000000000000000E+00 0
 126    7510.00    7570.00  4.342041464688625E-30  4.342014699880346E-30 1
 127    7570.00    7630.00  0.000000000000000E+00  0.000000000000000E+00 0
 128    7630.00    7690.00  0.000000000000000E+00  0.000000000000000E+00 0
 129    7690.00    7750.00  0.000000000000000E+00  0.000000000000000E+00 0
 130    7750.00    7810.00  0.000000000000000E+00  0.000000000000000E+00 0
 131    7810.00    7870.00  0.000000000000000E+00  0.000000000000000E+00 0
 132    7870.00    7930.00  0.000000000000000E+00  0.000000000000000E+00 0
 133    7930.00    7990.00  0.000000000000000E+00  0.000000000000000E+00 0
 134    7990.00    8050.00  0.000000000000000E+00  0.000000000000000E+00 0
 135    8050.00    8110.00  0.000000000000000E+00  0.000000000000000E+00 0
 136    8110.00    8170.00 -2.982571155443913E-33  2.982552770556112E-33 1
 137    8170.00    8230.00  0.000000000000000E+00  0.000000000000000E+00 0
 138    8230.00    8290.00  0.000000000000000E+00  0.000000000000000E+00 0
 139    8290.00    8350.00  0.000000000000000E+00  0.000000000000000E+00 0
 140    8350.00    8410.00  0.000000000000000E+00  0.000000000000000E+00 0
 141    8410.00    8470.00  0.000000000000000E+00  0.000000000000000E+00 0
 142    8470.00    8530.00  0.000000000000000E+00  0.000000000000000E+00 0
 143    8530.00    8590.00  0.000000000000000E+00  0.000000000000000E+00 0
 144    8590.00    8650.00  0.000000000000000E+00  0.000000000000000E+00 0
 145    8650.00    8710.00  0.000000000000000E+00  0.000000000000000E+00 0
 146    8710.00    8770.00  0.000000000000000E+00  0.000000000000000E+00 0
 147    8770.00    8830.00  0.000000000000000E+00  0.000000000000000E+00 0
 148    8830.00    8890.00  0.000000000000000E+00  0.000000000000000E+00 0
 149    8890.00    8950.00  0.000000000000000E+00  0.000000000000000E+00 0
 150    8950.00    9010.00  0.000000000000000E+00  0.000000000000000E+00 0
 151    9010.00    9070.00  0.000000000000000E+00  0.000000000000000E+00 0
 152    9070.00    9130.00  0.000000000000000E+00  0.000000000000000E+00 0
 153    9130.00    9190.00 -1.483387869954175E-31  1.483378726192591E-31 1
 154    9190.00    9250.00  0.000000000000000E+00  0.000000000000000E+00 0
 155    9250.00    9310.00  0.000000000000000E+00  0.000000000000000E+00 0
 156    9310.00    9370.00  0.000000000000000E+00  0.000000000000000E+00 0
 157    9370.00    9430.00  0.000000000000000E+00  0.000000000000000E+00 0
 158    9430.00    9490.00  0.000000000000000E+00  0.000000000000000E+00 0
 159    9490.00    9550.00  0.000000000000000E+00  0.000000000000000E+00 0
 160    9550.00    9610.00  0.000000000000000E+00  0.000000000000000E+00 0
 161    9610.00    9670.00  0.000000000000000E+00  0.000000000000000E+00 0
 162    9670.00    9730.00  0.000000000000000E+00  0.000000000000000E+00 0
 163    9730.00    9790.00  0.000000000000000E+00  0.000000000000000E+00 0
 164    9790.00    9850.00  0.000000000000000E+00  0.000000000000000E+00 0
 165    9850.00    9910.00  0.000000000000000E+00  0.000000000000000E+00 0
 166    9910.00    9970.00  0.000000000000000E+00  0.000000000000000E+00 0
 167    9970.00   10030.00  0.000000000000000E+00  0.000000000000000E+00 0
 168   10030.00   10090.00  0.000000000000000E+00  0.000000000000000E+00 0
 169   10090.00   10150.00  0.000000000000000E+00  0.000000000000000E+00 0
 170   10150.00   10210.00  0.000000000000000E+00  0.000000000000000E+00 0
 171   10210.00   10270.00  0.000000000000000E+00  0.000000000000000E+00 0
 172   10270.00   10330.00  0.000000000000000E+00  0.000000000000000E+00 0
 173   10330.00   10390.00  0.000000000000000E+00  0.000000000000000E+00 0
 174   10390.00   10450.00  0.000000000000000E+00  0.000000000000000E+00 0
 175   10450.00   10510.00  0.000000000000000E+00  0.000000000000000E+00 0
 176   10510.00   10570.00  0.000000000000000E+00  0.000000000000000E+00 0
 177   10570.00   10630.00  0.000000000000000E+00  0.000000000000000E+00 0
 178   10630.00   10690.00  0.000000000000000E+00  0.000000000000000E+00 0
 179   10690.00   10750.00  0.000000000000000E+00  0.000000000000000E+00 0
 180   10750.00   10810.00  0.000000000000000E+00  0.000000000000000E+00 0
 181   10810.00   10870.00  0.000000000000000E+00  0.000000000000000E+00 0
 182   10870.00   10930.00  0.000000000000000E+00  0.000000000000000E+00 0
 183   10930.00   10990.00  0.000000000000000E+00  0.000000000000000E+00 0
 184   10990.00   11050.00  0.000000000000000E+00  0.000000000000000E+00 0
 185   11050.00   11110.00  0.000000000000000E+00  0.000000000000000E+00 0
 186   11110.00   11170.00  0.000000000000000E+00  0.000000000000000E+00 0
 187   11170.00   11230.00  0.000000000000000E+00  0.000000000000000E+00 0
 188   11230.00   11290.00  0.000000000000000E+00  0.000000000000000E+00 0
 189   11290.00   11350.00  0.000000000000000E+00  0.000000000000000E+00 0
 190   11350.00   11410.00  0.000000000000000E+00  0.000000000000000E+00 0
 191   11410.00   11470.00  0.000000000000000E+00  0.000000000000000E+00 0
 192   11470.00   11530.00  0.000000000000000E+00  0.000000000000000E+00 0
 193   11530.00   11590.00  0.000000000000000E+00  0.000000000000000E+00 0
 194   11590.00   11650.00  0.000000000000000E+00  0.000000000000000E+00 0
 195   11650.00   11710.00  0.000000000000000E+00  0.000000000000000E+00 0
 196   11710.00   11770.00  0.000000000000000E+00  0.000000000000000E+00 0
 197   11770.00   11830.00  0.000000000000000E+00  0.000000000000000E+00 0
 198   11830.00   11890.00  0.000000000000000E+00  0.000000000000000E+00 0
 199   11890.00   11950.00  0.000000000000000E+00  0.000000000000000E+00 0
 200   11950.00   12010.00  0.000000000000000E+00  0.000000000000000E+00 0
 201   12010.00   12070.00  0.000000000000000E+00  0.000000000000000E+00 0
 202   12070.00   12130.00  0.000000000000000E+00  0.000000000000000E+00 0
 203   12130.00   12190.00  0.000000000000000E+00  0.000000000000000E+00 0
 204   12190.00   12250.00  0.000000000000000E+00  0.000000000000000E+00 0
 205   12250.00   12310.00  0.000000000000000E+00  0.000000000000000E+00 0
 206   12310.00   12370.00  0.000000000000000E+00  0.000000000000000E+00 0
 207   12370.00   12430.00  0.000000000000000E+00  0.000000000000000E+00 0
 208   12430.00   12490.00  0.000000000000000E+00  0.000000000000000E+00 0
 209   12490.00   12550.00  0.000000000000000E+00  0.000000000000000E+00 0
 210   12550.00   12610.00  0.000000000000000E+00  0.000000000000000E+00 0
 211   12610.00   12670.00  0.000000000000000E+00  0.000000000000000E+00 0
 212   12670.00   12730.00  0.000000000000000E+00  0.000000000000000E+00 0
 213   12730.00   12790.00  0.000000000000000E+00  0.000000000000000E+00 0
 214   12790.00   12850.00  0.000000000000000E+00  0.000000000000000E+00 0
 215   12850.00   12910.00  0.000000000000000E+00  0.000000000000000E+00 0
 216   12910.00   12970.00  0.000000000000000E+00  0.000000000000000E+00 0
 217   12970.00   13030.00  0.000000000000000E+00  0.000000000000000E+00 0
# Underflow:                 0.0000000000000000E+00  0.0000000000000000E+00 0
# Overflow:                  0.0000000000000000E+00  0.0000000000000000E+00 0
#-------------------------------------------------------------------------------------
# Sum:                      -1.0019845415281056E-20  7.9199062522897525E-21 1001
#=====================================================================================
