# title = Missing Transverse Momentum
# xlabel = $p_{\text{T},\text{miss}}\,$[GeV]
# ylabel = $\frac{\text{d}\sigma}{\text{d}p_{\text{T},\text{miss}}}\,\left[\frac{\text{fb}}{\text{GeV}}\right]$
# xmin=  0.000E+00
# xmax=  8.000E+02
# ymin=  1.000E-06
# ymax=  1.000E-02
# kmin= -5.000E+01
# kmax=  1.000E+01
# logscale = true
# Renormalization and factorization scale scaled by: .5000000000
# Renormalization scaled by: .5000000000
# Number of generated events: 1019943521
#
#=====================================================================================
# No.       Left      Right                   Value                   Error Hits
#-------------------------------------------------------------------------------------
   1      10.00      30.00  4.990598319601436E-06  4.017468396958243E-09 17048701
   2      30.00      50.00  4.473806665705773E-06  3.572260753728482E-09 18781329
   3      50.00      70.00  2.622025034934808E-06  2.530708149380262E-09 11342812
   4      70.00      90.00  1.391055348208990E-06  1.762965570777901E-09 7083236
   5      90.00     110.00  7.584200152782939E-07  1.224196910468634E-09 4811936
   6     110.00     130.00  4.558945630095039E-07  9.061740630039369E-10 3570225
   7     130.00     150.00  2.910954607675272E-07  6.640049054154950E-10 2764983
   8     150.00     170.00  1.905775001163970E-07  5.031285544315542E-10 2197228
   9     170.00     190.00  1.288872604609588E-07  3.879721585663492E-10 1781520
  10     190.00     210.00  8.906911958998588E-08  3.083747582095944E-10 1469460
  11     210.00     230.00  6.209364092232497E-08  2.325060332077164E-10 1229324
  12     230.00     250.00  4.408883388214951E-08  1.861985145584534E-10 1038759
  13     250.00     270.00  3.165858544981234E-08  1.477038126362241E-10 885148
  14     270.00     290.00  2.314754984038356E-08  1.173243153003321E-10 763082
  15     290.00     310.00  1.686899110134495E-08  9.383124211733688E-11 661062
  16     310.00     330.00  1.258164804670148E-08  7.454506608262951E-11 577230
  17     330.00     350.00  9.424640207059076E-09  6.169809867862206E-11 506476
  18     350.00     370.00  7.143134054872342E-09  5.166799482248645E-11 447927
  19     370.00     390.00  5.454615332286842E-09  4.564326757928593E-11 397634
  20     390.00     410.00  4.111092829198545E-09  3.332396434721716E-11 353149
  21     410.00     430.00  3.210491864946534E-09  2.758832359880395E-11 317012
  22     430.00     450.00  2.463464646527892E-09  2.235147588470875E-11 284748
  23     450.00     470.00  1.960070407392580E-09  2.592905162766469E-11 255227
  24     470.00     490.00  1.548117234291883E-09  1.629615557865778E-11 231127
  25     490.00     510.00  1.214841839470289E-09  1.281262186704496E-11 210477
  26     510.00     530.00  9.722982034764138E-10  1.099971683839360E-11 190003
  27     530.00     550.00  7.681293799154886E-10  9.488201165888079E-12 173814
  28     550.00     570.00  6.130570182356927E-10  7.639113055062609E-12 158101
  29     570.00     590.00  4.949655553483866E-10  6.383823365230020E-12 144859
  30     590.00     610.00  4.002816069489397E-10  5.797868091684881E-12 132732
  31     610.00     630.00  3.295518291588925E-10  4.933444626132836E-12 121918
  32     630.00     650.00  2.723424583065136E-10  4.360222426809221E-12 111896
  33     650.00     670.00  2.222417697301169E-10  3.460996208629771E-12 103300
  34     670.00     690.00  1.823131418652591E-10  3.163014739120853E-12 95046
  35     690.00     710.00  1.522121262756119E-10  2.572289803695456E-12 88029
  36     710.00     730.00  1.271618159764020E-10  2.338722557590281E-12 81776
  37     730.00     750.00  1.063192124207644E-10  1.971593827057672E-12 75457
  38     750.00     770.00  8.472302214107177E-11  1.468506936767325E-12 69904
  39     770.00     790.00  7.328236816735832E-11  1.607602949237204E-12 64669
  40     790.00     810.00  6.069676165056921E-11  1.200179947571063E-12 60394
  41     810.00     830.00  5.020209166458994E-11  1.025284514336928E-12 56157
  42     830.00     850.00  4.400414065169209E-11  9.574927902695142E-13 51910
  43     850.00     870.00  3.808406050267312E-11  1.223313618315167E-12 48973
  44     870.00     890.00  2.984879563055530E-11  7.841051865340266E-13 45544
  45     890.00     910.00  2.629967171051176E-11  6.233752231816798E-13 42010
  46     910.00     930.00  2.363885898652121E-11  7.809154256558041E-13 39812
  47     930.00     950.00  1.921343613946098E-11  4.660508314405382E-13 37332
  48     950.00     970.00  1.756793803744172E-11  5.767794170800167E-13 34749
  49     970.00     990.00  1.380062857071045E-11  3.592274167081081E-13 33037
  50     990.00    1010.00  1.306867386993857E-11  4.074741072197745E-13 30787
  51    1010.00    1030.00  1.074648927611673E-11  2.918688915793234E-13 28901
  52    1030.00    1050.00  9.243815312423337E-12  3.044102364611775E-13 27012
  53    1050.00    1070.00  8.574811327135991E-12  2.872384636538083E-13 25434
  54    1070.00    1090.00  6.859000174100792E-12  2.161908351797661E-13 24000
  55    1090.00    1110.00  6.422933197316855E-12  2.332107065423717E-13 22545
  56    1110.00    1130.00  5.093650047313428E-12  1.879084115376832E-13 21256
  57    1130.00    1150.00  4.773786788310121E-12  1.827046742793383E-13 20055
  58    1150.00    1170.00  4.031026976662367E-12  1.425910624792379E-13 18706
  59    1170.00    1190.00  3.681853729380111E-12  1.476706819001733E-13 17853
  60    1190.00    1210.00  2.959324985755181E-12  1.123738686295554E-13 17001
  61    1210.00    1230.00  2.845564040230649E-12  1.324851496686458E-13 15899
  62    1230.00    1250.00  2.308242097855254E-12  9.050855441793898E-14 15054
  63    1250.00    1270.00  2.094986936955086E-12  8.298386222805688E-14 14274
  64    1270.00    1290.00  1.918793148224596E-12  8.995976473072988E-14 13533
  65    1290.00    1310.00  1.535872917709393E-12  6.176961051338786E-14 12668
  66    1310.00    1330.00  1.338832843087636E-12  5.454764536818100E-14 12003
  67    1330.00    1350.00  1.365023107989015E-12  7.497701143022780E-14 11479
  68    1350.00    1370.00  1.048052750628140E-12  5.036367298988804E-14 10767
  69    1370.00    1390.00  1.040664322268272E-12  5.897985157780035E-14 10232
  70    1390.00    1410.00  8.045019788307341E-13  4.050030207927466E-14 9549
  71    1410.00    1430.00  8.174694581406591E-13  5.222957823186457E-14 9095
  72    1430.00    1450.00  6.565550288216589E-13  3.666622209680712E-14 8733
  73    1450.00    1470.00  6.100975212779600E-13  3.594156108056041E-14 8202
  74    1470.00    1490.00  5.595906496247927E-13  4.178105098048383E-14 7667
  75    1490.00    1510.00  4.538599079112016E-13  2.340823658259761E-14 7300
  76    1510.00    1530.00  4.246350177748679E-13  2.486008078160683E-14 6977
  77    1530.00    1550.00  4.212411831073900E-13  3.794390128326998E-14 6705
  78    1550.00    1570.00  3.577668639504084E-13  2.525608954272837E-14 6344
  79    1570.00    1590.00  3.229755848419765E-13  4.529485281353953E-14 6026
  80    1590.00    1610.00  2.831178388731026E-13  2.245555173215350E-14 5670
  81    1610.00    1630.00  2.323715027790005E-13  1.326300738213770E-14 5543
  82    1630.00    1650.00  2.155355556427679E-13  2.135345851450110E-14 5019
  83    1650.00    1670.00  2.013287247855239E-13  1.388875838564925E-14 4874
  84    1670.00    1690.00  1.751246111335935E-13  1.394557567200546E-14 4701
  85    1690.00    1710.00  1.382450727205827E-13  1.054573979220600E-14 4367
  86    1710.00    1730.00  1.424799358474103E-13  1.157977892861598E-14 4220
  87    1730.00    1750.00  1.197009400861809E-13  9.449541236266369E-15 4047
  88    1750.00    1770.00  1.000264471657248E-13  6.875762290069973E-15 3839
  89    1770.00    1790.00  9.460562670138811E-14  6.814392035264438E-15 3688
  90    1790.00    1810.00  9.934687650473287E-14  8.442337410024789E-15 3487
  91    1810.00    1830.00  8.017303674509766E-14  1.263249977233522E-14 3247
  92    1830.00    1850.00  7.851031706106814E-14  7.556538367557615E-15 3168
  93    1850.00    1870.00  7.627017484128110E-14  1.050031513559018E-14 2982
  94    1870.00    1890.00  5.518393079267617E-14  3.562516010191706E-15 2890
  95    1890.00    1910.00  7.329004080115704E-14  1.037202022471376E-14 2783
  96    1910.00    1930.00  4.407370651655623E-14  3.233830236322529E-15 2574
  97    1930.00    1950.00  5.019426177511087E-14  3.601564748511397E-15 2495
  98    1950.00    1970.00  4.097232366613292E-14  3.323090057837486E-15 2438
  99    1970.00    1990.00  4.193606401161312E-14  7.330962956213615E-15 2268
 100    1990.00    2010.00  3.380158479092476E-14  2.692638676026583E-15 2215
 101    2010.00    2030.00  3.308906608871324E-14  6.436451066363643E-15 2178
 102    2030.00    2050.00  2.201318704572402E-14  1.654063737909789E-15 1933
 103    2050.00    2070.00  2.394704156917661E-14  3.874076383595196E-15 1862
 104    2070.00    2090.00  2.665386739451360E-14  2.504961236070322E-15 1762
 105    2090.00    2110.00  2.234346765353465E-14  3.545182465129188E-15 1749
 106    2110.00    2130.00  2.004548769296675E-14  2.237272057499289E-15 1615
 107    2130.00    2150.00  1.586129785897757E-14  1.626252690778370E-15 1545
 108    2150.00    2170.00  2.288996392281619E-14  3.529375872593181E-15 1486
 109    2170.00    2190.00  1.239910788480970E-14  1.045344874510390E-15 1424
 110    2190.00    2210.00  1.804565808381269E-14  3.045859933104942E-15 1367
 111    2210.00    2230.00  1.200874294269472E-14  1.469020844810467E-15 1276
 112    2230.00    2250.00  1.411521523761934E-14  2.336085042648439E-15 1255
 113    2250.00    2270.00  1.079583280185230E-14  1.354670176972688E-15 1164
 114    2270.00    2290.00  9.212275007079227E-15  1.140190099262143E-15 1126
 115    2290.00    2310.00  1.020735761593772E-14  1.290398377208539E-15 1084
 116    2310.00    2330.00  9.714871565597761E-15  1.207884664242037E-15 1044
 117    2330.00    2350.00  1.187780294466146E-14  3.857171844433457E-15 957
 118    2350.00    2370.00  6.733946013017917E-15  8.104458066509678E-16 966
 119    2370.00    2390.00  6.754882568073096E-15  1.145495443552036E-15 892
 120    2390.00    2410.00  1.065901765340258E-14  3.203240718365564E-15 895
 121    2410.00    2430.00  4.360903961819152E-15  5.182904303120808E-16 782
 122    2430.00    2450.00  6.120933054314769E-15  1.024919329831095E-15 835
 123    2450.00    2470.00  5.055345797812719E-15  6.442463508074939E-16 768
 124    2470.00    2490.00  4.928006122538312E-15  1.013385384632506E-15 696
 125    2490.00    2510.00  4.477525464610621E-15  1.004667603215134E-15 654
 126    2510.00    2530.00  3.673236591414538E-15  6.541945791786306E-16 644
 127    2530.00    2550.00  3.497805187938355E-15  4.847269082722382E-16 628
 128    2550.00    2570.00  4.450959875735055E-15  1.185867738515202E-15 607
 129    2570.00    2590.00  3.031848697856727E-15  5.187325438390269E-16 574
 130    2590.00    2610.00  3.289735294715040E-15  1.163872937981545E-15 556
 131    2610.00    2630.00  3.011060585696428E-15  6.844270263153989E-16 559
 132    2630.00    2650.00  2.447507669772959E-15  3.830725654626724E-16 509
 133    2650.00    2670.00  1.372608478552313E-15  1.523978890440797E-16 516
 134    2670.00    2690.00  2.151458034775344E-15  4.386016189242745E-16 490
 135    2690.00    2710.00  1.848555860970959E-15  5.213612451992523E-16 395
 136    2710.00    2730.00  1.571708998421397E-15  2.321185417983827E-16 442
 137    2730.00    2750.00  1.944742263429623E-15  4.488332922862476E-16 428
 138    2750.00    2770.00  1.367676729590457E-15  2.938656462484812E-16 399
 139    2770.00    2790.00  8.879180848357778E-16  1.181384272406008E-16 377
 140    2790.00    2810.00  8.416796489579469E-16  1.314989482559335E-16 312
 141    2810.00    2830.00  1.375047471698794E-15  3.839801730715173E-16 318
 142    2830.00    2850.00  1.586085719654251E-15  5.645210179226433E-16 362
 143    2850.00    2870.00  1.010240304993125E-15  1.879450945253777E-16 307
 144    2870.00    2890.00  1.236626198905616E-15  3.942160183812739E-16 290
 145    2890.00    2910.00  4.907520579566721E-16  8.165989166219739E-17 257
 146    2910.00    2930.00  7.229206463809895E-16  1.743808781769543E-16 242
 147    2930.00    2950.00  4.889479518049022E-16  7.628509089867019E-17 275
 148    2950.00    2970.00  8.203308522570758E-16  2.474145000508332E-16 254
 149    2970.00    2990.00  8.248781557274063E-16  2.203605037858489E-16 249
 150    2990.00    3010.00  4.248915183125487E-16  7.511813440679847E-17 244
 151    3010.00    3030.00  4.089437572840053E-16  8.412603710090868E-17 207
 152    3030.00    3050.00  4.472656341570298E-16  1.510392328652276E-16 201
 153    3050.00    3070.00  6.126987086823967E-16  2.721023092881692E-16 196
 154    3070.00    3090.00  5.024169878385485E-16  1.661153636059910E-16 218
 155    3090.00    3110.00  3.626258399244194E-16  9.574089666506732E-17 181
 156    3110.00    3130.00  4.717627351705556E-16  1.523711038766627E-16 164
 157    3130.00    3150.00  4.645070913467630E-16  1.697664690748430E-16 163
 158    3150.00    3170.00  3.889800285820781E-16  1.590445698700076E-16 167
 159    3170.00    3190.00  3.354394133122070E-16  1.467609270663577E-16 131
 160    3190.00    3210.00  1.995333903530428E-16  8.951322885205613E-17 123
 161    3210.00    3230.00  3.815521200669564E-16  1.229610592862568E-16 131
 162    3230.00    3250.00  3.368958134169879E-16  1.192249323462620E-16 140
 163    3250.00    3270.00  2.085443593144929E-16  7.550313404182077E-17 113
 164    3270.00    3290.00  1.689632088997135E-16  4.893490000300515E-17 118
 165    3290.00    3310.00  4.780832070082667E-16  2.585364305171359E-16 119
 166    3310.00    3330.00  1.422492569590226E-16  6.386608590717882E-17 118
 167    3330.00    3350.00  1.170006533419249E-16  2.585135335355462E-17 100
 168    3350.00    3370.00  1.228995707807972E-16  4.911623101346896E-17 99
 169    3370.00    3390.00  6.168667464452148E-17  1.498819739386069E-17 100
 170    3390.00    3410.00  1.279797152435596E-16  3.905019475790252E-17 76
 171    3410.00    3430.00  8.650324389059951E-17  2.779028726926466E-17 79
 172    3430.00    3450.00  5.437744311536163E-17  1.798260822820469E-17 63
 173    3450.00    3470.00  3.968423544516443E-17  7.998514600142452E-18 87
 174    3470.00    3490.00  1.434886202677054E-16  7.694744368297726E-17 86
 175    3490.00    3510.00  6.006699817864764E-17  2.077013716757901E-17 64
 176    3510.00    3530.00  2.495680028436594E-16  1.411714235547461E-16 69
 177    3530.00    3550.00  4.151058131553566E-17  1.627875106904430E-17 68
 178    3550.00    3570.00  2.926671777469505E-17  9.061336462872076E-18 61
 179    3570.00    3590.00  7.385601034232544E-17  2.593328395127822E-17 58
 180    3590.00    3610.00  2.533538141344075E-17  5.448749140322274E-18 58
 181    3610.00    3630.00  3.497426286604424E-17  1.027117095249508E-17 51
 182    3630.00    3650.00  2.084138364005861E-17  5.538025997228776E-18 52
 183    3650.00    3670.00  3.475185532425724E-17  1.405948742839594E-17 59
 184    3670.00    3690.00  2.655648007276700E-17  8.317422320670146E-18 41
 185    3690.00    3710.00  3.567786999258366E-17  1.364447788616487E-17 37
 186    3710.00    3730.00  2.330678218445901E-17  9.586710452146155E-18 39
 187    3730.00    3750.00  1.322068193892690E-17  3.630844307648580E-18 44
 188    3750.00    3770.00  2.392250490745036E-17  8.417541423712262E-18 36
 189    3770.00    3790.00  1.084463381284399E-17  3.090618873826306E-18 36
 190    3790.00    3810.00  1.660485879519294E-17  8.821045898226297E-18 27
 191    3810.00    3830.00  9.758899948822933E-17  5.036398358489717E-17 37
 192    3830.00    3850.00  1.485405750505702E-17  5.570719709833916E-18 31
 193    3850.00    3870.00  1.878118768694995E-17  1.185340820760217E-17 29
 194    3870.00    3890.00  8.772335016398983E-18  4.430312361528082E-18 23
 195    3890.00    3910.00  1.637244709094749E-17  6.676557996852502E-18 25
 196    3910.00    3930.00  8.024222056963262E-18  4.957461962989780E-18 22
 197    3930.00    3950.00  8.192084349637933E-18  3.421424104075743E-18 19
 198    3950.00    3970.00  4.499158475402162E-18  1.814580430125806E-18 22
 199    3970.00    3990.00  1.910527580852157E-16  1.841634813394264E-16 19
 200    3990.00    4010.00  1.021146329667371E-17  5.567227628991641E-18 25
 201    4010.00    4030.00  2.275886856705860E-18  1.445255393279854E-18 17
 202    4030.00    4050.00  1.558640652354011E-18  7.714946209220613E-19 17
 203    4050.00    4070.00  1.081313660311622E-18  6.028666212667247E-19 11
 204    4070.00    4090.00  1.604733321969178E-18  7.368435332561565E-19 12
 205    4090.00    4110.00  6.201056266733138E-18  3.347475320148163E-18 15
 206    4110.00    4130.00  5.970609094219338E-18  2.649721915077588E-18 17
 207    4130.00    4150.00  1.534490890287273E-18  7.670867929398806E-19 17
 208    4150.00    4170.00  1.675176888823172E-17  1.083664049783280E-17 12
 209    4170.00    4190.00  1.846212849670832E-18  1.080717081554573E-18 14
 210    4190.00    4210.00  1.952646635792615E-19  7.847660887327442E-20 10
 211    4210.00    4230.00  6.320568643067883E-18  5.786236987846180E-18 17
 212    4230.00    4250.00  4.331799677583657E-19  2.898737955248645E-19 10
 213    4250.00    4270.00  3.585055706098989E-18  2.364541415850076E-18 8
 214    4270.00    4290.00  7.378005197384611E-19  3.825479911215418E-19 12
 215    4290.00    4310.00  8.030871627472241E-19  3.613107491606302E-19 13
 216    4310.00    4330.00  1.744128880685391E-19  8.415346815648508E-20 10
 217    4330.00    4350.00  1.863670675573399E-18  1.351883120624064E-18 8
 218    4350.00    4370.00  1.733906553442682E-19  1.570922793825567E-19 8
 219    4370.00    4390.00  4.012275407206388E-19  2.381012220418141E-19 10
 220    4390.00    4410.00  1.187086870829624E-19  9.762151039330265E-20 3
 221    4410.00    4430.00  9.987192236243113E-20  9.092723127466505E-20 5
 222    4430.00    4450.00  9.127533117041249E-19  8.553570522327569E-19 2
 223    4450.00    4470.00  1.428904373761247E-18  1.355130362635471E-18 2
 224    4470.00    4490.00  2.779663701358632E-20  2.526211260784467E-20 5
 225    4490.00    4510.00  1.091795021558563E-19  1.004073606786869E-19 2
 226    4510.00    4530.00  4.108839354134903E-19  2.524916628580565E-19 8
 227    4530.00    4550.00  3.790739333634456E-19  2.522293609349154E-19 7
 228    4550.00    4570.00  1.127434271334160E-19  1.126847305412357E-19 2
 229    4570.00    4590.00  3.348545649122561E-21  3.348545647481026E-21 1
 230    4590.00    4610.00  2.551261965382582E-19  1.465752690590924E-19 5
 231    4610.00    4630.00  0.000000000000000E+00  0.000000000000000E+00 0
 232    4630.00    4650.00  2.031523729512763E-19  1.931986041060814E-19 3
 233    4650.00    4670.00  0.000000000000000E+00  0.000000000000000E+00 0
 234    4670.00    4690.00  1.306837224670381E-21  1.181418830360964E-21 2
 235    4690.00    4710.00  8.631289277477772E-19  6.178708638024823E-19 3
 236    4710.00    4730.00  6.412604603587182E-19  6.185570529578136E-19 3
 237    4730.00    4750.00  2.249118845919522E-20  2.175984038925686E-20 2
 238    4750.00    4770.00  1.824384504806562E-21  1.824384503912206E-21 1
 239    4770.00    4790.00  4.831983787142097E-20  4.724725686782895E-20 2
 240    4790.00    4810.00  6.254810993459944E-21  5.045606041577363E-21 2
 241    4810.00    4830.00  5.623811514217663E-22  5.623811511460740E-22 1
 242    4830.00    4850.00  5.384115677332763E-21  5.325795289505971E-21 3
 243    4850.00    4870.00  0.000000000000000E+00  0.000000000000000E+00 0
 244    4870.00    4890.00  1.097134524094662E-20  1.001022389750013E-20 2
 245    4890.00    4910.00  1.700220842376445E-20  1.697479466457250E-20 2
 246    4910.00    4930.00  0.000000000000000E+00  0.000000000000000E+00 0
 247    4930.00    4950.00  0.000000000000000E+00  0.000000000000000E+00 0
 248    4950.00    4970.00  3.752500794065807E-23  3.752500792226245E-23 1
 249    4970.00    4990.00  4.508188089689721E-23  4.508188087479703E-23 1
 250    4990.00    5010.00  0.000000000000000E+00  0.000000000000000E+00 0
 251    5010.00    5030.00  0.000000000000000E+00  0.000000000000000E+00 0
 252    5030.00    5050.00  0.000000000000000E+00  0.000000000000000E+00 0
 253    5050.00    5070.00  0.000000000000000E+00  0.000000000000000E+00 0
 254    5070.00    5090.00  0.000000000000000E+00  0.000000000000000E+00 0
 255    5090.00    5110.00  1.808376839100634E-20  1.556551002684924E-20 3
 256    5110.00    5130.00  1.852359872980365E-19  1.852359872072295E-19 1
 257    5130.00    5150.00  2.553302158753194E-21  2.553302157501506E-21 1
 258    5150.00    5170.00  0.000000000000000E+00  0.000000000000000E+00 0
 259    5170.00    5190.00  0.000000000000000E+00  0.000000000000000E+00 0
 260    5190.00    5210.00  0.000000000000000E+00  0.000000000000000E+00 0
 261    5210.00    5230.00  0.000000000000000E+00  0.000000000000000E+00 0
 262    5230.00    5250.00  0.000000000000000E+00  0.000000000000000E+00 0
 263    5250.00    5270.00  5.501219006780780E-22  5.501219004083954E-22 1
 264    5270.00    5290.00  1.492520873611702E-22  1.492520872880033E-22 1
 265    5290.00    5310.00  1.225052092684183E-25  1.225052092083634E-25 1
 266    5310.00    5330.00  0.000000000000000E+00  0.000000000000000E+00 0
 267    5330.00    5350.00  0.000000000000000E+00  0.000000000000000E+00 0
 268    5350.00    5370.00  1.625223230735951E-22  1.625223229939229E-22 1
 269    5370.00    5390.00  0.000000000000000E+00  0.000000000000000E+00 0
 270    5390.00    5410.00  0.000000000000000E+00  0.000000000000000E+00 0
 271    5410.00    5430.00  0.000000000000000E+00  0.000000000000000E+00 0
 272    5430.00    5450.00  0.000000000000000E+00  0.000000000000000E+00 0
 273    5450.00    5470.00  0.000000000000000E+00  0.000000000000000E+00 0
 274    5470.00    5490.00  0.000000000000000E+00  0.000000000000000E+00 0
 275    5490.00    5510.00  0.000000000000000E+00  0.000000000000000E+00 0
 276    5510.00    5530.00  1.442538909853349E-21  1.442538909146182E-21 1
 277    5530.00    5550.00  0.000000000000000E+00  0.000000000000000E+00 0
 278    5550.00    5570.00  0.000000000000000E+00  0.000000000000000E+00 0
 279    5570.00    5590.00  0.000000000000000E+00  0.000000000000000E+00 0
 280    5590.00    5610.00  0.000000000000000E+00  0.000000000000000E+00 0
 281    5610.00    5630.00  0.000000000000000E+00  0.000000000000000E+00 0
 282    5630.00    5650.00  0.000000000000000E+00  0.000000000000000E+00 0
 283    5650.00    5670.00  0.000000000000000E+00  0.000000000000000E+00 0
 284    5670.00    5690.00  0.000000000000000E+00  0.000000000000000E+00 0
 285    5690.00    5710.00  0.000000000000000E+00  0.000000000000000E+00 0
 286    5710.00    5730.00  0.000000000000000E+00  0.000000000000000E+00 0
 287    5730.00    5750.00  0.000000000000000E+00  0.000000000000000E+00 0
 288    5750.00    5770.00  0.000000000000000E+00  0.000000000000000E+00 0
 289    5770.00    5790.00  0.000000000000000E+00  0.000000000000000E+00 0
 290    5790.00    5810.00  0.000000000000000E+00  0.000000000000000E+00 0
 291    5810.00    5830.00  0.000000000000000E+00  0.000000000000000E+00 0
 292    5830.00    5850.00  0.000000000000000E+00  0.000000000000000E+00 0
 293    5850.00    5870.00  0.000000000000000E+00  0.000000000000000E+00 0
 294    5870.00    5890.00  0.000000000000000E+00  0.000000000000000E+00 0
 295    5890.00    5910.00  0.000000000000000E+00  0.000000000000000E+00 0
 296    5910.00    5930.00  0.000000000000000E+00  0.000000000000000E+00 0
 297    5930.00    5950.00  0.000000000000000E+00  0.000000000000000E+00 0
 298    5950.00    5970.00  0.000000000000000E+00  0.000000000000000E+00 0
 299    5970.00    5990.00  0.000000000000000E+00  0.000000000000000E+00 0
 300    5990.00    6010.00  0.000000000000000E+00  0.000000000000000E+00 0
 301    6010.00    6030.00  0.000000000000000E+00  0.000000000000000E+00 0
 302    6030.00    6050.00  0.000000000000000E+00  0.000000000000000E+00 0
 303    6050.00    6070.00  0.000000000000000E+00  0.000000000000000E+00 0
 304    6070.00    6090.00  0.000000000000000E+00  0.000000000000000E+00 0
 305    6090.00    6110.00  0.000000000000000E+00  0.000000000000000E+00 0
 306    6110.00    6130.00  0.000000000000000E+00  0.000000000000000E+00 0
 307    6130.00    6150.00  0.000000000000000E+00  0.000000000000000E+00 0
 308    6150.00    6170.00  0.000000000000000E+00  0.000000000000000E+00 0
 309    6170.00    6190.00  0.000000000000000E+00  0.000000000000000E+00 0
 310    6190.00    6210.00  0.000000000000000E+00  0.000000000000000E+00 0
 311    6210.00    6230.00  0.000000000000000E+00  0.000000000000000E+00 0
 312    6230.00    6250.00  0.000000000000000E+00  0.000000000000000E+00 0
 313    6250.00    6270.00  0.000000000000000E+00  0.000000000000000E+00 0
 314    6270.00    6290.00  0.000000000000000E+00  0.000000000000000E+00 0
 315    6290.00    6310.00  0.000000000000000E+00  0.000000000000000E+00 0
 316    6310.00    6330.00  0.000000000000000E+00  0.000000000000000E+00 0
 317    6330.00    6350.00  0.000000000000000E+00  0.000000000000000E+00 0
 318    6350.00    6370.00  0.000000000000000E+00  0.000000000000000E+00 0
 319    6370.00    6390.00  0.000000000000000E+00  0.000000000000000E+00 0
 320    6390.00    6410.00  0.000000000000000E+00  0.000000000000000E+00 0
 321    6410.00    6430.00  0.000000000000000E+00  0.000000000000000E+00 0
 322    6430.00    6450.00  0.000000000000000E+00  0.000000000000000E+00 0
 323    6450.00    6470.00  0.000000000000000E+00  0.000000000000000E+00 0
 324    6470.00    6490.00  0.000000000000000E+00  0.000000000000000E+00 0
 325    6490.00    6510.00  0.000000000000000E+00  0.000000000000000E+00 0
 326    6510.00    6530.00  0.000000000000000E+00  0.000000000000000E+00 0
 327    6530.00    6550.00  0.000000000000000E+00  0.000000000000000E+00 0
 328    6550.00    6570.00  0.000000000000000E+00  0.000000000000000E+00 0
 329    6570.00    6590.00  0.000000000000000E+00  0.000000000000000E+00 0
 330    6590.00    6610.00  0.000000000000000E+00  0.000000000000000E+00 0
 331    6610.00    6630.00  0.000000000000000E+00  0.000000000000000E+00 0
 332    6630.00    6650.00  0.000000000000000E+00  0.000000000000000E+00 0
 333    6650.00    6670.00  0.000000000000000E+00  0.000000000000000E+00 0
 334    6670.00    6690.00  0.000000000000000E+00  0.000000000000000E+00 0
 335    6690.00    6710.00  0.000000000000000E+00  0.000000000000000E+00 0
 336    6710.00    6730.00  0.000000000000000E+00  0.000000000000000E+00 0
 337    6730.00    6750.00  0.000000000000000E+00  0.000000000000000E+00 0
 338    6750.00    6770.00  0.000000000000000E+00  0.000000000000000E+00 0
 339    6770.00    6790.00  0.000000000000000E+00  0.000000000000000E+00 0
 340    6790.00    6810.00  0.000000000000000E+00  0.000000000000000E+00 0
 341    6810.00    6830.00  0.000000000000000E+00  0.000000000000000E+00 0
 342    6830.00    6850.00  0.000000000000000E+00  0.000000000000000E+00 0
 343    6850.00    6870.00  0.000000000000000E+00  0.000000000000000E+00 0
 344    6870.00    6890.00  0.000000000000000E+00  0.000000000000000E+00 0
 345    6890.00    6910.00  0.000000000000000E+00  0.000000000000000E+00 0
 346    6910.00    6930.00  0.000000000000000E+00  0.000000000000000E+00 0
 347    6930.00    6950.00  0.000000000000000E+00  0.000000000000000E+00 0
 348    6950.00    6970.00  0.000000000000000E+00  0.000000000000000E+00 0
 349    6970.00    6990.00  0.000000000000000E+00  0.000000000000000E+00 0
 350    6990.00    7010.00  0.000000000000000E+00  0.000000000000000E+00 0
 351    7010.00    7030.00  0.000000000000000E+00  0.000000000000000E+00 0
 352    7030.00    7050.00  0.000000000000000E+00  0.000000000000000E+00 0
 353    7050.00    7070.00  0.000000000000000E+00  0.000000000000000E+00 0
 354    7070.00    7090.00  0.000000000000000E+00  0.000000000000000E+00 0
 355    7090.00    7110.00  0.000000000000000E+00  0.000000000000000E+00 0
 356    7110.00    7130.00  0.000000000000000E+00  0.000000000000000E+00 0
 357    7130.00    7150.00  0.000000000000000E+00  0.000000000000000E+00 0
 358    7150.00    7170.00  0.000000000000000E+00  0.000000000000000E+00 0
 359    7170.00    7190.00  0.000000000000000E+00  0.000000000000000E+00 0
 360    7190.00    7210.00  0.000000000000000E+00  0.000000000000000E+00 0
 361    7210.00    7230.00  0.000000000000000E+00  0.000000000000000E+00 0
 362    7230.00    7250.00  0.000000000000000E+00  0.000000000000000E+00 0
 363    7250.00    7270.00  0.000000000000000E+00  0.000000000000000E+00 0
 364    7270.00    7290.00  0.000000000000000E+00  0.000000000000000E+00 0
 365    7290.00    7310.00  0.000000000000000E+00  0.000000000000000E+00 0
 366    7310.00    7330.00  0.000000000000000E+00  0.000000000000000E+00 0
 367    7330.00    7350.00  0.000000000000000E+00  0.000000000000000E+00 0
 368    7350.00    7370.00  0.000000000000000E+00  0.000000000000000E+00 0
 369    7370.00    7390.00  0.000000000000000E+00  0.000000000000000E+00 0
 370    7390.00    7410.00  0.000000000000000E+00  0.000000000000000E+00 0
 371    7410.00    7430.00  0.000000000000000E+00  0.000000000000000E+00 0
 372    7430.00    7450.00  0.000000000000000E+00  0.000000000000000E+00 0
 373    7450.00    7470.00  0.000000000000000E+00  0.000000000000000E+00 0
 374    7470.00    7490.00  0.000000000000000E+00  0.000000000000000E+00 0
 375    7490.00    7510.00  0.000000000000000E+00  0.000000000000000E+00 0
 376    7510.00    7530.00  0.000000000000000E+00  0.000000000000000E+00 0
 377    7530.00    7550.00  0.000000000000000E+00  0.000000000000000E+00 0
 378    7550.00    7570.00  0.000000000000000E+00  0.000000000000000E+00 0
 379    7570.00    7590.00  0.000000000000000E+00  0.000000000000000E+00 0
 380    7590.00    7610.00  0.000000000000000E+00  0.000000000000000E+00 0
 381    7610.00    7630.00  0.000000000000000E+00  0.000000000000000E+00 0
 382    7630.00    7650.00  0.000000000000000E+00  0.000000000000000E+00 0
 383    7650.00    7670.00  0.000000000000000E+00  0.000000000000000E+00 0
 384    7670.00    7690.00  0.000000000000000E+00  0.000000000000000E+00 0
 385    7690.00    7710.00  0.000000000000000E+00  0.000000000000000E+00 0
 386    7710.00    7730.00  0.000000000000000E+00  0.000000000000000E+00 0
 387    7730.00    7750.00  0.000000000000000E+00  0.000000000000000E+00 0
 388    7750.00    7770.00  0.000000000000000E+00  0.000000000000000E+00 0
 389    7770.00    7790.00  0.000000000000000E+00  0.000000000000000E+00 0
 390    7790.00    7810.00  0.000000000000000E+00  0.000000000000000E+00 0
 391    7810.00    7830.00  0.000000000000000E+00  0.000000000000000E+00 0
 392    7830.00    7850.00  0.000000000000000E+00  0.000000000000000E+00 0
 393    7850.00    7870.00  0.000000000000000E+00  0.000000000000000E+00 0
 394    7870.00    7890.00  0.000000000000000E+00  0.000000000000000E+00 0
 395    7890.00    7910.00  0.000000000000000E+00  0.000000000000000E+00 0
 396    7910.00    7930.00  0.000000000000000E+00  0.000000000000000E+00 0
 397    7930.00    7950.00  0.000000000000000E+00  0.000000000000000E+00 0
 398    7950.00    7970.00  0.000000000000000E+00  0.000000000000000E+00 0
 399    7970.00    7990.00  0.000000000000000E+00  0.000000000000000E+00 0
 400    7990.00    8010.00  0.000000000000000E+00  0.000000000000000E+00 0
 401    8010.00    8030.00  0.000000000000000E+00  0.000000000000000E+00 0
 402    8030.00    8050.00  0.000000000000000E+00  0.000000000000000E+00 0
 403    8050.00    8070.00  0.000000000000000E+00  0.000000000000000E+00 0
 404    8070.00    8090.00  0.000000000000000E+00  0.000000000000000E+00 0
 405    8090.00    8110.00  0.000000000000000E+00  0.000000000000000E+00 0
 406    8110.00    8130.00  0.000000000000000E+00  0.000000000000000E+00 0
 407    8130.00    8150.00  0.000000000000000E+00  0.000000000000000E+00 0
 408    8150.00    8170.00  0.000000000000000E+00  0.000000000000000E+00 0
 409    8170.00    8190.00  0.000000000000000E+00  0.000000000000000E+00 0
 410    8190.00    8210.00  0.000000000000000E+00  0.000000000000000E+00 0
 411    8210.00    8230.00  0.000000000000000E+00  0.000000000000000E+00 0
 412    8230.00    8250.00  0.000000000000000E+00  0.000000000000000E+00 0
 413    8250.00    8270.00  0.000000000000000E+00  0.000000000000000E+00 0
 414    8270.00    8290.00  0.000000000000000E+00  0.000000000000000E+00 0
 415    8290.00    8310.00  0.000000000000000E+00  0.000000000000000E+00 0
 416    8310.00    8330.00  0.000000000000000E+00  0.000000000000000E+00 0
 417    8330.00    8350.00  0.000000000000000E+00  0.000000000000000E+00 0
 418    8350.00    8370.00  0.000000000000000E+00  0.000000000000000E+00 0
 419    8370.00    8390.00  0.000000000000000E+00  0.000000000000000E+00 0
 420    8390.00    8410.00  0.000000000000000E+00  0.000000000000000E+00 0
 421    8410.00    8430.00  0.000000000000000E+00  0.000000000000000E+00 0
 422    8430.00    8450.00  0.000000000000000E+00  0.000000000000000E+00 0
 423    8450.00    8470.00  0.000000000000000E+00  0.000000000000000E+00 0
 424    8470.00    8490.00  0.000000000000000E+00  0.000000000000000E+00 0
 425    8490.00    8510.00  0.000000000000000E+00  0.000000000000000E+00 0
 426    8510.00    8530.00  0.000000000000000E+00  0.000000000000000E+00 0
 427    8530.00    8550.00  0.000000000000000E+00  0.000000000000000E+00 0
 428    8550.00    8570.00  0.000000000000000E+00  0.000000000000000E+00 0
 429    8570.00    8590.00  0.000000000000000E+00  0.000000000000000E+00 0
 430    8590.00    8610.00  0.000000000000000E+00  0.000000000000000E+00 0
 431    8610.00    8630.00  0.000000000000000E+00  0.000000000000000E+00 0
 432    8630.00    8650.00  0.000000000000000E+00  0.000000000000000E+00 0
 433    8650.00    8670.00  0.000000000000000E+00  0.000000000000000E+00 0
 434    8670.00    8690.00  0.000000000000000E+00  0.000000000000000E+00 0
 435    8690.00    8710.00  0.000000000000000E+00  0.000000000000000E+00 0
 436    8710.00    8730.00  0.000000000000000E+00  0.000000000000000E+00 0
 437    8730.00    8750.00  0.000000000000000E+00  0.000000000000000E+00 0
 438    8750.00    8770.00  0.000000000000000E+00  0.000000000000000E+00 0
 439    8770.00    8790.00  0.000000000000000E+00  0.000000000000000E+00 0
 440    8790.00    8810.00  0.000000000000000E+00  0.000000000000000E+00 0
 441    8810.00    8830.00  0.000000000000000E+00  0.000000000000000E+00 0
 442    8830.00    8850.00  0.000000000000000E+00  0.000000000000000E+00 0
 443    8850.00    8870.00  0.000000000000000E+00  0.000000000000000E+00 0
 444    8870.00    8890.00  0.000000000000000E+00  0.000000000000000E+00 0
 445    8890.00    8910.00  0.000000000000000E+00  0.000000000000000E+00 0
 446    8910.00    8930.00  0.000000000000000E+00  0.000000000000000E+00 0
 447    8930.00    8950.00  0.000000000000000E+00  0.000000000000000E+00 0
 448    8950.00    8970.00  0.000000000000000E+00  0.000000000000000E+00 0
 449    8970.00    8990.00  0.000000000000000E+00  0.000000000000000E+00 0
 450    8990.00    9010.00  0.000000000000000E+00  0.000000000000000E+00 0
 451    9010.00    9030.00  0.000000000000000E+00  0.000000000000000E+00 0
 452    9030.00    9050.00  0.000000000000000E+00  0.000000000000000E+00 0
 453    9050.00    9070.00  0.000000000000000E+00  0.000000000000000E+00 0
 454    9070.00    9090.00  0.000000000000000E+00  0.000000000000000E+00 0
 455    9090.00    9110.00  0.000000000000000E+00  0.000000000000000E+00 0
 456    9110.00    9130.00  0.000000000000000E+00  0.000000000000000E+00 0
 457    9130.00    9150.00  0.000000000000000E+00  0.000000000000000E+00 0
 458    9150.00    9170.00  0.000000000000000E+00  0.000000000000000E+00 0
 459    9170.00    9190.00  0.000000000000000E+00  0.000000000000000E+00 0
 460    9190.00    9210.00  0.000000000000000E+00  0.000000000000000E+00 0
 461    9210.00    9230.00  0.000000000000000E+00  0.000000000000000E+00 0
 462    9230.00    9250.00  0.000000000000000E+00  0.000000000000000E+00 0
 463    9250.00    9270.00  0.000000000000000E+00  0.000000000000000E+00 0
 464    9270.00    9290.00  0.000000000000000E+00  0.000000000000000E+00 0
 465    9290.00    9310.00  0.000000000000000E+00  0.000000000000000E+00 0
 466    9310.00    9330.00  0.000000000000000E+00  0.000000000000000E+00 0
 467    9330.00    9350.00  0.000000000000000E+00  0.000000000000000E+00 0
 468    9350.00    9370.00  0.000000000000000E+00  0.000000000000000E+00 0
 469    9370.00    9390.00  0.000000000000000E+00  0.000000000000000E+00 0
 470    9390.00    9410.00  0.000000000000000E+00  0.000000000000000E+00 0
 471    9410.00    9430.00  0.000000000000000E+00  0.000000000000000E+00 0
 472    9430.00    9450.00  0.000000000000000E+00  0.000000000000000E+00 0
 473    9450.00    9470.00  0.000000000000000E+00  0.000000000000000E+00 0
 474    9470.00    9490.00  0.000000000000000E+00  0.000000000000000E+00 0
 475    9490.00    9510.00  0.000000000000000E+00  0.000000000000000E+00 0
 476    9510.00    9530.00  0.000000000000000E+00  0.000000000000000E+00 0
 477    9530.00    9550.00  0.000000000000000E+00  0.000000000000000E+00 0
 478    9550.00    9570.00  0.000000000000000E+00  0.000000000000000E+00 0
 479    9570.00    9590.00  0.000000000000000E+00  0.000000000000000E+00 0
 480    9590.00    9610.00  0.000000000000000E+00  0.000000000000000E+00 0
 481    9610.00    9630.00  0.000000000000000E+00  0.000000000000000E+00 0
 482    9630.00    9650.00  0.000000000000000E+00  0.000000000000000E+00 0
 483    9650.00    9670.00  0.000000000000000E+00  0.000000000000000E+00 0
 484    9670.00    9690.00  0.000000000000000E+00  0.000000000000000E+00 0
 485    9690.00    9710.00  0.000000000000000E+00  0.000000000000000E+00 0
 486    9710.00    9730.00  0.000000000000000E+00  0.000000000000000E+00 0
 487    9730.00    9750.00  0.000000000000000E+00  0.000000000000000E+00 0
 488    9750.00    9770.00  0.000000000000000E+00  0.000000000000000E+00 0
 489    9770.00    9790.00  0.000000000000000E+00  0.000000000000000E+00 0
 490    9790.00    9810.00  0.000000000000000E+00  0.000000000000000E+00 0
 491    9810.00    9830.00  0.000000000000000E+00  0.000000000000000E+00 0
 492    9830.00    9850.00  0.000000000000000E+00  0.000000000000000E+00 0
 493    9850.00    9870.00  0.000000000000000E+00  0.000000000000000E+00 0
 494    9870.00    9890.00  0.000000000000000E+00  0.000000000000000E+00 0
 495    9890.00    9910.00  0.000000000000000E+00  0.000000000000000E+00 0
 496    9910.00    9930.00  0.000000000000000E+00  0.000000000000000E+00 0
 497    9930.00    9950.00  0.000000000000000E+00  0.000000000000000E+00 0
 498    9950.00    9970.00  0.000000000000000E+00  0.000000000000000E+00 0
 499    9970.00    9990.00  0.000000000000000E+00  0.000000000000000E+00 0
 500    9990.00   10010.00  0.000000000000000E+00  0.000000000000000E+00 0
 501   10010.00   10030.00  0.000000000000000E+00  0.000000000000000E+00 0
 502   10030.00   10050.00  0.000000000000000E+00  0.000000000000000E+00 0
 503   10050.00   10070.00  0.000000000000000E+00  0.000000000000000E+00 0
 504   10070.00   10090.00  0.000000000000000E+00  0.000000000000000E+00 0
 505   10090.00   10110.00  0.000000000000000E+00  0.000000000000000E+00 0
 506   10110.00   10130.00  0.000000000000000E+00  0.000000000000000E+00 0
 507   10130.00   10150.00  0.000000000000000E+00  0.000000000000000E+00 0
 508   10150.00   10170.00  0.000000000000000E+00  0.000000000000000E+00 0
 509   10170.00   10190.00  0.000000000000000E+00  0.000000000000000E+00 0
 510   10190.00   10210.00  0.000000000000000E+00  0.000000000000000E+00 0
 511   10210.00   10230.00  0.000000000000000E+00  0.000000000000000E+00 0
 512   10230.00   10250.00  0.000000000000000E+00  0.000000000000000E+00 0
 513   10250.00   10270.00  0.000000000000000E+00  0.000000000000000E+00 0
 514   10270.00   10290.00  0.000000000000000E+00  0.000000000000000E+00 0
 515   10290.00   10310.00  0.000000000000000E+00  0.000000000000000E+00 0
 516   10310.00   10330.00  0.000000000000000E+00  0.000000000000000E+00 0
 517   10330.00   10350.00  0.000000000000000E+00  0.000000000000000E+00 0
 518   10350.00   10370.00  0.000000000000000E+00  0.000000000000000E+00 0
 519   10370.00   10390.00  0.000000000000000E+00  0.000000000000000E+00 0
 520   10390.00   10410.00  0.000000000000000E+00  0.000000000000000E+00 0
 521   10410.00   10430.00  0.000000000000000E+00  0.000000000000000E+00 0
 522   10430.00   10450.00  0.000000000000000E+00  0.000000000000000E+00 0
 523   10450.00   10470.00  0.000000000000000E+00  0.000000000000000E+00 0
 524   10470.00   10490.00  0.000000000000000E+00  0.000000000000000E+00 0
 525   10490.00   10510.00  0.000000000000000E+00  0.000000000000000E+00 0
 526   10510.00   10530.00  0.000000000000000E+00  0.000000000000000E+00 0
 527   10530.00   10550.00  0.000000000000000E+00  0.000000000000000E+00 0
 528   10550.00   10570.00  0.000000000000000E+00  0.000000000000000E+00 0
 529   10570.00   10590.00  0.000000000000000E+00  0.000000000000000E+00 0
 530   10590.00   10610.00  0.000000000000000E+00  0.000000000000000E+00 0
 531   10610.00   10630.00  0.000000000000000E+00  0.000000000000000E+00 0
 532   10630.00   10650.00  0.000000000000000E+00  0.000000000000000E+00 0
 533   10650.00   10670.00  0.000000000000000E+00  0.000000000000000E+00 0
 534   10670.00   10690.00  0.000000000000000E+00  0.000000000000000E+00 0
 535   10690.00   10710.00  0.000000000000000E+00  0.000000000000000E+00 0
 536   10710.00   10730.00  0.000000000000000E+00  0.000000000000000E+00 0
 537   10730.00   10750.00  0.000000000000000E+00  0.000000000000000E+00 0
 538   10750.00   10770.00  0.000000000000000E+00  0.000000000000000E+00 0
 539   10770.00   10790.00  0.000000000000000E+00  0.000000000000000E+00 0
 540   10790.00   10810.00  0.000000000000000E+00  0.000000000000000E+00 0
 541   10810.00   10830.00  0.000000000000000E+00  0.000000000000000E+00 0
 542   10830.00   10850.00  0.000000000000000E+00  0.000000000000000E+00 0
 543   10850.00   10870.00  0.000000000000000E+00  0.000000000000000E+00 0
 544   10870.00   10890.00  0.000000000000000E+00  0.000000000000000E+00 0
 545   10890.00   10910.00  0.000000000000000E+00  0.000000000000000E+00 0
 546   10910.00   10930.00  0.000000000000000E+00  0.000000000000000E+00 0
 547   10930.00   10950.00  0.000000000000000E+00  0.000000000000000E+00 0
 548   10950.00   10970.00  0.000000000000000E+00  0.000000000000000E+00 0
 549   10970.00   10990.00  0.000000000000000E+00  0.000000000000000E+00 0
 550   10990.00   11010.00  0.000000000000000E+00  0.000000000000000E+00 0
 551   11010.00   11030.00  0.000000000000000E+00  0.000000000000000E+00 0
 552   11030.00   11050.00  0.000000000000000E+00  0.000000000000000E+00 0
 553   11050.00   11070.00  0.000000000000000E+00  0.000000000000000E+00 0
 554   11070.00   11090.00  0.000000000000000E+00  0.000000000000000E+00 0
 555   11090.00   11110.00  0.000000000000000E+00  0.000000000000000E+00 0
 556   11110.00   11130.00  0.000000000000000E+00  0.000000000000000E+00 0
 557   11130.00   11150.00  0.000000000000000E+00  0.000000000000000E+00 0
 558   11150.00   11170.00  0.000000000000000E+00  0.000000000000000E+00 0
 559   11170.00   11190.00  0.000000000000000E+00  0.000000000000000E+00 0
 560   11190.00   11210.00  0.000000000000000E+00  0.000000000000000E+00 0
 561   11210.00   11230.00  0.000000000000000E+00  0.000000000000000E+00 0
 562   11230.00   11250.00  0.000000000000000E+00  0.000000000000000E+00 0
 563   11250.00   11270.00  0.000000000000000E+00  0.000000000000000E+00 0
 564   11270.00   11290.00  0.000000000000000E+00  0.000000000000000E+00 0
 565   11290.00   11310.00  0.000000000000000E+00  0.000000000000000E+00 0
 566   11310.00   11330.00  0.000000000000000E+00  0.000000000000000E+00 0
 567   11330.00   11350.00  0.000000000000000E+00  0.000000000000000E+00 0
 568   11350.00   11370.00  0.000000000000000E+00  0.000000000000000E+00 0
 569   11370.00   11390.00  0.000000000000000E+00  0.000000000000000E+00 0
 570   11390.00   11410.00  0.000000000000000E+00  0.000000000000000E+00 0
 571   11410.00   11430.00  0.000000000000000E+00  0.000000000000000E+00 0
 572   11430.00   11450.00  0.000000000000000E+00  0.000000000000000E+00 0
 573   11450.00   11470.00  0.000000000000000E+00  0.000000000000000E+00 0
 574   11470.00   11490.00  0.000000000000000E+00  0.000000000000000E+00 0
 575   11490.00   11510.00  0.000000000000000E+00  0.000000000000000E+00 0
 576   11510.00   11530.00  0.000000000000000E+00  0.000000000000000E+00 0
 577   11530.00   11550.00  0.000000000000000E+00  0.000000000000000E+00 0
 578   11550.00   11570.00  0.000000000000000E+00  0.000000000000000E+00 0
 579   11570.00   11590.00  0.000000000000000E+00  0.000000000000000E+00 0
 580   11590.00   11610.00  0.000000000000000E+00  0.000000000000000E+00 0
 581   11610.00   11630.00  0.000000000000000E+00  0.000000000000000E+00 0
 582   11630.00   11650.00  0.000000000000000E+00  0.000000000000000E+00 0
 583   11650.00   11670.00  0.000000000000000E+00  0.000000000000000E+00 0
 584   11670.00   11690.00  0.000000000000000E+00  0.000000000000000E+00 0
 585   11690.00   11710.00  0.000000000000000E+00  0.000000000000000E+00 0
 586   11710.00   11730.00  0.000000000000000E+00  0.000000000000000E+00 0
 587   11730.00   11750.00  0.000000000000000E+00  0.000000000000000E+00 0
 588   11750.00   11770.00  0.000000000000000E+00  0.000000000000000E+00 0
 589   11770.00   11790.00  0.000000000000000E+00  0.000000000000000E+00 0
 590   11790.00   11810.00  0.000000000000000E+00  0.000000000000000E+00 0
 591   11810.00   11830.00  0.000000000000000E+00  0.000000000000000E+00 0
 592   11830.00   11850.00  0.000000000000000E+00  0.000000000000000E+00 0
 593   11850.00   11870.00  0.000000000000000E+00  0.000000000000000E+00 0
 594   11870.00   11890.00  0.000000000000000E+00  0.000000000000000E+00 0
 595   11890.00   11910.00  0.000000000000000E+00  0.000000000000000E+00 0
 596   11910.00   11930.00  0.000000000000000E+00  0.000000000000000E+00 0
 597   11930.00   11950.00  0.000000000000000E+00  0.000000000000000E+00 0
 598   11950.00   11970.00  0.000000000000000E+00  0.000000000000000E+00 0
 599   11970.00   11990.00  0.000000000000000E+00  0.000000000000000E+00 0
 600   11990.00   12010.00  0.000000000000000E+00  0.000000000000000E+00 0
 601   12010.00   12030.00  0.000000000000000E+00  0.000000000000000E+00 0
 602   12030.00   12050.00  0.000000000000000E+00  0.000000000000000E+00 0
 603   12050.00   12070.00  0.000000000000000E+00  0.000000000000000E+00 0
 604   12070.00   12090.00  0.000000000000000E+00  0.000000000000000E+00 0
 605   12090.00   12110.00  0.000000000000000E+00  0.000000000000000E+00 0
 606   12110.00   12130.00  0.000000000000000E+00  0.000000000000000E+00 0
 607   12130.00   12150.00  0.000000000000000E+00  0.000000000000000E+00 0
 608   12150.00   12170.00  0.000000000000000E+00  0.000000000000000E+00 0
 609   12170.00   12190.00  0.000000000000000E+00  0.000000000000000E+00 0
 610   12190.00   12210.00  0.000000000000000E+00  0.000000000000000E+00 0
 611   12210.00   12230.00  0.000000000000000E+00  0.000000000000000E+00 0
 612   12230.00   12250.00  0.000000000000000E+00  0.000000000000000E+00 0
 613   12250.00   12270.00  0.000000000000000E+00  0.000000000000000E+00 0
 614   12270.00   12290.00  0.000000000000000E+00  0.000000000000000E+00 0
 615   12290.00   12310.00  0.000000000000000E+00  0.000000000000000E+00 0
 616   12310.00   12330.00  0.000000000000000E+00  0.000000000000000E+00 0
 617   12330.00   12350.00  0.000000000000000E+00  0.000000000000000E+00 0
 618   12350.00   12370.00  0.000000000000000E+00  0.000000000000000E+00 0
 619   12370.00   12390.00  0.000000000000000E+00  0.000000000000000E+00 0
 620   12390.00   12410.00  0.000000000000000E+00  0.000000000000000E+00 0
 621   12410.00   12430.00  0.000000000000000E+00  0.000000000000000E+00 0
 622   12430.00   12450.00  0.000000000000000E+00  0.000000000000000E+00 0
 623   12450.00   12470.00  0.000000000000000E+00  0.000000000000000E+00 0
 624   12470.00   12490.00  0.000000000000000E+00  0.000000000000000E+00 0
 625   12490.00   12510.00  0.000000000000000E+00  0.000000000000000E+00 0
 626   12510.00   12530.00  0.000000000000000E+00  0.000000000000000E+00 0
 627   12530.00   12550.00  0.000000000000000E+00  0.000000000000000E+00 0
 628   12550.00   12570.00  0.000000000000000E+00  0.000000000000000E+00 0
 629   12570.00   12590.00  0.000000000000000E+00  0.000000000000000E+00 0
 630   12590.00   12610.00  0.000000000000000E+00  0.000000000000000E+00 0
 631   12610.00   12630.00  0.000000000000000E+00  0.000000000000000E+00 0
 632   12630.00   12650.00  0.000000000000000E+00  0.000000000000000E+00 0
 633   12650.00   12670.00  0.000000000000000E+00  0.000000000000000E+00 0
 634   12670.00   12690.00  0.000000000000000E+00  0.000000000000000E+00 0
 635   12690.00   12710.00  0.000000000000000E+00  0.000000000000000E+00 0
 636   12710.00   12730.00  0.000000000000000E+00  0.000000000000000E+00 0
 637   12730.00   12750.00  0.000000000000000E+00  0.000000000000000E+00 0
 638   12750.00   12770.00  0.000000000000000E+00  0.000000000000000E+00 0
 639   12770.00   12790.00  0.000000000000000E+00  0.000000000000000E+00 0
 640   12790.00   12810.00  0.000000000000000E+00  0.000000000000000E+00 0
 641   12810.00   12830.00  0.000000000000000E+00  0.000000000000000E+00 0
 642   12830.00   12850.00  0.000000000000000E+00  0.000000000000000E+00 0
 643   12850.00   12870.00  0.000000000000000E+00  0.000000000000000E+00 0
 644   12870.00   12890.00  0.000000000000000E+00  0.000000000000000E+00 0
 645   12890.00   12910.00  0.000000000000000E+00  0.000000000000000E+00 0
 646   12910.00   12930.00  0.000000000000000E+00  0.000000000000000E+00 0
 647   12930.00   12950.00  0.000000000000000E+00  0.000000000000000E+00 0
 648   12950.00   12970.00  0.000000000000000E+00  0.000000000000000E+00 0
 649   12970.00   12990.00  0.000000000000000E+00  0.000000000000000E+00 0
 650   12990.00   13010.00  0.000000000000000E+00  0.000000000000000E+00 0
# Underflow:                 7.9896845034736747E-07  1.5958895493509114E-09 2839095
# Overflow:                  0.0000000000000000E+00  0.0000000000000000E+00 0
#-------------------------------------------------------------------------------------
# Sum:                       3.2845177688906171E-04  1.3322327706222886E-07 84479000
#=====================================================================================
