# title = Rapidity separation Jets
# xlabel = $\Delta y_{\text{j}_1 \text{j}_2}$
# ylabel = $\frac{\text{d}\sigma}{\text{d}\Delta y_{\text{j}_1 \text{j}_2}}\,[\text{fb}]$
# xmin= -9.000E+00
# xmax=  9.000E+00
# ymin=  1.000E-04
# ymax=  1.000E-01
# kmin=  0.000E+00
# kmax=  1.000E+02
# logscale = false
# Renormalization and factorization scale scaled by: .5000000000
# Renormalization scaled by: .5000000000
# Number of generated events: 317333280
#
#=====================================================================================
# No.       Left      Right                   Value                   Error Hits
#-------------------------------------------------------------------------------------
   1      -9.00      -8.75  1.075000592031523E-07  9.336069878896630E-09 6590
   2      -8.75      -8.50  2.547983862330818E-07  1.917060625051952E-08 12255
   3      -8.50      -8.25  6.013269154638408E-07  3.747030424642543E-08 19553
   4      -8.25      -8.00  1.106197690639669E-06  4.380683513614625E-08 29708
   5      -8.00      -7.75  2.010126093498288E-06  6.864200756974141E-08 41807
   6      -7.75      -7.50  3.609762962079732E-06  1.045414431908914E-07 57512
   7      -7.50      -7.25  5.966865540534288E-06  1.507470154929631E-07 77025
   8      -7.25      -7.00  9.405587139368046E-06  1.768156781603230E-07 99927
   9      -7.00      -6.75  1.458195972106772E-05  2.870915591899600E-07 126817
  10      -6.75      -6.50  2.200638288355346E-05  3.552517366862393E-07 158923
  11      -6.50      -6.25  3.088724900470195E-05  4.412221709804065E-07 196715
  12      -6.25      -6.00  4.324800010242456E-05  5.569113232969491E-07 239159
  13      -6.00      -5.75  5.731500935680948E-05  6.884041132878934E-07 286765
  14      -5.75      -5.50  7.309856267777227E-05  7.218571293627161E-07 339973
  15      -5.50      -5.25  9.216567752776512E-05  8.377812368239786E-07 397605
  16      -5.25      -5.00  1.125394527734577E-04  8.790132771609737E-07 455979
  17      -5.00      -4.75  1.350594510255443E-04  1.047745970533974E-06 511586
  18      -4.75      -4.50  1.534540120793685E-04  1.025724514541168E-06 563970
  19      -4.50      -4.25  1.707523595601470E-04  1.070147525472513E-06 606679
  20      -4.25      -4.00  1.812190439564006E-04  1.080854972297628E-06 636913
  21      -4.00      -3.75  1.871952559184925E-04  1.083616529739781E-06 654477
  22      -3.75      -3.50  1.849995210635218E-04  1.015123771808487E-06 657792
  23      -3.50      -3.25  1.716613955483269E-04  9.484848632509301E-07 646572
  24      -3.25      -3.00  1.564517706165671E-04  8.628430555712579E-07 620574
  25      -3.00      -2.75  1.355370738824748E-04  7.669164188677074E-07 582190
  26      -2.75      -2.50  1.110081911148794E-04  6.360750461205165E-07 533015
  27      -2.50      -2.25  0.000000000000000E+00  0.000000000000000E+00 0
  28      -2.25      -2.00  0.000000000000000E+00  0.000000000000000E+00 0
  29      -2.00      -1.75  0.000000000000000E+00  0.000000000000000E+00 0
  30      -1.75      -1.50  0.000000000000000E+00  0.000000000000000E+00 0
  31      -1.50      -1.25  0.000000000000000E+00  0.000000000000000E+00 0
  32      -1.25      -1.00  0.000000000000000E+00  0.000000000000000E+00 0
  33      -1.00      -0.75  0.000000000000000E+00  0.000000000000000E+00 0
  34      -0.75      -0.50  0.000000000000000E+00  0.000000000000000E+00 0
  35      -0.50      -0.25  0.000000000000000E+00  0.000000000000000E+00 0
  36      -0.25       0.00  0.000000000000000E+00  0.000000000000000E+00 0
  37       0.00       0.25  0.000000000000000E+00  0.000000000000000E+00 0
  38       0.25       0.50  0.000000000000000E+00  0.000000000000000E+00 0
  39       0.50       0.75  0.000000000000000E+00  0.000000000000000E+00 0
  40       0.75       1.00  0.000000000000000E+00  0.000000000000000E+00 0
  41       1.00       1.25  0.000000000000000E+00  0.000000000000000E+00 0
  42       1.25       1.50  0.000000000000000E+00  0.000000000000000E+00 0
  43       1.50       1.75  0.000000000000000E+00  0.000000000000000E+00 0
  44       1.75       2.00  0.000000000000000E+00  0.000000000000000E+00 0
  45       2.00       2.25  0.000000000000000E+00  0.000000000000000E+00 0
  46       2.25       2.50  0.000000000000000E+00  0.000000000000000E+00 0
  47       2.50       2.75  1.218028143970251E-04  7.512739697171865E-07 595059
  48       2.75       3.00  1.465207826945866E-04  8.501802179680221E-07 656694
  49       3.00       3.25  1.684855466496725E-04  9.580197188371139E-07 707654
  50       3.25       3.50  1.863138901619693E-04  1.077304539263705E-06 742391
  51       3.50       3.75  1.999250391511819E-04  1.107246023163817E-06 760828
  52       3.75       4.00  2.045181335318244E-04  1.114799081260573E-06 759555
  53       4.00       4.25  2.021189288007894E-04  1.109834554114845E-06 739194
  54       4.25       4.50  1.901856517282836E-04  1.045672601555724E-06 704315
  55       4.50       4.75  1.753762035475232E-04  1.010751507414378E-06 656399
  56       4.75       5.00  1.559916564471611E-04  1.000620784797609E-06 596057
  57       5.00       5.25  1.330415067690917E-04  8.850402253903386E-07 531056
  58       5.25       5.50  1.098613511227577E-04  8.871317715035777E-07 463769
  59       5.50       5.75  8.917494741665114E-05  7.499653681004185E-07 396292
  60       5.75       6.00  6.888838573515760E-05  6.052111723531599E-07 335145
  61       6.00       6.25  5.289333328852701E-05  5.463816087905835E-07 279754
  62       6.25       6.50  3.875599266989803E-05  4.554840003484975E-07 230292
  63       6.50       6.75  2.787075487840624E-05  3.568875979811564E-07 187777
  64       6.75       7.00  1.908716399745515E-05  2.846873436068634E-07 150744
  65       7.00       7.25  1.267244124405316E-05  2.227005885100572E-07 119154
  66       7.25       7.50  7.939790046664249E-06  1.604861945529175E-07 92204
  67       7.50       7.75  4.728367375236974E-06  1.121137766509196E-07 70129
  68       7.75       8.00  2.808279599041131E-06  7.894527674183560E-08 51531
  69       8.00       8.25  1.421545115995213E-06  5.285690243024652E-08 36707
  70       8.25       8.50  7.388284115765264E-07  3.780052121741187E-08 24776
  71       8.50       8.75  3.267806503705955E-07  2.053879076512350E-08 15671
  72       8.75       9.00  1.059961260922579E-07  8.880650289140033E-09 8551
# Underflow:                 3.6464331643719594E-08  5.7726780375092408E-09 3127
# Overflow:                  3.6890413277473737E-08  5.0132404047398265E-09 4094
#-------------------------------------------------------------------------------------
# Sum:                       1.0944674999755525E-03  1.2761288542335977E-06 18479000
#=====================================================================================
