# title = Rapidity separation Jets
# xlabel = $\Delta y_{\text{j}_1 \text{j}_2}$
# ylabel = $\frac{\text{d}\sigma}{\text{d}\Delta y_{\text{j}_1 \text{j}_2}}\,[\text{fb}]$
# xmin= -9.000E+00
# xmax=  9.000E+00
# ymin=  1.000E-04
# ymax=  1.000E-01
# kmin= -5.000E+01
# kmax=  1.000E+01
# logscale = false
# Renormalization and factorization scale scaled by: 1.0000000000
# Renormalization scaled by: 1.0000000000
# Number of generated events: 517624991
#
#=====================================================================================
# No.       Left      Right                   Value                   Error Hits
#-------------------------------------------------------------------------------------
   1      -9.00      -8.75  1.913116868908236E-09  1.632342600696685E-10 3399
   2      -8.75      -8.50  1.110014434421839E-08  5.424858351031263E-10 12979
   3      -8.50      -8.25  3.651886326630297E-08  1.325979814172619E-09 27796
   4      -8.25      -8.00  8.507066022261919E-08  2.111379062266947E-09 49044
   5      -8.00      -7.75  1.986812787606696E-07  4.407790112517714E-09 77581
   6      -7.75      -7.50  4.032088169138852E-07  6.847611950732067E-09 116488
   7      -7.50      -7.25  7.377160466086432E-07  1.008810050735251E-08 164966
   8      -7.25      -7.00  1.319902856180444E-06  2.717299471309538E-08 226168
   9      -7.00      -6.75  2.217941480871484E-06  2.059426990378943E-08 301721
  10      -6.75      -6.50  3.498366623098121E-06  2.783643298946188E-08 389291
  11      -6.50      -6.25  5.392048929239710E-06  3.885231181529548E-08 492689
  12      -6.25      -6.00  7.916530402071712E-06  4.661476742239813E-08 611290
  13      -6.00      -5.75  1.129519358808832E-05  6.545310369619181E-08 741504
  14      -5.75      -5.50  1.558412655238321E-05  6.947478856560424E-08 888352
  15      -5.50      -5.25  2.082881636338230E-05  8.391553119997655E-08 1042089
  16      -5.25      -5.00  2.735788788811997E-05  1.059429902160860E-07 1201055
  17      -5.00      -4.75  3.394835064002131E-05  1.317560849883644E-07 1353178
  18      -4.75      -4.50  4.073695511977985E-05  1.249166008591968E-07 1491118
  19      -4.50      -4.25  4.693886882309668E-05  1.362889426677205E-07 1604776
  20      -4.25      -4.00  5.213304277946300E-05  1.415237569914024E-07 1689202
  21      -4.00      -3.75  5.594900191062522E-05  1.554885612311811E-07 1733340
  22      -3.75      -3.50  5.739904731535200E-05  1.480944067044568E-07 1734146
  23      -3.50      -3.25  5.639289936128831E-05  1.482355926304964E-07 1691005
  24      -3.25      -3.00  5.382044194770251E-05  1.431365517297278E-07 1608258
  25      -3.00      -2.75  4.923937179012732E-05  1.336798611819810E-07 1490788
  26      -2.75      -2.50  4.359234347430472E-05  1.241897885914019E-07 1353457
  27      -2.50      -2.25  0.000000000000000E+00  0.000000000000000E+00 0
  28      -2.25      -2.00  0.000000000000000E+00  0.000000000000000E+00 0
  29      -2.00      -1.75  0.000000000000000E+00  0.000000000000000E+00 0
  30      -1.75      -1.50  0.000000000000000E+00  0.000000000000000E+00 0
  31      -1.50      -1.25  0.000000000000000E+00  0.000000000000000E+00 0
  32      -1.25      -1.00  0.000000000000000E+00  0.000000000000000E+00 0
  33      -1.00      -0.75  0.000000000000000E+00  0.000000000000000E+00 0
  34      -0.75      -0.50  0.000000000000000E+00  0.000000000000000E+00 0
  35      -0.50      -0.25  0.000000000000000E+00  0.000000000000000E+00 0
  36      -0.25       0.00  0.000000000000000E+00  0.000000000000000E+00 0
  37       0.00       0.25  0.000000000000000E+00  0.000000000000000E+00 0
  38       0.25       0.50  0.000000000000000E+00  0.000000000000000E+00 0
  39       0.50       0.75  0.000000000000000E+00  0.000000000000000E+00 0
  40       0.75       1.00  0.000000000000000E+00  0.000000000000000E+00 0
  41       1.00       1.25  0.000000000000000E+00  0.000000000000000E+00 0
  42       1.25       1.50  0.000000000000000E+00  0.000000000000000E+00 0
  43       1.50       1.75  0.000000000000000E+00  0.000000000000000E+00 0
  44       1.75       2.00  0.000000000000000E+00  0.000000000000000E+00 0
  45       2.00       2.25  0.000000000000000E+00  0.000000000000000E+00 0
  46       2.25       2.50  0.000000000000000E+00  0.000000000000000E+00 0
  47       2.50       2.75  4.327720071264740E-05  1.378540080019778E-07 1297047
  48       2.75       3.00  4.914978119527492E-05  1.519862623119384E-07 1410017
  49       3.00       3.25  5.427404960492235E-05  1.616298663885677E-07 1504008
  50       3.25       3.50  5.616781262576145E-05  1.675118598087959E-07 1561027
  51       3.50       3.75  5.680902033554558E-05  1.742580920821319E-07 1585610
  52       3.75       4.00  5.476730364303748E-05  1.651200954910117E-07 1578938
  53       4.00       4.25  5.050014559296845E-05  1.613599142361277E-07 1529621
  54       4.25       4.50  4.465530500909010E-05  1.591435241765623E-07 1450397
  55       4.50       4.75  3.784685097370748E-05  1.275780044417598E-07 1349414
  56       4.75       5.00  3.127961084825494E-05  1.197877546024960E-07 1223552
  57       5.00       5.25  2.459595365291477E-05  9.782785626542942E-08 1089589
  58       5.25       5.50  1.872794163926680E-05  8.335566846307849E-08 950457
  59       5.50       5.75  1.384966328830597E-05  7.019171642295216E-08 812276
  60       5.75       6.00  9.784699922575971E-06  5.528628248846611E-08 683705
  61       6.00       6.25  6.815160708232835E-06  4.340922782684990E-08 565454
  62       6.25       6.50  4.489748049370364E-06  3.239596453045812E-08 459986
  63       6.50       6.75  2.863794689329584E-06  2.441219822133284E-08 367934
  64       6.75       7.00  1.774229613367593E-06  1.792508912983966E-08 287604
  65       7.00       7.25  1.029642226078220E-06  1.279154888248205E-08 219777
  66       7.25       7.50  5.787451391647529E-07  8.305686758602533E-09 162718
  67       7.50       7.75  3.026601041804376E-07  5.271929502346803E-09 116085
  68       7.75       8.00  1.537496114830199E-07  3.757767709536435E-09 79961
  69       8.00       8.25  6.664684980335218E-08  2.005627366132933E-09 51074
  70       8.25       8.50  2.491012936222372E-08  1.120018908658997E-09 29219
  71       8.50       8.75  8.518202654434211E-09  7.309323062586970E-10 14080
  72       8.75       9.00  1.303081877396398E-09  1.231093139713541E-10 3770
# Underflow:                 0.0000000000000000E+00  0.0000000000000000E+00 0
# Overflow:                  0.0000000000000000E+00  0.0000000000000000E+00 0
#-------------------------------------------------------------------------------------
# Sum:                       2.8770744855533990E-04  1.7520403089431315E-07 42479000
#=====================================================================================
