            1          id1         born      1.00000      1.00000            0   -3.9162491676869848E-04    5.3987288156309734E-07    1.3785457933003711E-01        51,479,000       856,603,895       21h 24.578m
            2          id2         born      1.00000      1.00000            0   -2.8308882207265525E-22    3.2485177289536839E-22    1.1475259620529795E+02             1,001           584,311           35.060s
            3          id3         born      1.00000      1.00000            0    1.9242310617175256E-03    2.0031050327094947E-06    1.0409898647626903E-01        48,479,000       837,219,102       20h 57.874m
            4          id4         born      1.00000      1.00000            0    1.1315753120711224E-19    1.2874666300022081E-19    1.1377648630790272E+02             1,001            80,542            6.360s
            5          id5         born      1.00000      1.00000            0    3.3467469964781634E-19    2.3988798189416711E-19    7.1677955383721908E+01             1,001            82,362            3.780s
            6          id6         born      1.00000      1.00000            0   -3.9218548438444507E-04    4.0046271570937657E-07    1.0211053994971871E-01        70,479,000     1,100,884,886        21h 6.036m
            7          id7         born      1.00000      1.00000            0   -1.6430460324389331E-22    1.5488576602466650E-22    9.4267453842881380E+01             1,001           610,797           23.416s
            8          id8         born      1.00000      1.00000            0    1.2784098859336610E-04    1.2229383899625452E-07    9.5660899013573941E-02        59,479,000       693,882,764       21h 20.258m
            9          id9         born      1.00000      1.00000            0   -2.8542095845031303E-04    2.8636962340803043E-07    1.0033237396541170E-01        60,479,000       745,918,296       21h 16.293m
           10         id10         born      1.00000      1.00000            0   -2.8407983280409317E-04    2.3591185423583084E-07    8.3044210462669521E-02        73,479,000       867,136,879        21h 7.818m
           11         id11         born      1.00000      1.00000            0   -8.7640268188997545E-22    4.5348762974387493E-22    5.1744208354762456E+01             1,001           669,515           22.196s
           12         id12         born      1.00000      1.00000            0   -4.0657605820692098E-22    1.7217934562022010E-22    4.2348618947107781E+01             1,001           709,352           23.696s
           13         id13         born      1.00000      1.00000            0    6.8620265252196351E-05    6.0353138107884544E-08    8.7952353267758326E-02        73,479,000     1,098,173,485       21h 15.276m
           14         id14         born      1.00000      1.00000            0   -1.6362893785496663E-21    1.5064368403612337E-21    9.2064206986203871E+01             1,001            70,214            3.212s
           15         id15         born      1.00000      1.00000            0   -1.3703483030908475E-20    6.9185546693989157E-21    5.0487563299009310E+01             1,001            82,007            3.812s
           16         id16         born      1.00000      1.00000            0   -6.2958377541529956E-23    1.7758596073503354E-21    2.8206883288548925E+03             1,001            72,936            3.300s
           17         id17         born      1.00000      1.00000            0    2.0947224156631027E-21    1.4674103627583724E-21    7.0052735951357576E+01             1,001            72,976            3.180s
           18         id18         born      1.00000      1.00000            0    1.9151343921848996E-20    9.1336646637689237E-21    4.7692029870283378E+01             1,001            79,788            3.236s
           19         id19         born      1.00000      1.00000            0   -1.0933178083466764E-22    9.2302135923975283E-22    8.4423884088703630E+02             1,001            68,182            3.144s
           20         id20         born      1.00000      1.00000            0    1.9257107343109174E-03    1.6230014482070503E-06    8.4280646064312126E-02        59,479,000       985,233,684       20h 52.179m
           21         id21         born      1.00000      1.00000            0   -2.8568590590333779E-04    2.3558874106594516E-07    8.2464250492517099E-02        84,479,000       994,892,126       21h 10.787m
           22         id22         born      1.00000      1.00000            0   -2.8422905651722676E-04    2.1734663916911247E-07    7.6468831805005605E-02        82,479,000       991,898,187        21h 4.530m
           23         id23         born      1.00000      1.00000            0   -1.8192428910843545E-22    1.3349206697255247E-22    7.3377814269201252E+01             1,001           660,068           25.852s
           24         id24         born      1.00000      1.00000            0   -7.1415670573122959E-22    3.4995031683496795E-22    4.9001894685936129E+01             1,001           729,100           34.160s
           25         id25         born      1.00000      1.00000            0    2.2322711240489491E-03    1.6381957765528427E-06    7.3386953712927236E-02        81,479,000     1,004,371,097        21h 7.890m
           26         id26         born      1.00000      1.00000            0   -2.2370902849604826E-04    2.2142645909158285E-07    9.8979670413925330E-02        72,479,000     1,104,837,861        21h 7.095m
           27         id27         born      1.00000      1.00000            0   -1.5251090440277388E-22    1.4156894251157872E-22    9.2825456032771285E+01             1,001           582,921           26.652s
           28         id28         born      1.00000      1.00000            0    2.5634162649893775E-21    5.9440021845480454E-21    2.3187814892688436E+02             1,001            71,645            3.316s
           29         id29         born      1.00000      1.00000            0    4.0173158843515241E-20    1.1028614567002359E-20    2.7452694496745060E+01             1,001            76,394            3.504s
           30         id30         born      1.00000      1.00000            0   -3.3153539327366037E-21    3.8829879322210426E-20    1.1712136957322969E+03             1,001            77,271            3.512s
           31         id31         born      1.00000      1.00000            0   -8.8845448016788856E-21    1.3986371701017587E-20    1.5742361610213979E+02             1,001            78,313            3.528s
           32         id32         born      1.00000      1.00000            0   -3.5252220889597773E-20    4.7387022914921046E-20    1.3442280151178790E+02             1,001            74,933            3.444s
           33         id33         born      1.00000      1.00000            0   -7.2933018763846706E-21    5.5768086800608223E-21    7.6464799820205400E+01             1,001            70,095            3.248s
           34         id34         born      1.00000      1.00000            0    6.8560815506582545E-05    6.8089898344748309E-08    9.9313139497605576E-02        65,479,000     1,037,448,824       20h 46.340m
           35         id35         born      1.00000      1.00000            0   -2.2379155649357435E-04    2.4964208282999947E-07    1.1155116249310655E-01        66,479,000     1,072,732,280       20h 54.252m
           36         id36         born      1.00000      1.00000            0   -3.4777943357728867E-22    1.4718843360372205E-22    4.2322351293096709E+01             1,001           608,271           23.052s
           37         id37         born      1.00000      1.00000            0    9.5472752921572172E-22    7.8836006859940252E-21    8.2574351788830813E+02             1,001            82,488            5.512s
           38         id38         born      1.00000      1.00000            0   -4.5172651386707417E-21    8.9539150460251433E-21    1.9821539739551216E+02             1,001            81,003            5.960s
           39         id39         born      1.00000      1.00000            0   -2.0149871971481244E-21    1.2301409462002467E-21    6.1049566366540908E+01             1,001            77,977            4.720s
           40         id40         born      1.00000      1.00000            0    1.3226450056116905E-20    1.3050662665631975E-20    9.8670940503770083E+01             1,001            82,948            6.068s
           41         id41         born      1.00000      1.00000            0   -6.1747115789934229E-20    6.3458449218264326E-20    1.0277151961907356E+02             1,001            70,963            3.832s
           42         id42         born      1.00000      1.00000            0   -3.8019167118411693E-21    1.0401478937621461E-20    2.7358513418312879E+02             1,001            74,360            5.476s
           43         id43         born      1.00000      1.00000            0   -3.0744585158327595E-21    1.9156302524071304E-21    6.2307890724238824E+01             1,001            78,957            5.788s
           44         id44         born      1.00000      1.00000            0   -2.3611756248738748E-21    1.9192264212369577E-20    8.1282662798091337E+02             1,001            73,898            3.400s
           45         id45         born      1.00000      1.00000            0    5.2158158042766759E-22    4.6765883027742849E-21    8.9661684351271481E+02             1,001            74,354            4.044s
           46         id46         born      1.00000      1.00000            0    2.3580788556586621E-19    1.3346392668502173E-19    5.6598585057810716E+01             1,001            69,745            3.220s
           47         id47         born      1.00000      1.00000            0    4.5938603078533740E-21    2.3239398155639757E-21    5.0587951305160814E+01             1,001            78,349            4.100s
           48         id48         born      1.00000      1.00000            0   -2.2945925539543159E-20    1.3888205059167228E-20    6.0525800256927596E+01             1,001            78,204            3.304s
           49         id49         born      1.00000      1.00000            0   -5.1450505872310847E-20    5.6427388256882362E-20    1.0967314567697950E+02             1,001            75,417            3.120s
           50         id50         born      1.00000      1.00000            0   -2.5259395769311325E-20    2.7956683137011350E-20    1.1067835269035639E+02             1,001            70,569            2.984s
           51         id51         born      1.00000      1.00000            0    1.8451388620610464E-21    9.9571769940758517E-22    5.3964377417933427E+01             1,001            81,606            3.292s
           52         id52         born      1.00000      1.00000            0   -1.5121746987961400E-20    9.2004544034010789E-21    6.0842536320212659E+01             1,001            80,185            3.908s
