            1          id1         born      2.00000      2.00000            0   -3.3590328561534542E-04    4.6380209114000462E-07    1.3807608052727433E-01        51,479,000       856,603,895       21h 24.581m
            2          id2         born      2.00000      2.00000            0   -3.1524985574134214E-22    1.5862594989155856E-22    5.0317532903713300E+01             1,001           584,311           35.164s
            3          id3         born      2.00000      2.00000            0    1.6480219638491400E-03    1.7169148277853953E-06    1.0418033651537922E-01        48,479,000       837,219,102       20h 57.876m
            4          id4         born      2.00000      2.00000            0    1.1970448380183040E-19    1.2231900337658579E-19    1.0218414506434337E+02             1,001            80,542            6.468s
            5          id5         born      2.00000      2.00000            0    2.5895016164605752E-19    2.0164237241485921E-19    7.7869181904767956E+01             1,001            82,362            3.844s
            6          id6         born      2.00000      2.00000            0   -3.3638592088397479E-04    3.4416634118394189E-07    1.0231294469147853E-01        70,479,000     1,100,884,886        21h 6.038m
            7          id7         born      2.00000      2.00000            0   -2.7205008615694161E-22    1.4432420162864852E-22    5.3050599493429331E+01             1,001           610,797           23.520s
            8          id8         born      2.00000      2.00000            0    1.0987997174195328E-04    1.0550214779776142E-07    9.6015812641021658E-02        59,479,000       693,882,764       21h 20.261m
            9          id9         born      2.00000      2.00000            0   -2.4376886058429865E-04    2.4491993851698586E-07    1.0047220056324181E-01        60,479,000       745,918,296       21h 16.296m
           10         id10         born      2.00000      2.00000            0   -2.4266277450850834E-04    2.0214231387298102E-07    8.3301740154583706E-02        73,479,000       867,136,879        21h 7.820m
           11         id11         born      2.00000      2.00000            0   -2.1624479901405926E-22    1.5313290324051113E-22    7.0814606380685774E+01             1,001           669,515           22.264s
           12         id12         born      2.00000      2.00000            0   -1.6509802567266374E-22    8.2009920008539597E-23    4.9673471063269332E+01             1,001           709,352           23.764s
           13         id13         born      2.00000      2.00000            0    5.8647926617211959E-05    5.1894298622368725E-08    8.8484455658725397E-02        73,479,000     1,098,173,485       21h 15.278m
           14         id14         born      2.00000      2.00000            0   -3.1624752518725980E-21    2.2045203189227752E-21    6.9708697882059681E+01             1,001            70,214            3.276s
           15         id15         born      2.00000      2.00000            0   -1.4089037394382199E-20    6.2617553645954062E-21    4.4444167399911869E+01             1,001            82,007            3.888s
           16         id16         born      2.00000      2.00000            0   -1.1982668723352026E-21    1.2856132619532447E-21    1.0728939367637027E+02             1,001            72,936            3.372s
           17         id17         born      2.00000      2.00000            0    2.6283766149140934E-21    1.1342095487593755E-21    4.3152474509306430E+01             1,001            72,976            3.244s
           18         id18         born      2.00000      2.00000            0    1.3956820952383873E-20    7.3056867397368715E-21    5.2344919839994333E+01             1,001            79,788            3.296s
           19         id19         born      2.00000      2.00000            0   -3.1414191212614199E-22    1.0621429589745201E-21    3.3810928054325410E+02             1,001            68,182            3.216s
           20         id20         born      2.00000      2.00000            0    1.6493090764912097E-03    1.3912359579134727E-06    8.4352652740699793E-02        59,479,000       985,233,684       20h 52.181m
           21         id21         born      2.00000      2.00000            0   -2.4399864833287078E-04    2.0140629305763501E-07    8.2544019990991951E-02        84,479,000       994,892,126       21h 10.788m
           22         id22         born      2.00000      2.00000            0   -2.4278725199408923E-04    1.8615438870965222E-07    7.6673872775735452E-02        82,479,000       991,898,187        21h 4.532m
           23         id23         born      2.00000      2.00000            0   -1.2745798229188918E-23    7.7613960741751320E-23    6.0893762278465249E+02             1,001           660,068           25.936s
           24         id24         born      2.00000      2.00000            0   -3.8600330043910301E-22    1.9923401679240835E-22    5.1614588933764850E+01             1,001           729,100           34.256s
           25         id25         born      2.00000      2.00000            0    1.9028482113013765E-03    1.3970593276040131E-06    7.3419378345924421E-02        81,479,000     1,004,371,097        21h 7.892m
           26         id26         born      2.00000      2.00000            0   -1.9028269146072966E-04    1.8894467873094830E-07    9.9296828986646171E-02        72,479,000     1,104,837,861        21h 7.097m
           27         id27         born      2.00000      2.00000            0   -1.5592380989062421E-22    9.4610836430782939E-23    6.0677606901184333E+01             1,001           582,921           26.764s
           28         id28         born      2.00000      2.00000            0    1.0819264914707390E-21    6.5049620285119138E-21    6.0123881611118145E+02             1,001            71,645            3.396s
           29         id29         born      2.00000      2.00000            0    2.6256301686022552E-20    7.6727847545661340E-21    2.9222640897102099E+01             1,001            76,394            3.576s
           30         id30         born      2.00000      2.00000            0    1.2665939007452103E-21    3.3590442792551362E-20    2.6520294131203509E+03             1,001            77,271            3.608s
           31         id31         born      2.00000      2.00000            0   -5.1869778306693885E-21    7.9783485131123315E-21    1.5381497229346576E+02             1,001            78,313            3.588s
           32         id32         born      2.00000      2.00000            0   -4.2612825622822562E-20    4.0728569255971275E-20    9.5578194265901672E+01             1,001            74,933            3.500s
           33         id33         born      2.00000      2.00000            0   -4.3445924019377469E-21    5.1243568783997097E-21    1.1794793168892386E+02             1,001            70,095            3.308s
           34         id34         born      2.00000      2.00000            0    5.8595430269208030E-05    5.8546849591081279E-08    9.9917091353534646E-02        65,479,000     1,037,448,824       20h 46.343m
           35         id35         born      2.00000      2.00000            0   -1.9035505538634697E-04    2.1320417371992335E-07    1.1200342081128421E-01        66,479,000     1,072,732,280       20h 54.254m
           36         id36         born      2.00000      2.00000            0   -1.4315654267119796E-22    1.0889463342934208E-22    7.6066822652633732E+01             1,001           608,271           23.152s
           37         id37         born      2.00000      2.00000            0    2.9942659077711906E-21    6.2475958572780645E-21    2.0865200518976351E+02             1,001            82,488            5.616s
           38         id38         born      2.00000      2.00000            0   -3.1874834823884793E-21    6.6076412773679458E-21    2.0729962410398554E+02             1,001            81,003            6.060s
           39         id39         born      2.00000      2.00000            0   -3.2411959727133398E-21    1.2642517964273533E-21    3.9005719094763521E+01             1,001            77,977            4.828s
           40         id40         born      2.00000      2.00000            0    1.9916582048869257E-20    1.3223320431792231E-20    6.6393522740730361E+01             1,001            82,948            6.168s
           41         id41         born      2.00000      2.00000            0   -4.9366557382039422E-20    5.5285503630175682E-20    1.1198978936758854E+02             1,001            70,963            3.932s
           42         id42         born      2.00000      2.00000            0   -3.8364824208586790E-21    8.6939057268213610E-21    2.2661137920385664E+02             1,001            74,360            5.580s
           43         id43         born      2.00000      2.00000            0   -3.6934558810654081E-21    1.6672198582125444E-21    4.5139834125529639E+01             1,001            78,957            5.892s
           44         id44         born      2.00000      2.00000            0   -6.0517449921953753E-21    1.7521520543678989E-20    2.8952840158128924E+02             1,001            73,898            3.468s
           45         id45         born      2.00000      2.00000            0    4.5084214859410328E-22    4.0347439109497062E-21    8.9493493976363288E+02             1,001            74,354            4.108s
           46         id46         born      2.00000      2.00000            0    2.2272928580394271E-19    1.1476316625386998E-19    5.1525853836253120E+01             1,001            69,745            3.276s
           47         id47         born      2.00000      2.00000            0    2.6104848143099097E-21    2.2017714092062658E-21    8.4343390819084746E+01             1,001            78,349            4.164s
           48         id48         born      2.00000      2.00000            0   -3.1541177741387613E-20    1.2865048507325926E-20    4.0788104403738558E+01             1,001            78,204            3.364s
           49         id49         born      2.00000      2.00000            0   -4.9327440447414673E-20    4.8722978180759463E-20    9.8774592273240700E+01             1,001            75,417            3.184s
           50         id50         born      2.00000      2.00000            0   -1.7315861413559098E-20    2.2670389825984743E-20    1.3092267998999350E+02             1,001            70,569            3.044s
           51         id51         born      2.00000      2.00000            0    1.2300727005586402E-21    7.3653481810898627E-22    5.9877340402277632E+01             1,001            81,606            3.352s
           52         id52         born      2.00000      2.00000            0   -1.1191691189334763E-20    8.6920564073341556E-21    7.7665263098193236E+01             1,001            80,185            4.000s
