# title = Transverse Momentum Electron
# xlabel = $p_{\text{T},\text{e}^-}\,$[GeV]
# ylabel = $\frac{\text{d}\sigma}{\text{d}p_{\text{T},\text{e}^-}}\,\left[\frac{\text{fb}}{\text{GeV}}\right]$
# xmin=  0.000E+00
# xmax=  8.000E+02
# ymin=  1.000E-06
# ymax=  1.000E-02
# kmin=  0.000E+00
# kmax=  1.000E+02
# logscale = true
# Renormalization and factorization scale scaled by: 1.0000000000
# Renormalization scaled by: 1.0000000000
# Number of generated events: 1635755722
#
#=====================================================================================
# No.       Left      Right                   Value                   Error Hits
#-------------------------------------------------------------------------------------
   1       0.00      20.00  0.000000000000000E+00  0.000000000000000E+00 0
   2      20.00      40.00  2.900268226306374E-05  2.887014581903488E-08 9342208
   3      40.00      60.00  2.775201871563910E-05  3.052449569751625E-08 7870351
   4      60.00      80.00  2.152538729970698E-05  2.784884086995005E-08 5893126
   5      80.00     100.00  1.591293894579556E-05  2.407488755768709E-08 4573731
   6     100.00     120.00  1.162467807176925E-05  2.024873282645999E-08 3648413
   7     120.00     140.00  8.528654986640207E-06  1.690935713244848E-08 2966375
   8     140.00     160.00  6.371406225223012E-06  1.438578278709098E-08 2455673
   9     160.00     180.00  4.740749105252201E-06  1.186390730731186E-08 2060913
  10     180.00     200.00  3.554308242000595E-06  9.756826551922898E-09 1748392
  11     200.00     220.00  2.722330936272589E-06  8.269585165303577E-09 1499042
  12     220.00     240.00  2.081377761456779E-06  6.912580406196445E-09 1297063
  13     240.00     260.00  1.595651626549335E-06  5.776574805642229E-09 1125791
  14     260.00     280.00  1.228549077515782E-06  4.788175561424086E-09 988019
  15     280.00     300.00  9.606881323840815E-07  4.023747469296110E-09 870776
  16     300.00     320.00  7.482798595256768E-07  3.374437459649355E-09 771630
  17     320.00     340.00  5.909760064618327E-07  2.855834672353064E-09 686017
  18     340.00     360.00  4.667948469531806E-07  2.420541329924998E-09 613410
  19     360.00     380.00  3.724255236361040E-07  2.035350736525123E-09 550854
  20     380.00     400.00  2.989085508355186E-07  1.747060305944396E-09 495352
  21     400.00     420.00  2.373162306154694E-07  1.460105752822608E-09 448058
  22     420.00     440.00  1.926139949963950E-07  1.241721788317611E-09 405247
  23     440.00     460.00  1.558976800830690E-07  1.053021727141179E-09 368857
  24     460.00     480.00  1.264725623687087E-07  9.104486766573347E-10 334235
  25     480.00     500.00  1.027897277369926E-07  7.625152513718388E-10 305827
  26     500.00     520.00  8.508895646745667E-08  6.739609288633446E-10 279228
  27     520.00     540.00  6.961061517372428E-08  5.794650610774729E-10 256495
  28     540.00     560.00  5.802964062375681E-08  5.057945371493974E-10 235049
  29     560.00     580.00  4.913058465774408E-08  4.395847732960464E-10 216847
  30     580.00     600.00  4.022835362487019E-08  3.783751197944776E-10 200925
  31     600.00     620.00  3.345635000741166E-08  3.210377002338965E-10 184686
  32     620.00     640.00  2.843365369694175E-08  2.907318654281380E-10 170842
  33     640.00     660.00  2.399501709908223E-08  2.504198256590173E-10 158269
  34     660.00     680.00  2.020658683692795E-08  2.207340186559977E-10 147391
  35     680.00     700.00  1.729770368793471E-08  1.990500529699985E-10 135987
  36     700.00     720.00  1.437703789770605E-08  1.719200980261711E-10 126413
  37     720.00     740.00  1.227500823960927E-08  1.525649414954867E-10 117489
  38     740.00     760.00  1.064546690272515E-08  1.350620015670289E-10 109697
  39     760.00     780.00  8.998871410773234E-09  1.154319863983068E-10 102650
  40     780.00     800.00  7.787055793076072E-09  1.057052022492112E-10 95565
  41     800.00     820.00  6.755755425232284E-09  9.555113456273775E-11 89232
  42     820.00     840.00  5.707687960150979E-09  8.337002040756173E-11 83374
  43     840.00     860.00  5.038163504545277E-09  7.909873279338238E-11 78289
  44     860.00     880.00  4.170211626757218E-09  6.307671107181992E-11 73021
  45     880.00     900.00  3.666232679986318E-09  5.822841284656708E-11 68668
  46     900.00     920.00  3.247740429681307E-09  5.383760802416164E-11 64759
  47     920.00     940.00  2.847677033237743E-09  4.993291741942651E-11 60452
  48     940.00     960.00  2.480442074795231E-09  4.335533985503375E-11 57298
  49     960.00     980.00  2.100683720788925E-09  3.731465002981125E-11 54006
  50     980.00    1000.00  1.849638562361209E-09  3.642109638492538E-11 50579
  51    1000.00    1020.00  1.596837238580146E-09  3.088219374982881E-11 47581
  52    1020.00    1040.00  1.453580935833358E-09  2.921002177451571E-11 45150
  53    1040.00    1060.00  1.275191769237745E-09  2.746562535941897E-11 42402
  54    1060.00    1080.00  1.076840942934457E-09  2.317030305212757E-11 40048
  55    1080.00    1100.00  9.966147505955616E-10  2.191398169230384E-11 37505
  56    1100.00    1120.00  8.796178352163645E-10  1.975987355376751E-11 35566
  57    1120.00    1140.00  7.518350667663464E-10  1.645690290854599E-11 33448
  58    1140.00    1160.00  6.752233297881853E-10  1.583850101931911E-11 31725
  59    1160.00    1180.00  5.868214801686775E-10  1.439698112395721E-11 29956
  60    1180.00    1200.00  5.349727522005806E-10  1.336237625154337E-11 28568
  61    1200.00    1220.00  4.613512244169017E-10  1.193397486829872E-11 26774
  62    1220.00    1240.00  4.069005997643152E-10  1.115427514565273E-11 25295
  63    1240.00    1260.00  3.599798925864140E-10  1.029438871890847E-11 23853
  64    1260.00    1280.00  3.504815876543300E-10  1.103558965359482E-11 23264
  65    1280.00    1300.00  2.794991507376205E-10  7.885628882662545E-12 21700
  66    1300.00    1320.00  2.700438669045321E-10  8.980155820496075E-12 20650
  67    1320.00    1340.00  2.286940174421035E-10  7.353394694428574E-12 19749
  68    1340.00    1360.00  2.036934443071842E-10  6.634861084039394E-12 18930
  69    1360.00    1380.00  1.954983508742695E-10  6.422181055861349E-12 17979
  70    1380.00    1400.00  1.629845938520539E-10  5.245805506276466E-12 16808
  71    1400.00    1420.00  1.539356479608402E-10  5.515538017708753E-12 16090
  72    1420.00    1440.00  1.304985726988339E-10  5.277671709308624E-12 15222
  73    1440.00    1460.00  1.218166763799215E-10  4.636839567829088E-12 14774
  74    1460.00    1480.00  1.059947822755986E-10  4.446484865081152E-12 13659
  75    1480.00    1500.00  9.120707006257637E-11  3.475145755055319E-12 12906
  76    1500.00    1520.00  8.731913830604357E-11  4.729351375879483E-12 12474
  77    1520.00    1540.00  7.791252450994108E-11  3.344076790938373E-12 11952
  78    1540.00    1560.00  6.521785866512814E-11  2.564382044304231E-12 11407
  79    1560.00    1580.00  6.488288590719867E-11  2.763764586811396E-12 10749
  80    1580.00    1600.00  5.135212644097963E-11  1.976226441084629E-12 10358
  81    1600.00    1620.00  4.990535420078276E-11  2.161080359300256E-12 9781
  82    1620.00    1640.00  4.557632303342786E-11  1.925621569353548E-12 9584
  83    1640.00    1660.00  4.334309801313302E-11  2.114451977111670E-12 9125
  84    1660.00    1680.00  3.642114688775902E-11  1.584558756208403E-12 8488
  85    1680.00    1700.00  3.380368848351535E-11  1.660773317350099E-12 8120
  86    1700.00    1720.00  3.047931419944504E-11  1.799089507587598E-12 7720
  87    1720.00    1740.00  2.680979415630212E-11  1.599669844519115E-12 7361
  88    1740.00    1760.00  2.263030032477064E-11  1.291048886010209E-12 7097
  89    1760.00    1780.00  2.245724303835125E-11  1.223484655589641E-12 6615
  90    1780.00    1800.00  1.977899318628674E-11  1.232495686345708E-12 6518
  91    1800.00    1820.00  1.554533991690293E-11  7.845371001595120E-13 6128
  92    1820.00    1840.00  1.771604982747833E-11  1.234549572647199E-12 5822
  93    1840.00    1860.00  1.477228023224011E-11  8.597929224750928E-13 5815
  94    1860.00    1880.00  1.437771035845081E-11  1.002521777496026E-12 5390
  95    1880.00    1900.00  1.383753158149141E-11  1.017299178800054E-12 5230
  96    1900.00    1920.00  1.090162480956283E-11  8.072748842622136E-13 4806
  97    1920.00    1940.00  1.030059471713711E-11  6.385034000828791E-13 4734
  98    1940.00    1960.00  8.498726869969476E-12  5.311890412937806E-13 4441
  99    1960.00    1980.00  7.768812336887962E-12  5.241637692446769E-13 4296
 100    1980.00    2000.00  8.495918454955965E-12  6.682865377776301E-13 4199
 101    2000.00    2020.00  7.619151189824013E-12  5.453807769843631E-13 4143
 102    2020.00    2040.00  6.460803099500456E-12  4.345465202579702E-13 3805
 103    2040.00    2060.00  6.064611408788638E-12  4.694674158246937E-13 3578
 104    2060.00    2080.00  5.155941564276290E-12  4.132809829198315E-13 3532
 105    2080.00    2100.00  4.344360202084884E-12  2.814523839154299E-13 3365
 106    2100.00    2120.00  4.952228713247894E-12  5.370866116349047E-13 3211
 107    2120.00    2140.00  4.973833554430693E-12  1.225623617726346E-12 3151
 108    2140.00    2160.00  3.358986425889357E-12  3.637061112827472E-13 2889
 109    2160.00    2180.00  2.924622760636991E-12  2.284751536818796E-13 2838
 110    2180.00    2200.00  3.053436161113737E-12  2.266553338701621E-13 2733
 111    2200.00    2220.00  3.273829942406084E-12  3.481801836521530E-13 2468
 112    2220.00    2240.00  2.648250824325612E-12  2.979787680358331E-13 2500
 113    2240.00    2260.00  2.204883201276523E-12  2.355920595847744E-13 2378
 114    2260.00    2280.00  1.883768244151419E-12  1.699465267135292E-13 2265
 115    2280.00    2300.00  1.874657014930618E-12  1.900994983462006E-13 2169
 116    2300.00    2320.00  1.495697072485568E-12  1.222363735577818E-13 2097
 117    2320.00    2340.00  1.562402279919720E-12  1.981755665713627E-13 1971
 118    2340.00    2360.00  1.444844658616544E-12  1.316746590110277E-13 1876
 119    2360.00    2380.00  1.214045207454456E-12  1.342408306814890E-13 1776
 120    2380.00    2400.00  1.169428303676109E-12  1.104337818845965E-13 1784
 121    2400.00    2420.00  8.750726854645635E-13  9.076629105922575E-14 1687
 122    2420.00    2440.00  1.165681406156349E-12  1.820593635483220E-13 1537
 123    2440.00    2460.00  9.501015453218048E-13  1.507601462671821E-13 1550
 124    2460.00    2480.00  7.506180052102762E-13  8.575230980147586E-14 1517
 125    2480.00    2500.00  6.267334877491369E-13  7.167255529640185E-14 1420
 126    2500.00    2520.00  6.468806255190223E-13  7.373106212761961E-14 1334
 127    2520.00    2540.00  5.715791547743016E-13  8.463857886153462E-14 1281
 128    2540.00    2560.00  6.960990702771745E-13  1.116111093984861E-13 1258
 129    2560.00    2580.00  4.803344509900168E-13  6.545326200541702E-14 1178
 130    2580.00    2600.00  4.611135428548528E-13  5.299942661105128E-14 1156
 131    2600.00    2620.00  3.201418762722145E-13  3.946292955952846E-14 1112
 132    2620.00    2640.00  3.774293760481405E-13  4.734036010909784E-14 1024
 133    2640.00    2660.00  3.780384658056647E-13  4.734678932786261E-14 1019
 134    2660.00    2680.00  5.006670600843713E-13  1.054640596525944E-13 994
 135    2680.00    2700.00  2.396046392459448E-13  3.534563057527275E-14 888
 136    2700.00    2720.00  3.148006116834695E-13  4.000387992226988E-14 895
 137    2720.00    2740.00  1.867380100984299E-13  2.155570082016311E-14 867
 138    2740.00    2760.00  2.718669114569470E-13  5.662120894187285E-14 853
 139    2760.00    2780.00  1.870573781195203E-13  2.512448564647989E-14 803
 140    2780.00    2800.00  2.240335066969957E-13  3.175041440648579E-14 805
 141    2800.00    2820.00  1.895930181286124E-13  3.117809159961715E-14 749
 142    2820.00    2840.00  1.260673117665290E-13  1.918383384640539E-14 752
 143    2840.00    2860.00  1.448638378697421E-13  2.219408649504505E-14 685
 144    2860.00    2880.00  1.921990577773671E-13  6.541045117913454E-14 643
 145    2880.00    2900.00  9.600502370508398E-14  1.391208900917614E-14 629
 146    2900.00    2920.00  9.177265117232956E-14  1.674721882642225E-14 552
 147    2920.00    2940.00  7.395718839099711E-14  1.070670018702637E-14 562
 148    2940.00    2960.00  8.423330983680382E-14  1.575555174146615E-14 537
 149    2960.00    2980.00  8.115571428454179E-14  2.063872301296549E-14 528
 150    2980.00    3000.00  5.198353091533250E-14  7.398942446341149E-15 485
 151    3000.00    3020.00  7.336961513328643E-14  1.834218267015422E-14 521
 152    3020.00    3040.00  5.687286479833750E-14  1.348079288861700E-14 418
 153    3040.00    3060.00  5.641089476767635E-14  9.216666622206583E-15 437
 154    3060.00    3080.00  4.029502997429658E-14  7.301728886717396E-15 422
 155    3080.00    3100.00  2.763201967822305E-14  4.633678853751625E-15 407
 156    3100.00    3120.00  3.318161317127074E-14  5.874618261043525E-15 358
 157    3120.00    3140.00  4.224743996364137E-14  8.844269264596727E-15 374
 158    3140.00    3160.00  3.002820028460618E-14  1.040750973605611E-14 323
 159    3160.00    3180.00  3.961160621297849E-14  1.025811078023934E-14 342
 160    3180.00    3200.00  3.123616697060924E-14  7.450683397417243E-15 339
 161    3200.00    3220.00  2.803150841988938E-14  5.396010239697521E-15 291
 162    3220.00    3240.00  2.064019061266912E-14  3.790621955121413E-15 275
 163    3240.00    3260.00  1.831813228075978E-14  3.791043601814583E-15 305
 164    3260.00    3280.00  1.253169311805018E-14  2.825297503394015E-15 272
 165    3280.00    3300.00  1.101182721202209E-14  2.718848340514293E-15 253
 166    3300.00    3320.00  1.186967578039398E-14  2.633911624036869E-15 264
 167    3320.00    3340.00  1.248386103834111E-14  3.476284926892524E-15 227
 168    3340.00    3360.00  1.734530694392807E-14  3.750735698930284E-15 234
 169    3360.00    3380.00  1.691771716498863E-14  4.535557739255528E-15 214
 170    3380.00    3400.00  7.439081173414912E-15  1.410223916143482E-15 177
 171    3400.00    3420.00  7.477264932624162E-15  2.755369314021144E-15 200
 172    3420.00    3440.00  6.308422545814106E-15  1.327368715294696E-15 185
 173    3440.00    3460.00  7.783567455150739E-15  2.622529644571099E-15 180
 174    3460.00    3480.00  6.652761948080992E-15  1.904944142687181E-15 166
 175    3480.00    3500.00  4.164956834713071E-15  9.753381687954107E-16 165
 176    3500.00    3520.00  2.977001380122631E-15  8.726013759882572E-16 143
 177    3520.00    3540.00  3.663202052945323E-15  8.271275142294922E-16 143
 178    3540.00    3560.00  3.904451151971428E-15  1.130456088549068E-15 139
 179    3560.00    3580.00  3.122536484028286E-15  7.366271767528022E-16 132
 180    3580.00    3600.00  4.860648040033722E-15  1.435387274341935E-15 134
 181    3600.00    3620.00  2.772402047057303E-15  9.041437018154019E-16 132
 182    3620.00    3640.00  2.395651005177104E-15  6.995983125355964E-16 123
 183    3640.00    3660.00  1.679111368581755E-15  4.635529895714021E-16 143
 184    3660.00    3680.00  2.062956628180522E-15  6.248052348720624E-16 123
 185    3680.00    3700.00  1.518379491633497E-15  3.949609193745011E-16 110
 186    3700.00    3720.00  2.539137519864674E-15  7.701460402333412E-16 117
 187    3720.00    3740.00  1.801332630133747E-15  4.310696637473932E-16 96
 188    3740.00    3760.00  1.264006951309680E-15  4.746430244107124E-16 97
 189    3760.00    3780.00  9.939995108827928E-16  3.691602071891577E-16 90
 190    3780.00    3800.00  1.321956266785540E-15  6.748738161848354E-16 78
 191    3800.00    3820.00  1.032220880775210E-15  2.700984978310163E-16 97
 192    3820.00    3840.00  1.685329398070563E-15  6.128928095742682E-16 77
 193    3840.00    3860.00  8.286723448831164E-16  3.234256274295051E-16 72
 194    3860.00    3880.00  5.746374243992594E-16  1.833526576591713E-16 67
 195    3880.00    3900.00  6.236381366965673E-16  2.097538957868838E-16 69
 196    3900.00    3920.00  2.133628339122353E-15  1.140861810976598E-15 57
 197    3920.00    3940.00  4.317213916845829E-16  1.336672060282191E-16 62
 198    3940.00    3960.00  6.660583100819875E-16  2.071727435751884E-16 53
 199    3960.00    3980.00  4.915328735140487E-16  2.122981205050257E-16 50
 200    3980.00    4000.00  6.364909609261440E-16  1.983544436761834E-16 61
 201    4000.00    4020.00  6.328906952302922E-16  2.260666743889410E-16 56
 202    4020.00    4040.00  4.494046602221506E-16  2.384203666400706E-16 46
 203    4040.00    4060.00  1.488466292151494E-16  5.841955690240417E-17 39
 204    4060.00    4080.00  6.578873144467073E-16  2.947109730736621E-16 50
 205    4080.00    4100.00  1.870294315669275E-16  1.104246527194471E-16 52
 206    4100.00    4120.00  5.050990946530118E-16  3.623131606386800E-16 35
 207    4120.00    4140.00  1.150794961492384E-16  4.428833194519030E-17 34
 208    4140.00    4160.00  1.072460665738732E-16  4.458074128695681E-17 33
 209    4160.00    4180.00  1.806011083930142E-16  7.655681657437194E-17 30
 210    4180.00    4200.00  6.164924132591766E-17  2.551959676447154E-17 44
 211    4200.00    4220.00  4.211284215535489E-16  2.927226293170805E-16 31
 212    4220.00    4240.00  2.021961129355399E-16  7.897471732697810E-17 33
 213    4240.00    4260.00  7.080566238640327E-17  3.559091353035807E-17 18
 214    4260.00    4280.00  3.183564324270477E-16  2.766434232746035E-16 22
 215    4280.00    4300.00  2.740028429631746E-17  1.309253586589374E-17 16
 216    4300.00    4320.00  2.247984369540447E-16  1.047355623427051E-16 23
 217    4320.00    4340.00  1.687529883979911E-17  7.250903018886283E-18 21
 218    4340.00    4360.00  1.345015310541557E-17  9.079980502285992E-18 15
 219    4360.00    4380.00  1.039747057482863E-16  5.974461096313177E-17 22
 220    4380.00    4400.00  1.995923972435420E-16  1.732365748700701E-16 18
 221    4400.00    4420.00  4.873628633846924E-17  1.860113289871141E-17 26
 222    4420.00    4440.00  2.167453783236052E-17  1.082552108139070E-17 18
 223    4440.00    4460.00  8.002185413791592E-18  3.762176304303152E-18 20
 224    4460.00    4480.00  2.055987147564624E-17  1.619995295483017E-17 20
 225    4480.00    4500.00  1.432574576218051E-16  1.177180701352322E-16 17
 226    4500.00    4520.00  6.620952423724368E-17  4.137688973570259E-17 19
 227    4520.00    4540.00  2.183632302674870E-17  1.131523635532529E-17 16
 228    4540.00    4560.00  3.129768818670711E-17  2.257577375202153E-17 12
 229    4560.00    4580.00  1.592569494461393E-17  8.331623435649032E-18 12
 230    4580.00    4600.00  6.741611713811745E-18  3.091999792094968E-18 13
 231    4600.00    4620.00  1.939484076213958E-17  1.158678824718828E-17 11
 232    4620.00    4640.00  1.602938796209373E-17  1.015980653179327E-17 16
 233    4640.00    4660.00  9.698745916640160E-18  4.982951213593988E-18 16
 234    4660.00    4680.00  2.334538380928076E-18  1.102356318492533E-18 8
 235    4680.00    4700.00  9.391623450190241E-18  6.195227844601656E-18 5
 236    4700.00    4720.00  2.222945652521692E-18  1.288272244723390E-18 9
 237    4720.00    4740.00  4.153755923434930E-18  3.867894778288254E-18 7
 238    4740.00    4760.00  8.715067795025489E-18  6.143437748627335E-18 4
 239    4760.00    4780.00  6.181232547566549E-19  5.643053007637373E-19 4
 240    4780.00    4800.00  6.755127303302511E-18  4.761763433054496E-18 8
 241    4800.00    4820.00  1.161151134672539E-18  9.881261372164769E-19 3
 242    4820.00    4840.00  1.588639307556673E-20  1.028717794332302E-20 3
 243    4840.00    4860.00  6.186833322230746E-19  3.508862419745353E-19 5
 244    4860.00    4880.00  4.282720641990558E-18  3.725297627181515E-18 8
 245    4880.00    4900.00  9.283206845746222E-20  5.059453406002415E-20 4
 246    4900.00    4920.00  4.387534986854966E-20  2.626824051819245E-20 3
 247    4920.00    4940.00  1.466566774552423E-18  1.408535708719924E-18 4
 248    4940.00    4960.00  1.798322456926953E-18  1.610423463741562E-18 6
 249    4960.00    4980.00  1.614279036228206E-20  1.611893710758136E-20 2
 250    4980.00    5000.00  4.517444988445735E-19  2.609328617298435E-19 3
 251    5000.00    5020.00  3.021142163618577E-20  3.021142162695108E-20 1
 252    5020.00    5040.00  5.097285750271720E-19  5.092081741948635E-19 2
 253    5040.00    5060.00  1.075410476681550E-18  9.048642857120814E-19 3
 254    5060.00    5080.00  1.272236739257660E-18  1.272075287880645E-18 2
 255    5080.00    5100.00  1.661079641464590E-18  1.348356722618633E-18 3
 256    5100.00    5120.00  3.025355980452149E-19  2.991764114841777E-19 2
 257    5120.00    5140.00  5.298760851886830E-19  3.822103822562771E-19 6
 258    5140.00    5160.00  5.755483299017519E-19  3.572602401317128E-19 3
 259    5160.00    5180.00  1.612741724686224E-20  1.612741724193259E-20 1
 260    5180.00    5200.00  0.000000000000000E+00  0.000000000000000E+00 0
 261    5200.00    5220.00  3.337330676969126E-20  3.254108831245801E-20 2
 262    5220.00    5240.00  3.531149845225188E-24  3.531149844145825E-24 1
 263    5240.00    5260.00  0.000000000000000E+00  0.000000000000000E+00 0
 264    5260.00    5280.00  2.306046502205992E-20  2.306046501501104E-20 1
 265    5280.00    5300.00  1.472134785601702E-22  1.124939703066106E-22 2
 266    5300.00    5320.00  0.000000000000000E+00  0.000000000000000E+00 0
 267    5320.00    5340.00  3.332802756590525E-19  3.275999214450020E-19 2
 268    5340.00    5360.00  2.221885965435327E-21  2.221885964756165E-21 1
 269    5360.00    5380.00  0.000000000000000E+00  0.000000000000000E+00 0
 270    5380.00    5400.00  9.659359823445727E-21  9.659359820493160E-21 1
 271    5400.00    5420.00  0.000000000000000E+00  0.000000000000000E+00 0
 272    5420.00    5440.00  0.000000000000000E+00  0.000000000000000E+00 0
 273    5440.00    5460.00  0.000000000000000E+00  0.000000000000000E+00 0
 274    5460.00    5480.00  0.000000000000000E+00  0.000000000000000E+00 0
 275    5480.00    5500.00  3.004766340324942E-21  3.004766339406478E-21 1
 276    5500.00    5520.00  0.000000000000000E+00  0.000000000000000E+00 0
 277    5520.00    5540.00  0.000000000000000E+00  0.000000000000000E+00 0
 278    5540.00    5560.00  0.000000000000000E+00  0.000000000000000E+00 0
 279    5560.00    5580.00  0.000000000000000E+00  0.000000000000000E+00 0
 280    5580.00    5600.00  0.000000000000000E+00  0.000000000000000E+00 0
 281    5600.00    5620.00  0.000000000000000E+00  0.000000000000000E+00 0
 282    5620.00    5640.00  0.000000000000000E+00  0.000000000000000E+00 0
 283    5640.00    5660.00  0.000000000000000E+00  0.000000000000000E+00 0
 284    5660.00    5680.00  0.000000000000000E+00  0.000000000000000E+00 0
 285    5680.00    5700.00  0.000000000000000E+00  0.000000000000000E+00 0
 286    5700.00    5720.00  0.000000000000000E+00  0.000000000000000E+00 0
 287    5720.00    5740.00  0.000000000000000E+00  0.000000000000000E+00 0
 288    5740.00    5760.00  0.000000000000000E+00  0.000000000000000E+00 0
 289    5760.00    5780.00  0.000000000000000E+00  0.000000000000000E+00 0
 290    5780.00    5800.00  0.000000000000000E+00  0.000000000000000E+00 0
 291    5800.00    5820.00  0.000000000000000E+00  0.000000000000000E+00 0
 292    5820.00    5840.00  0.000000000000000E+00  0.000000000000000E+00 0
 293    5840.00    5860.00  0.000000000000000E+00  0.000000000000000E+00 0
 294    5860.00    5880.00  0.000000000000000E+00  0.000000000000000E+00 0
 295    5880.00    5900.00  0.000000000000000E+00  0.000000000000000E+00 0
 296    5900.00    5920.00  0.000000000000000E+00  0.000000000000000E+00 0
 297    5920.00    5940.00  0.000000000000000E+00  0.000000000000000E+00 0
 298    5940.00    5960.00  0.000000000000000E+00  0.000000000000000E+00 0
 299    5960.00    5980.00  0.000000000000000E+00  0.000000000000000E+00 0
 300    5980.00    6000.00  0.000000000000000E+00  0.000000000000000E+00 0
 301    6000.00    6020.00  0.000000000000000E+00  0.000000000000000E+00 0
 302    6020.00    6040.00  0.000000000000000E+00  0.000000000000000E+00 0
 303    6040.00    6060.00  0.000000000000000E+00  0.000000000000000E+00 0
 304    6060.00    6080.00  0.000000000000000E+00  0.000000000000000E+00 0
 305    6080.00    6100.00  0.000000000000000E+00  0.000000000000000E+00 0
 306    6100.00    6120.00  0.000000000000000E+00  0.000000000000000E+00 0
 307    6120.00    6140.00  0.000000000000000E+00  0.000000000000000E+00 0
 308    6140.00    6160.00  0.000000000000000E+00  0.000000000000000E+00 0
 309    6160.00    6180.00  0.000000000000000E+00  0.000000000000000E+00 0
 310    6180.00    6200.00  0.000000000000000E+00  0.000000000000000E+00 0
 311    6200.00    6220.00  0.000000000000000E+00  0.000000000000000E+00 0
 312    6220.00    6240.00  0.000000000000000E+00  0.000000000000000E+00 0
 313    6240.00    6260.00  0.000000000000000E+00  0.000000000000000E+00 0
 314    6260.00    6280.00  0.000000000000000E+00  0.000000000000000E+00 0
 315    6280.00    6300.00  0.000000000000000E+00  0.000000000000000E+00 0
 316    6300.00    6320.00  0.000000000000000E+00  0.000000000000000E+00 0
 317    6320.00    6340.00  0.000000000000000E+00  0.000000000000000E+00 0
 318    6340.00    6360.00  0.000000000000000E+00  0.000000000000000E+00 0
 319    6360.00    6380.00  0.000000000000000E+00  0.000000000000000E+00 0
 320    6380.00    6400.00  0.000000000000000E+00  0.000000000000000E+00 0
 321    6400.00    6420.00  0.000000000000000E+00  0.000000000000000E+00 0
 322    6420.00    6440.00  0.000000000000000E+00  0.000000000000000E+00 0
 323    6440.00    6460.00  0.000000000000000E+00  0.000000000000000E+00 0
 324    6460.00    6480.00  0.000000000000000E+00  0.000000000000000E+00 0
 325    6480.00    6500.00  0.000000000000000E+00  0.000000000000000E+00 0
 326    6500.00    6520.00  0.000000000000000E+00  0.000000000000000E+00 0
 327    6520.00    6540.00  0.000000000000000E+00  0.000000000000000E+00 0
 328    6540.00    6560.00  0.000000000000000E+00  0.000000000000000E+00 0
 329    6560.00    6580.00  0.000000000000000E+00  0.000000000000000E+00 0
 330    6580.00    6600.00  0.000000000000000E+00  0.000000000000000E+00 0
 331    6600.00    6620.00  0.000000000000000E+00  0.000000000000000E+00 0
 332    6620.00    6640.00  0.000000000000000E+00  0.000000000000000E+00 0
 333    6640.00    6660.00  0.000000000000000E+00  0.000000000000000E+00 0
 334    6660.00    6680.00  0.000000000000000E+00  0.000000000000000E+00 0
 335    6680.00    6700.00  0.000000000000000E+00  0.000000000000000E+00 0
 336    6700.00    6720.00  0.000000000000000E+00  0.000000000000000E+00 0
 337    6720.00    6740.00  0.000000000000000E+00  0.000000000000000E+00 0
 338    6740.00    6760.00  0.000000000000000E+00  0.000000000000000E+00 0
 339    6760.00    6780.00  0.000000000000000E+00  0.000000000000000E+00 0
 340    6780.00    6800.00  0.000000000000000E+00  0.000000000000000E+00 0
 341    6800.00    6820.00  0.000000000000000E+00  0.000000000000000E+00 0
 342    6820.00    6840.00  0.000000000000000E+00  0.000000000000000E+00 0
 343    6840.00    6860.00  0.000000000000000E+00  0.000000000000000E+00 0
 344    6860.00    6880.00  0.000000000000000E+00  0.000000000000000E+00 0
 345    6880.00    6900.00  0.000000000000000E+00  0.000000000000000E+00 0
 346    6900.00    6920.00  0.000000000000000E+00  0.000000000000000E+00 0
 347    6920.00    6940.00  0.000000000000000E+00  0.000000000000000E+00 0
 348    6940.00    6960.00  0.000000000000000E+00  0.000000000000000E+00 0
 349    6960.00    6980.00  0.000000000000000E+00  0.000000000000000E+00 0
 350    6980.00    7000.00  0.000000000000000E+00  0.000000000000000E+00 0
 351    7000.00    7020.00  0.000000000000000E+00  0.000000000000000E+00 0
 352    7020.00    7040.00  0.000000000000000E+00  0.000000000000000E+00 0
 353    7040.00    7060.00  0.000000000000000E+00  0.000000000000000E+00 0
 354    7060.00    7080.00  0.000000000000000E+00  0.000000000000000E+00 0
 355    7080.00    7100.00  0.000000000000000E+00  0.000000000000000E+00 0
 356    7100.00    7120.00  0.000000000000000E+00  0.000000000000000E+00 0
 357    7120.00    7140.00  0.000000000000000E+00  0.000000000000000E+00 0
 358    7140.00    7160.00  0.000000000000000E+00  0.000000000000000E+00 0
 359    7160.00    7180.00  0.000000000000000E+00  0.000000000000000E+00 0
 360    7180.00    7200.00  0.000000000000000E+00  0.000000000000000E+00 0
 361    7200.00    7220.00  0.000000000000000E+00  0.000000000000000E+00 0
 362    7220.00    7240.00  0.000000000000000E+00  0.000000000000000E+00 0
 363    7240.00    7260.00  0.000000000000000E+00  0.000000000000000E+00 0
 364    7260.00    7280.00  0.000000000000000E+00  0.000000000000000E+00 0
 365    7280.00    7300.00  0.000000000000000E+00  0.000000000000000E+00 0
 366    7300.00    7320.00  0.000000000000000E+00  0.000000000000000E+00 0
 367    7320.00    7340.00  0.000000000000000E+00  0.000000000000000E+00 0
 368    7340.00    7360.00  0.000000000000000E+00  0.000000000000000E+00 0
 369    7360.00    7380.00  0.000000000000000E+00  0.000000000000000E+00 0
 370    7380.00    7400.00  0.000000000000000E+00  0.000000000000000E+00 0
 371    7400.00    7420.00  0.000000000000000E+00  0.000000000000000E+00 0
 372    7420.00    7440.00  0.000000000000000E+00  0.000000000000000E+00 0
 373    7440.00    7460.00  0.000000000000000E+00  0.000000000000000E+00 0
 374    7460.00    7480.00  0.000000000000000E+00  0.000000000000000E+00 0
 375    7480.00    7500.00  0.000000000000000E+00  0.000000000000000E+00 0
 376    7500.00    7520.00  0.000000000000000E+00  0.000000000000000E+00 0
 377    7520.00    7540.00  0.000000000000000E+00  0.000000000000000E+00 0
 378    7540.00    7560.00  0.000000000000000E+00  0.000000000000000E+00 0
 379    7560.00    7580.00  0.000000000000000E+00  0.000000000000000E+00 0
 380    7580.00    7600.00  0.000000000000000E+00  0.000000000000000E+00 0
 381    7600.00    7620.00  0.000000000000000E+00  0.000000000000000E+00 0
 382    7620.00    7640.00  0.000000000000000E+00  0.000000000000000E+00 0
 383    7640.00    7660.00  0.000000000000000E+00  0.000000000000000E+00 0
 384    7660.00    7680.00  0.000000000000000E+00  0.000000000000000E+00 0
 385    7680.00    7700.00  0.000000000000000E+00  0.000000000000000E+00 0
 386    7700.00    7720.00  0.000000000000000E+00  0.000000000000000E+00 0
 387    7720.00    7740.00  0.000000000000000E+00  0.000000000000000E+00 0
 388    7740.00    7760.00  0.000000000000000E+00  0.000000000000000E+00 0
 389    7760.00    7780.00  0.000000000000000E+00  0.000000000000000E+00 0
 390    7780.00    7800.00  0.000000000000000E+00  0.000000000000000E+00 0
 391    7800.00    7820.00  0.000000000000000E+00  0.000000000000000E+00 0
 392    7820.00    7840.00  0.000000000000000E+00  0.000000000000000E+00 0
 393    7840.00    7860.00  0.000000000000000E+00  0.000000000000000E+00 0
 394    7860.00    7880.00  0.000000000000000E+00  0.000000000000000E+00 0
 395    7880.00    7900.00  0.000000000000000E+00  0.000000000000000E+00 0
 396    7900.00    7920.00  0.000000000000000E+00  0.000000000000000E+00 0
 397    7920.00    7940.00  0.000000000000000E+00  0.000000000000000E+00 0
 398    7940.00    7960.00  0.000000000000000E+00  0.000000000000000E+00 0
 399    7960.00    7980.00  0.000000000000000E+00  0.000000000000000E+00 0
 400    7980.00    8000.00  0.000000000000000E+00  0.000000000000000E+00 0
 401    8000.00    8020.00  0.000000000000000E+00  0.000000000000000E+00 0
 402    8020.00    8040.00  0.000000000000000E+00  0.000000000000000E+00 0
 403    8040.00    8060.00  0.000000000000000E+00  0.000000000000000E+00 0
 404    8060.00    8080.00  0.000000000000000E+00  0.000000000000000E+00 0
 405    8080.00    8100.00  0.000000000000000E+00  0.000000000000000E+00 0
 406    8100.00    8120.00  0.000000000000000E+00  0.000000000000000E+00 0
 407    8120.00    8140.00  0.000000000000000E+00  0.000000000000000E+00 0
 408    8140.00    8160.00  0.000000000000000E+00  0.000000000000000E+00 0
 409    8160.00    8180.00  0.000000000000000E+00  0.000000000000000E+00 0
 410    8180.00    8200.00  0.000000000000000E+00  0.000000000000000E+00 0
 411    8200.00    8220.00  0.000000000000000E+00  0.000000000000000E+00 0
 412    8220.00    8240.00  0.000000000000000E+00  0.000000000000000E+00 0
 413    8240.00    8260.00  0.000000000000000E+00  0.000000000000000E+00 0
 414    8260.00    8280.00  0.000000000000000E+00  0.000000000000000E+00 0
 415    8280.00    8300.00  0.000000000000000E+00  0.000000000000000E+00 0
 416    8300.00    8320.00  0.000000000000000E+00  0.000000000000000E+00 0
 417    8320.00    8340.00  0.000000000000000E+00  0.000000000000000E+00 0
 418    8340.00    8360.00  0.000000000000000E+00  0.000000000000000E+00 0
 419    8360.00    8380.00  0.000000000000000E+00  0.000000000000000E+00 0
 420    8380.00    8400.00  0.000000000000000E+00  0.000000000000000E+00 0
 421    8400.00    8420.00  0.000000000000000E+00  0.000000000000000E+00 0
 422    8420.00    8440.00  0.000000000000000E+00  0.000000000000000E+00 0
 423    8440.00    8460.00  0.000000000000000E+00  0.000000000000000E+00 0
 424    8460.00    8480.00  0.000000000000000E+00  0.000000000000000E+00 0
 425    8480.00    8500.00  0.000000000000000E+00  0.000000000000000E+00 0
 426    8500.00    8520.00  0.000000000000000E+00  0.000000000000000E+00 0
 427    8520.00    8540.00  0.000000000000000E+00  0.000000000000000E+00 0
 428    8540.00    8560.00  0.000000000000000E+00  0.000000000000000E+00 0
 429    8560.00    8580.00  0.000000000000000E+00  0.000000000000000E+00 0
 430    8580.00    8600.00  0.000000000000000E+00  0.000000000000000E+00 0
 431    8600.00    8620.00  0.000000000000000E+00  0.000000000000000E+00 0
 432    8620.00    8640.00  0.000000000000000E+00  0.000000000000000E+00 0
 433    8640.00    8660.00  0.000000000000000E+00  0.000000000000000E+00 0
 434    8660.00    8680.00  0.000000000000000E+00  0.000000000000000E+00 0
 435    8680.00    8700.00  0.000000000000000E+00  0.000000000000000E+00 0
 436    8700.00    8720.00  0.000000000000000E+00  0.000000000000000E+00 0
 437    8720.00    8740.00  0.000000000000000E+00  0.000000000000000E+00 0
 438    8740.00    8760.00  0.000000000000000E+00  0.000000000000000E+00 0
 439    8760.00    8780.00  0.000000000000000E+00  0.000000000000000E+00 0
 440    8780.00    8800.00  0.000000000000000E+00  0.000000000000000E+00 0
 441    8800.00    8820.00  0.000000000000000E+00  0.000000000000000E+00 0
 442    8820.00    8840.00  0.000000000000000E+00  0.000000000000000E+00 0
 443    8840.00    8860.00  0.000000000000000E+00  0.000000000000000E+00 0
 444    8860.00    8880.00  0.000000000000000E+00  0.000000000000000E+00 0
 445    8880.00    8900.00  0.000000000000000E+00  0.000000000000000E+00 0
 446    8900.00    8920.00  0.000000000000000E+00  0.000000000000000E+00 0
 447    8920.00    8940.00  0.000000000000000E+00  0.000000000000000E+00 0
 448    8940.00    8960.00  0.000000000000000E+00  0.000000000000000E+00 0
 449    8960.00    8980.00  0.000000000000000E+00  0.000000000000000E+00 0
 450    8980.00    9000.00  0.000000000000000E+00  0.000000000000000E+00 0
 451    9000.00    9020.00  0.000000000000000E+00  0.000000000000000E+00 0
 452    9020.00    9040.00  0.000000000000000E+00  0.000000000000000E+00 0
 453    9040.00    9060.00  0.000000000000000E+00  0.000000000000000E+00 0
 454    9060.00    9080.00  0.000000000000000E+00  0.000000000000000E+00 0
 455    9080.00    9100.00  0.000000000000000E+00  0.000000000000000E+00 0
 456    9100.00    9120.00  0.000000000000000E+00  0.000000000000000E+00 0
 457    9120.00    9140.00  0.000000000000000E+00  0.000000000000000E+00 0
 458    9140.00    9160.00  0.000000000000000E+00  0.000000000000000E+00 0
 459    9160.00    9180.00  0.000000000000000E+00  0.000000000000000E+00 0
 460    9180.00    9200.00  0.000000000000000E+00  0.000000000000000E+00 0
 461    9200.00    9220.00  0.000000000000000E+00  0.000000000000000E+00 0
 462    9220.00    9240.00  0.000000000000000E+00  0.000000000000000E+00 0
 463    9240.00    9260.00  0.000000000000000E+00  0.000000000000000E+00 0
 464    9260.00    9280.00  0.000000000000000E+00  0.000000000000000E+00 0
 465    9280.00    9300.00  0.000000000000000E+00  0.000000000000000E+00 0
 466    9300.00    9320.00  0.000000000000000E+00  0.000000000000000E+00 0
 467    9320.00    9340.00  0.000000000000000E+00  0.000000000000000E+00 0
 468    9340.00    9360.00  0.000000000000000E+00  0.000000000000000E+00 0
 469    9360.00    9380.00  0.000000000000000E+00  0.000000000000000E+00 0
 470    9380.00    9400.00  0.000000000000000E+00  0.000000000000000E+00 0
 471    9400.00    9420.00  0.000000000000000E+00  0.000000000000000E+00 0
 472    9420.00    9440.00  0.000000000000000E+00  0.000000000000000E+00 0
 473    9440.00    9460.00  0.000000000000000E+00  0.000000000000000E+00 0
 474    9460.00    9480.00  0.000000000000000E+00  0.000000000000000E+00 0
 475    9480.00    9500.00  0.000000000000000E+00  0.000000000000000E+00 0
 476    9500.00    9520.00  0.000000000000000E+00  0.000000000000000E+00 0
 477    9520.00    9540.00  0.000000000000000E+00  0.000000000000000E+00 0
 478    9540.00    9560.00  0.000000000000000E+00  0.000000000000000E+00 0
 479    9560.00    9580.00  0.000000000000000E+00  0.000000000000000E+00 0
 480    9580.00    9600.00  0.000000000000000E+00  0.000000000000000E+00 0
 481    9600.00    9620.00  0.000000000000000E+00  0.000000000000000E+00 0
 482    9620.00    9640.00  0.000000000000000E+00  0.000000000000000E+00 0
 483    9640.00    9660.00  0.000000000000000E+00  0.000000000000000E+00 0
 484    9660.00    9680.00  0.000000000000000E+00  0.000000000000000E+00 0
 485    9680.00    9700.00  0.000000000000000E+00  0.000000000000000E+00 0
 486    9700.00    9720.00  0.000000000000000E+00  0.000000000000000E+00 0
 487    9720.00    9740.00  0.000000000000000E+00  0.000000000000000E+00 0
 488    9740.00    9760.00  0.000000000000000E+00  0.000000000000000E+00 0
 489    9760.00    9780.00  0.000000000000000E+00  0.000000000000000E+00 0
 490    9780.00    9800.00  0.000000000000000E+00  0.000000000000000E+00 0
 491    9800.00    9820.00  0.000000000000000E+00  0.000000000000000E+00 0
 492    9820.00    9840.00  0.000000000000000E+00  0.000000000000000E+00 0
 493    9840.00    9860.00  0.000000000000000E+00  0.000000000000000E+00 0
 494    9860.00    9880.00  0.000000000000000E+00  0.000000000000000E+00 0
 495    9880.00    9900.00  0.000000000000000E+00  0.000000000000000E+00 0
 496    9900.00    9920.00  0.000000000000000E+00  0.000000000000000E+00 0
 497    9920.00    9940.00  0.000000000000000E+00  0.000000000000000E+00 0
 498    9940.00    9960.00  0.000000000000000E+00  0.000000000000000E+00 0
 499    9960.00    9980.00  0.000000000000000E+00  0.000000000000000E+00 0
 500    9980.00   10000.00  0.000000000000000E+00  0.000000000000000E+00 0
 501   10000.00   10020.00  0.000000000000000E+00  0.000000000000000E+00 0
 502   10020.00   10040.00  0.000000000000000E+00  0.000000000000000E+00 0
 503   10040.00   10060.00  0.000000000000000E+00  0.000000000000000E+00 0
 504   10060.00   10080.00  0.000000000000000E+00  0.000000000000000E+00 0
 505   10080.00   10100.00  0.000000000000000E+00  0.000000000000000E+00 0
 506   10100.00   10120.00  0.000000000000000E+00  0.000000000000000E+00 0
 507   10120.00   10140.00  0.000000000000000E+00  0.000000000000000E+00 0
 508   10140.00   10160.00  0.000000000000000E+00  0.000000000000000E+00 0
 509   10160.00   10180.00  0.000000000000000E+00  0.000000000000000E+00 0
 510   10180.00   10200.00  0.000000000000000E+00  0.000000000000000E+00 0
 511   10200.00   10220.00  0.000000000000000E+00  0.000000000000000E+00 0
 512   10220.00   10240.00  0.000000000000000E+00  0.000000000000000E+00 0
 513   10240.00   10260.00  0.000000000000000E+00  0.000000000000000E+00 0
 514   10260.00   10280.00  0.000000000000000E+00  0.000000000000000E+00 0
 515   10280.00   10300.00  0.000000000000000E+00  0.000000000000000E+00 0
 516   10300.00   10320.00  0.000000000000000E+00  0.000000000000000E+00 0
 517   10320.00   10340.00  0.000000000000000E+00  0.000000000000000E+00 0
 518   10340.00   10360.00  0.000000000000000E+00  0.000000000000000E+00 0
 519   10360.00   10380.00  0.000000000000000E+00  0.000000000000000E+00 0
 520   10380.00   10400.00  0.000000000000000E+00  0.000000000000000E+00 0
 521   10400.00   10420.00  0.000000000000000E+00  0.000000000000000E+00 0
 522   10420.00   10440.00  0.000000000000000E+00  0.000000000000000E+00 0
 523   10440.00   10460.00  0.000000000000000E+00  0.000000000000000E+00 0
 524   10460.00   10480.00  0.000000000000000E+00  0.000000000000000E+00 0
 525   10480.00   10500.00  0.000000000000000E+00  0.000000000000000E+00 0
 526   10500.00   10520.00  0.000000000000000E+00  0.000000000000000E+00 0
 527   10520.00   10540.00  0.000000000000000E+00  0.000000000000000E+00 0
 528   10540.00   10560.00  0.000000000000000E+00  0.000000000000000E+00 0
 529   10560.00   10580.00  0.000000000000000E+00  0.000000000000000E+00 0
 530   10580.00   10600.00  0.000000000000000E+00  0.000000000000000E+00 0
 531   10600.00   10620.00  0.000000000000000E+00  0.000000000000000E+00 0
 532   10620.00   10640.00  0.000000000000000E+00  0.000000000000000E+00 0
 533   10640.00   10660.00  0.000000000000000E+00  0.000000000000000E+00 0
 534   10660.00   10680.00  0.000000000000000E+00  0.000000000000000E+00 0
 535   10680.00   10700.00  0.000000000000000E+00  0.000000000000000E+00 0
 536   10700.00   10720.00  0.000000000000000E+00  0.000000000000000E+00 0
 537   10720.00   10740.00  0.000000000000000E+00  0.000000000000000E+00 0
 538   10740.00   10760.00  0.000000000000000E+00  0.000000000000000E+00 0
 539   10760.00   10780.00  0.000000000000000E+00  0.000000000000000E+00 0
 540   10780.00   10800.00  0.000000000000000E+00  0.000000000000000E+00 0
 541   10800.00   10820.00  0.000000000000000E+00  0.000000000000000E+00 0
 542   10820.00   10840.00  0.000000000000000E+00  0.000000000000000E+00 0
 543   10840.00   10860.00  0.000000000000000E+00  0.000000000000000E+00 0
 544   10860.00   10880.00  0.000000000000000E+00  0.000000000000000E+00 0
 545   10880.00   10900.00  0.000000000000000E+00  0.000000000000000E+00 0
 546   10900.00   10920.00  0.000000000000000E+00  0.000000000000000E+00 0
 547   10920.00   10940.00  0.000000000000000E+00  0.000000000000000E+00 0
 548   10940.00   10960.00  0.000000000000000E+00  0.000000000000000E+00 0
 549   10960.00   10980.00  0.000000000000000E+00  0.000000000000000E+00 0
 550   10980.00   11000.00  0.000000000000000E+00  0.000000000000000E+00 0
 551   11000.00   11020.00  0.000000000000000E+00  0.000000000000000E+00 0
 552   11020.00   11040.00  0.000000000000000E+00  0.000000000000000E+00 0
 553   11040.00   11060.00  0.000000000000000E+00  0.000000000000000E+00 0
 554   11060.00   11080.00  0.000000000000000E+00  0.000000000000000E+00 0
 555   11080.00   11100.00  0.000000000000000E+00  0.000000000000000E+00 0
 556   11100.00   11120.00  0.000000000000000E+00  0.000000000000000E+00 0
 557   11120.00   11140.00  0.000000000000000E+00  0.000000000000000E+00 0
 558   11140.00   11160.00  0.000000000000000E+00  0.000000000000000E+00 0
 559   11160.00   11180.00  0.000000000000000E+00  0.000000000000000E+00 0
 560   11180.00   11200.00  0.000000000000000E+00  0.000000000000000E+00 0
 561   11200.00   11220.00  0.000000000000000E+00  0.000000000000000E+00 0
 562   11220.00   11240.00  0.000000000000000E+00  0.000000000000000E+00 0
 563   11240.00   11260.00  0.000000000000000E+00  0.000000000000000E+00 0
 564   11260.00   11280.00  0.000000000000000E+00  0.000000000000000E+00 0
 565   11280.00   11300.00  0.000000000000000E+00  0.000000000000000E+00 0
 566   11300.00   11320.00  0.000000000000000E+00  0.000000000000000E+00 0
 567   11320.00   11340.00  0.000000000000000E+00  0.000000000000000E+00 0
 568   11340.00   11360.00  0.000000000000000E+00  0.000000000000000E+00 0
 569   11360.00   11380.00  0.000000000000000E+00  0.000000000000000E+00 0
 570   11380.00   11400.00  0.000000000000000E+00  0.000000000000000E+00 0
 571   11400.00   11420.00  0.000000000000000E+00  0.000000000000000E+00 0
 572   11420.00   11440.00  0.000000000000000E+00  0.000000000000000E+00 0
 573   11440.00   11460.00  0.000000000000000E+00  0.000000000000000E+00 0
 574   11460.00   11480.00  0.000000000000000E+00  0.000000000000000E+00 0
 575   11480.00   11500.00  0.000000000000000E+00  0.000000000000000E+00 0
 576   11500.00   11520.00  0.000000000000000E+00  0.000000000000000E+00 0
 577   11520.00   11540.00  0.000000000000000E+00  0.000000000000000E+00 0
 578   11540.00   11560.00  0.000000000000000E+00  0.000000000000000E+00 0
 579   11560.00   11580.00  0.000000000000000E+00  0.000000000000000E+00 0
 580   11580.00   11600.00  0.000000000000000E+00  0.000000000000000E+00 0
 581   11600.00   11620.00  0.000000000000000E+00  0.000000000000000E+00 0
 582   11620.00   11640.00  0.000000000000000E+00  0.000000000000000E+00 0
 583   11640.00   11660.00  0.000000000000000E+00  0.000000000000000E+00 0
 584   11660.00   11680.00  0.000000000000000E+00  0.000000000000000E+00 0
 585   11680.00   11700.00  0.000000000000000E+00  0.000000000000000E+00 0
 586   11700.00   11720.00  0.000000000000000E+00  0.000000000000000E+00 0
 587   11720.00   11740.00  0.000000000000000E+00  0.000000000000000E+00 0
 588   11740.00   11760.00  0.000000000000000E+00  0.000000000000000E+00 0
 589   11760.00   11780.00  0.000000000000000E+00  0.000000000000000E+00 0
 590   11780.00   11800.00  0.000000000000000E+00  0.000000000000000E+00 0
 591   11800.00   11820.00  0.000000000000000E+00  0.000000000000000E+00 0
 592   11820.00   11840.00  0.000000000000000E+00  0.000000000000000E+00 0
 593   11840.00   11860.00  0.000000000000000E+00  0.000000000000000E+00 0
 594   11860.00   11880.00  0.000000000000000E+00  0.000000000000000E+00 0
 595   11880.00   11900.00  0.000000000000000E+00  0.000000000000000E+00 0
 596   11900.00   11920.00  0.000000000000000E+00  0.000000000000000E+00 0
 597   11920.00   11940.00  0.000000000000000E+00  0.000000000000000E+00 0
 598   11940.00   11960.00  0.000000000000000E+00  0.000000000000000E+00 0
 599   11960.00   11980.00  0.000000000000000E+00  0.000000000000000E+00 0
 600   11980.00   12000.00  0.000000000000000E+00  0.000000000000000E+00 0
 601   12000.00   12020.00  0.000000000000000E+00  0.000000000000000E+00 0
 602   12020.00   12040.00  0.000000000000000E+00  0.000000000000000E+00 0
 603   12040.00   12060.00  0.000000000000000E+00  0.000000000000000E+00 0
 604   12060.00   12080.00  0.000000000000000E+00  0.000000000000000E+00 0
 605   12080.00   12100.00  0.000000000000000E+00  0.000000000000000E+00 0
 606   12100.00   12120.00  0.000000000000000E+00  0.000000000000000E+00 0
 607   12120.00   12140.00  0.000000000000000E+00  0.000000000000000E+00 0
 608   12140.00   12160.00  0.000000000000000E+00  0.000000000000000E+00 0
 609   12160.00   12180.00  0.000000000000000E+00  0.000000000000000E+00 0
 610   12180.00   12200.00  0.000000000000000E+00  0.000000000000000E+00 0
 611   12200.00   12220.00  0.000000000000000E+00  0.000000000000000E+00 0
 612   12220.00   12240.00  0.000000000000000E+00  0.000000000000000E+00 0
 613   12240.00   12260.00  0.000000000000000E+00  0.000000000000000E+00 0
 614   12260.00   12280.00  0.000000000000000E+00  0.000000000000000E+00 0
 615   12280.00   12300.00  0.000000000000000E+00  0.000000000000000E+00 0
 616   12300.00   12320.00  0.000000000000000E+00  0.000000000000000E+00 0
 617   12320.00   12340.00  0.000000000000000E+00  0.000000000000000E+00 0
 618   12340.00   12360.00  0.000000000000000E+00  0.000000000000000E+00 0
 619   12360.00   12380.00  0.000000000000000E+00  0.000000000000000E+00 0
 620   12380.00   12400.00  0.000000000000000E+00  0.000000000000000E+00 0
 621   12400.00   12420.00  0.000000000000000E+00  0.000000000000000E+00 0
 622   12420.00   12440.00  0.000000000000000E+00  0.000000000000000E+00 0
 623   12440.00   12460.00  0.000000000000000E+00  0.000000000000000E+00 0
 624   12460.00   12480.00  0.000000000000000E+00  0.000000000000000E+00 0
 625   12480.00   12500.00  0.000000000000000E+00  0.000000000000000E+00 0
 626   12500.00   12520.00  0.000000000000000E+00  0.000000000000000E+00 0
 627   12520.00   12540.00  0.000000000000000E+00  0.000000000000000E+00 0
 628   12540.00   12560.00  0.000000000000000E+00  0.000000000000000E+00 0
 629   12560.00   12580.00  0.000000000000000E+00  0.000000000000000E+00 0
 630   12580.00   12600.00  0.000000000000000E+00  0.000000000000000E+00 0
 631   12600.00   12620.00  0.000000000000000E+00  0.000000000000000E+00 0
 632   12620.00   12640.00  0.000000000000000E+00  0.000000000000000E+00 0
 633   12640.00   12660.00  0.000000000000000E+00  0.000000000000000E+00 0
 634   12660.00   12680.00  0.000000000000000E+00  0.000000000000000E+00 0
 635   12680.00   12700.00  0.000000000000000E+00  0.000000000000000E+00 0
 636   12700.00   12720.00  0.000000000000000E+00  0.000000000000000E+00 0
 637   12720.00   12740.00  0.000000000000000E+00  0.000000000000000E+00 0
 638   12740.00   12760.00  0.000000000000000E+00  0.000000000000000E+00 0
 639   12760.00   12780.00  0.000000000000000E+00  0.000000000000000E+00 0
 640   12780.00   12800.00  0.000000000000000E+00  0.000000000000000E+00 0
 641   12800.00   12820.00  0.000000000000000E+00  0.000000000000000E+00 0
 642   12820.00   12840.00  0.000000000000000E+00  0.000000000000000E+00 0
 643   12840.00   12860.00  0.000000000000000E+00  0.000000000000000E+00 0
 644   12860.00   12880.00  0.000000000000000E+00  0.000000000000000E+00 0
 645   12880.00   12900.00  0.000000000000000E+00  0.000000000000000E+00 0
 646   12900.00   12920.00  0.000000000000000E+00  0.000000000000000E+00 0
 647   12920.00   12940.00  0.000000000000000E+00  0.000000000000000E+00 0
 648   12940.00   12960.00  0.000000000000000E+00  0.000000000000000E+00 0
 649   12960.00   12980.00  0.000000000000000E+00  0.000000000000000E+00 0
 650   12980.00   13000.00  0.000000000000000E+00  0.000000000000000E+00 0
# Underflow:                 0.0000000000000000E+00  0.0000000000000000E+00 0
# Overflow:                  0.0000000000000000E+00  0.0000000000000000E+00 0
#-------------------------------------------------------------------------------------
# Sum:                       2.8285110286949567E-03  1.3399301282008566E-06 55479000
#=====================================================================================
