# title = Transverse Momentum anti--Muon-Muon
# xlabel = $p_{\text{T},\mu^+\mu^-}\,$[GeV]
# ylabel = $\frac{\text{d}\sigma}{\text{d}p_{\text{T},\mu^+\mu^-}}\,\left[\frac{\text{fb}}{\text{GeV}}\right]$
# xmin=  0.000E+00
# xmax=  8.000E+02
# ymin=  1.000E-06
# ymax=  1.000E-02
# kmin=  0.000E+00
# kmax=  1.000E+02
# logscale = true
# Renormalization and factorization scale scaled by: 2.0000000000
# Renormalization scaled by: 2.0000000000
# Number of generated events: 80542
#
#=====================================================================================
# No.       Left      Right                   Value                   Error Hits
#-------------------------------------------------------------------------------------
   1       0.00      20.00  8.178137910259015E-06  2.833428723346240E-08 45823301
   2      20.00      40.00  2.091737309712120E-05  4.285842973272782E-08 71492548
   3      40.00      60.00  2.637087593656723E-05  4.924933882943336E-08 73120950
   4      60.00      80.00  2.562596696983430E-05  4.896905629546334E-08 67452181
   5      80.00     100.00  2.150299564548857E-05  4.468137032092891E-08 58428757
   6     100.00     120.00  1.773431550585933E-05  4.088885083449978E-08 51397082
   7     120.00     140.00  1.459950210532115E-05  3.718224374559591E-08 45861087
   8     140.00     160.00  1.180382748433462E-05  3.284640918835254E-08 40964520
   9     160.00     180.00  9.475093883777819E-06  2.974073711341309E-08 36569635
  10     180.00     200.00  7.457385992735730E-06  2.666898086357359E-08 32677516
  11     200.00     220.00  5.777527689581758E-06  2.356232295228193E-08 29235381
  12     220.00     240.00  4.446472487604444E-06  2.103627082276458E-08 26220426
  13     240.00     260.00  3.401834462075958E-06  1.875674768896383E-08 23580234
  14     260.00     280.00  2.585646688433000E-06  1.702836919270832E-08 21269226
  15     280.00     300.00  1.946228604087926E-06  1.510992730202587E-08 19230033
  16     300.00     320.00  1.464812897061548E-06  1.372222419746224E-08 17437537
  17     320.00     340.00  1.103709673113201E-06  1.274055175497665E-08 15867030
  18     340.00     360.00  8.349265062143774E-07  1.114250382244072E-08 14470027
  19     360.00     380.00  6.169622474118518E-07  1.007363998207450E-08 13231391
  20     380.00     400.00  4.408165205160944E-07  9.090199005814758E-09 12129936
  21     400.00     420.00  3.148788569534422E-07  8.224346520411478E-09 11138979
  22     420.00     440.00  2.309974400863290E-07  7.460303783523037E-09 10255521
  23     440.00     460.00  1.609221283718376E-07  6.651912333639067E-09 9458521
  24     460.00     480.00  1.073787661946241E-07  6.188738882458004E-09 8749994
  25     480.00     500.00  8.082284960970090E-08  5.532136809701326E-09 8097509
  26     500.00     520.00  4.731876532272169E-08  4.875294835945039E-09 7513268
  27     520.00     540.00  2.273624250478051E-08  4.565007348423976E-09 6980529
  28     540.00     560.00  1.367243174307301E-08  4.118217357665308E-09 6495993
  29     560.00     580.00 -5.284479555218188E-09  3.719199007706527E-09 6045941
  30     580.00     600.00 -7.897166115746835E-09  3.324162656090496E-09 5646161
  31     600.00     620.00 -1.684895869215523E-08  3.007387037593966E-09 5278018
  32     620.00     640.00 -1.639275286598864E-08  2.826955327822232E-09 4934346
  33     640.00     660.00 -2.128391914052583E-08  2.479336139601027E-09 4622152
  34     660.00     680.00 -2.130841410682741E-08  2.239657813703039E-09 4336817
  35     680.00     700.00 -2.447076231482356E-08  2.064277924317384E-09 4065464
  36     700.00     720.00 -2.467029123025076E-08  1.917822676704756E-09 3822919
  37     720.00     740.00 -2.014776679740716E-08  1.740074819524699E-09 3595720
  38     740.00     760.00 -2.141732741509709E-08  1.538675908676838E-09 3381913
  39     760.00     780.00 -1.929650410832372E-08  1.455269819039386E-09 3186654
  40     780.00     800.00 -1.836893355066133E-08  1.328899119597232E-09 3005072
  41     800.00     820.00 -1.837644558069118E-08  1.207378092885854E-09 2835452
  42     820.00     840.00 -1.340285192461468E-08  1.099625480518236E-09 2674991
  43     840.00     860.00 -1.372400673712738E-08  9.843628788574875E-10 2531156
  44     860.00     880.00 -1.344311414488139E-08  9.645664576109432E-10 2393250
  45     880.00     900.00 -1.082454530370517E-08  8.417353153752014E-10 2263552
  46     900.00     920.00 -1.224556339326610E-08  7.740238181556296E-10 2144316
  47     920.00     940.00 -1.059135647955332E-08  6.923724820325959E-10 2032015
  48     940.00     960.00 -9.335871729844743E-09  6.472137910616519E-10 1927855
  49     960.00     980.00 -8.405372901331870E-09  6.152575830137795E-10 1826375
  50     980.00    1000.00 -7.309440298303704E-09  5.594401657315279E-10 1734141
  51    1000.00    1020.00 -7.031863446763827E-09  5.766255571077439E-10 1646617
  52    1020.00    1040.00 -6.916844527987914E-09  4.641969070668972E-10 1563726
  53    1040.00    1060.00 -6.474926080468375E-09  4.562304365856053E-10 1487748
  54    1060.00    1080.00 -5.498538485387932E-09  3.867836851817957E-10 1415410
  55    1080.00    1100.00 -4.718630089499492E-09  3.443666155225356E-10 1346182
  56    1100.00    1120.00 -4.566863853391386E-09  3.174833870940716E-10 1283321
  57    1120.00    1140.00 -3.520691192665901E-09  3.004743540464518E-10 1223996
  58    1140.00    1160.00 -3.352823672231146E-09  3.177112102749491E-10 1163917
  59    1160.00    1180.00 -3.506475269227436E-09  2.592375433214362E-10 1109982
  60    1180.00    1200.00 -2.775948639907149E-09  2.363335476732529E-10 1059582
  61    1200.00    1220.00 -2.618815502417978E-09  2.124476938235698E-10 1014433
  62    1220.00    1240.00 -2.461758170455253E-09  2.228056846944286E-10 968251
  63    1240.00    1260.00 -2.077633086964364E-09  1.821700164209503E-10 923815
  64    1260.00    1280.00 -1.936962572987368E-09  1.513206474008221E-10 883966
  65    1280.00    1300.00 -1.672643189739442E-09  1.431363542722234E-10 842316
  66    1300.00    1320.00 -1.243270608349809E-09  1.338847205667272E-10 806376
  67    1320.00    1340.00 -1.413175424505401E-09  1.312782422899285E-10 772249
  68    1340.00    1360.00 -1.425876175540357E-09  1.180124359020937E-10 737658
  69    1360.00    1380.00 -1.128217376179470E-09  1.050542582527318E-10 706996
  70    1380.00    1400.00 -1.072919429764734E-09  1.014318802363398E-10 677197
  71    1400.00    1420.00 -9.803861155725268E-10  9.210831976410195E-11 647222
  72    1420.00    1440.00 -8.791823822478661E-10  7.404526655802342E-11 622294
  73    1440.00    1460.00 -7.848012757557742E-10  7.076626332086336E-11 596295
  74    1460.00    1480.00 -6.160426442992288E-10  7.869720840961259E-11 571618
  75    1480.00    1500.00 -6.630478079886973E-10  6.580992213233552E-11 549308
  76    1500.00    1520.00 -6.210502357664202E-10  6.475250608943746E-11 525216
  77    1520.00    1540.00 -4.381242113801076E-10  6.430559397455086E-11 503642
  78    1540.00    1560.00 -4.462137182799694E-10  4.966747894998626E-11 484591
  79    1560.00    1580.00 -4.726330778586507E-10  4.569361966354926E-11 465597
  80    1580.00    1600.00 -2.994781231450620E-10  4.212224886004726E-11 446906
  81    1600.00    1620.00 -3.418914160259824E-10  4.051630157599653E-11 429027
  82    1620.00    1640.00 -3.106315222649649E-10  4.251219543212946E-11 413489
  83    1640.00    1660.00 -2.576625709039125E-10  3.910490353738185E-11 396092
  84    1660.00    1680.00 -2.879496545813445E-10  3.009992401628980E-11 380066
  85    1680.00    1700.00 -2.256200616936127E-10  2.632291038238391E-11 365707
  86    1700.00    1720.00 -1.691174801683255E-10  2.359968014493672E-11 352461
  87    1720.00    1740.00 -1.964367708390106E-10  2.066776573547955E-11 338084
  88    1740.00    1760.00 -1.494124669641245E-10  2.096530296674476E-11 326049
  89    1760.00    1780.00 -1.173503473390917E-10  2.229201414569276E-11 313096
  90    1780.00    1800.00 -1.171716736095361E-10  1.694914002497392E-11 301284
  91    1800.00    1820.00 -1.028885564218738E-10  1.879531550640677E-11 290388
  92    1820.00    1840.00 -1.092892370103069E-10  1.785740294030561E-11 278365
  93    1840.00    1860.00 -9.623030811700652E-11  1.325758602489403E-11 268198
  94    1860.00    1880.00 -1.031855248758465E-10  1.188334682934799E-11 258567
  95    1880.00    1900.00 -7.729647145493564E-11  1.058259692637086E-11 249661
  96    1900.00    1920.00 -5.803320978573034E-11  1.016698251312406E-11 239853
  97    1920.00    1940.00 -7.713962967251261E-11  1.328158336753495E-11 231333
  98    1940.00    1960.00 -6.347594780451600E-11  1.058119486565426E-11 222681
  99    1960.00    1980.00 -6.494461502487912E-11  8.029122094019886E-12 215164
 100    1980.00    2000.00 -6.036298311733616E-11  7.649352954339052E-12 207667
 101    2000.00    2020.00 -4.465807740418321E-11  6.977787766224265E-12 199247
 102    2020.00    2040.00 -3.279751595453510E-11  5.575406680030513E-12 192144
 103    2040.00    2060.00 -2.723541122783265E-11  5.902245130870811E-12 186231
 104    2060.00    2080.00 -3.441867075397538E-11  5.359683573108381E-12 179806
 105    2080.00    2100.00 -2.721169388911982E-11  4.732236479074812E-12 172765
 106    2100.00    2120.00 -2.298935588215176E-11  5.130913094639142E-12 165914
 107    2120.00    2140.00 -2.171752874545742E-11  5.077399638890455E-12 160793
 108    2140.00    2160.00 -1.951769893171228E-11  3.798969996857929E-12 154809
 109    2160.00    2180.00 -1.141034254390080E-11  4.591855522716659E-12 149019
 110    2180.00    2200.00 -1.588743204567496E-11  3.023529384753649E-12 143541
 111    2200.00    2220.00 -1.238316593998981E-11  4.516304194980197E-12 138675
 112    2220.00    2240.00 -1.886247958635794E-11  4.000836106241938E-12 133605
 113    2240.00    2260.00 -1.551870445869912E-11  3.406860240600193E-12 129329
 114    2260.00    2280.00 -1.399181929218971E-11  2.723942734014219E-12 124334
 115    2280.00    2300.00 -1.075500752874244E-11  2.098902843071637E-12 121282
 116    2300.00    2320.00 -1.413843983457924E-11  2.865110085802103E-12 116958
 117    2320.00    2340.00 -9.910117640342228E-12  2.438502723545420E-12 112163
 118    2340.00    2360.00 -1.087637687056317E-11  2.173701719139074E-12 108726
 119    2360.00    2380.00 -6.361805973922427E-12  1.461058719438742E-12 104284
 120    2380.00    2400.00 -4.286179019022913E-12  1.985797719561998E-12 101118
 121    2400.00    2420.00 -4.623927532541818E-12  1.468982563628057E-12 97386
 122    2420.00    2440.00 -4.845274735130095E-12  1.198644464578653E-12 94211
 123    2440.00    2460.00 -1.485818350297847E-12  1.236339330561341E-12 90831
 124    2460.00    2480.00 -2.269674585702497E-12  1.053734697051759E-12 87825
 125    2480.00    2500.00 -4.070479242772574E-12  9.539480169924798E-13 84824
 126    2500.00    2520.00 -2.622135767406345E-12  8.691282675917780E-13 82251
 127    2520.00    2540.00 -2.960413135741862E-12  1.323519792614602E-12 79294
 128    2540.00    2560.00 -2.940470880885360E-12  8.533740553905178E-13 76864
 129    2560.00    2580.00 -2.044589069242042E-12  8.076209970910794E-13 73934
 130    2580.00    2600.00 -2.041765913941936E-12  7.198195875420162E-13 71793
 131    2600.00    2620.00 -2.389573098715595E-12  1.160912732742409E-12 69490
 132    2620.00    2640.00 -1.088241808718353E-12  6.785139632185150E-13 66057
 133    2640.00    2660.00 -1.637497434795989E-12  6.527196522023573E-13 64291
 134    2660.00    2680.00 -1.698653440781521E-12  4.404613701915594E-13 62410
 135    2680.00    2700.00 -7.842069578892291E-13  4.842278132278303E-13 60221
 136    2700.00    2720.00 -1.754435221534791E-12  4.712189222229759E-13 58129
 137    2720.00    2740.00 -1.059294686925605E-12  4.021071851175121E-13 56371
 138    2740.00    2760.00 -5.612783722300969E-13  3.184092440624072E-13 54122
 139    2760.00    2780.00 -1.199327553467664E-12  4.602601865205499E-13 52291
 140    2780.00    2800.00  1.354656657807420E-13  4.938499526206624E-13 50801
 141    2800.00    2820.00 -7.084476195926869E-13  2.459867683863220E-13 48906
 142    2820.00    2840.00 -3.823196055413311E-13  3.899790618261310E-13 47808
 143    2840.00    2860.00 -5.519630263550073E-13  2.027674730829761E-13 45592
 144    2860.00    2880.00 -5.883204554036802E-13  2.778539063388910E-13 43989
 145    2880.00    2900.00 -5.094381554845800E-13  1.924396898926896E-13 42768
 146    2900.00    2920.00 -5.288818679739197E-13  1.941544118184267E-13 41163
 147    2920.00    2940.00 -1.902418713970664E-13  1.536003714770228E-13 39475
 148    2940.00    2960.00 -1.989794342270758E-14  1.615864155186758E-13 38697
 149    2960.00    2980.00 -4.114946462456815E-14  2.079743738014410E-13 36770
 150    2980.00    3000.00 -2.182699814606557E-13  1.290764233622911E-13 35863
 151    3000.00    3020.00  4.925157396386980E-14  1.653109852444058E-13 34398
 152    3020.00    3040.00 -3.093978209065656E-13  9.940716467444937E-14 33676
 153    3040.00    3060.00 -2.928213902403198E-13  8.313918449276749E-14 32501
 154    3060.00    3080.00 -2.857787289864849E-13  1.167623164092538E-13 31140
 155    3080.00    3100.00 -1.318726999327114E-13  9.168237949385457E-14 30193
 156    3100.00    3120.00 -2.056134443854396E-13  9.513595901716121E-14 29090
 157    3120.00    3140.00 -2.284099883393173E-13  9.607227219697175E-14 28196
 158    3140.00    3160.00 -8.070711646788671E-14  7.752648908955617E-14 27204
 159    3160.00    3180.00 -2.607531459279019E-13  1.605060934963578E-13 26153
 160    3180.00    3200.00 -4.863952006967823E-14  4.501056097582077E-14 25255
 161    3200.00    3220.00 -1.166938642927452E-13  6.314102443928565E-14 24512
 162    3220.00    3240.00 -5.689337012625561E-15  5.177412344602165E-14 23786
 163    3240.00    3260.00 -1.152424414385425E-13  5.068653447356116E-14 22696
 164    3260.00    3280.00 -2.970202193488298E-14  5.029316337739156E-14 21960
 165    3280.00    3300.00 -7.786681889847803E-14  3.042919553085976E-14 21328
 166    3300.00    3320.00 -6.714795397206388E-14  3.567495498269221E-14 20575
 167    3320.00    3340.00 -2.495330293427355E-14  3.206617177127416E-14 19717
 168    3340.00    3360.00 -3.243569217756681E-14  3.570721105590364E-14 19031
 169    3360.00    3380.00 -5.657972859801664E-14  4.669206858819020E-14 18585
 170    3380.00    3400.00 -1.594458005477436E-14  2.681901141559518E-14 17852
 171    3400.00    3420.00 -3.916569373195424E-15  2.011312874253523E-14 17352
 172    3420.00    3440.00 -6.371316864313722E-15  2.267398197408056E-14 16650
 173    3440.00    3460.00  2.402099666903355E-15  2.377043078570233E-14 16202
 174    3460.00    3480.00 -4.069313092094327E-15  1.382756401342249E-14 15769
 175    3480.00    3500.00 -1.778392914376808E-14  9.448873083722828E-15 15034
 176    3500.00    3520.00 -2.720109330673344E-14  1.026697886951513E-14 14341
 177    3520.00    3540.00 -6.294419578056327E-15  1.199916611528305E-14 13951
 178    3540.00    3560.00 -4.298744003576646E-15  2.301454728447252E-14 13506
 179    3560.00    3580.00 -1.061890218192619E-14  1.459118059921200E-14 13028
 180    3580.00    3600.00 -3.124883738128220E-15  1.590904934970938E-14 12476
 181    3600.00    3620.00 -2.519674372657831E-14  9.962419741738088E-15 12145
 182    3620.00    3640.00  1.836322101404400E-16  8.100419152770989E-15 11611
 183    3640.00    3660.00 -2.010119822225196E-14  9.624435542174433E-15 11129
 184    3660.00    3680.00 -5.894032816492968E-15  4.178463912517510E-15 10772
 185    3680.00    3700.00 -4.508597857477009E-15  5.409213683385763E-15 10395
 186    3700.00    3720.00 -5.717279466218335E-15  1.570858009090084E-14 10126
 187    3720.00    3740.00 -3.761094257762768E-15  3.341346955430541E-15 9750
 188    3740.00    3760.00 -7.266937549648137E-15  4.197693706575012E-15 9363
 189    3760.00    3780.00 -3.215275044491530E-15  3.570411307909647E-15 8996
 190    3780.00    3800.00  6.026571964366965E-16  4.421745596959053E-15 8641
 191    3800.00    3820.00 -1.779695871840326E-14  1.020986806500761E-14 8255
 192    3820.00    3840.00 -4.354328099874389E-15  2.716868343973367E-15 8056
 193    3840.00    3860.00 -4.734978154552052E-15  2.827780663724437E-15 7647
 194    3860.00    3880.00 -1.488395435302373E-15  3.426966806431613E-15 7283
 195    3880.00    3900.00 -3.308194142742055E-15  1.387595433982512E-15 7269
 196    3900.00    3920.00 -7.298004858992843E-15  2.551104427273741E-15 6854
 197    3920.00    3940.00 -2.141616353275935E-15  1.968542467099029E-15 6800
 198    3940.00    3960.00 -3.393927816050593E-15  1.915536060493292E-15 6410
 199    3960.00    3980.00 -1.343386648758507E-15  1.834306868231444E-15 6323
 200    3980.00    4000.00  1.566437170579931E-15  2.247648661090451E-15 5898
 201    4000.00    4020.00 -1.549601759560150E-15  2.015686151666664E-15 5569
 202    4020.00    4040.00 -2.785632781326343E-16  6.064774346637462E-16 5442
 203    4040.00    4060.00 -4.389026123557533E-16  9.911307102759998E-16 5213
 204    4060.00    4080.00 -1.116915445174865E-15  8.736753031528395E-16 5093
 205    4080.00    4100.00 -1.462887016133707E-15  1.167786777731592E-15 4791
 206    4100.00    4120.00 -2.698969953374526E-15  3.276646054883389E-15 4720
 207    4120.00    4140.00 -3.671739204756714E-16  5.313364605714421E-16 4474
 208    4140.00    4160.00 -1.638554089562542E-15  9.023047369222010E-16 4357
 209    4160.00    4180.00 -1.989602582583920E-15  9.803911255779727E-16 4204
 210    4180.00    4200.00 -2.364420061683186E-16  7.034998296347062E-16 3970
 211    4200.00    4220.00 -4.735999726568025E-16  4.463874711580719E-16 3761
 212    4220.00    4240.00 -3.420839652538018E-16  4.482790832210319E-16 3748
 213    4240.00    4260.00 -1.208198662863746E-16  2.389408154735166E-16 3509
 214    4260.00    4280.00 -5.893521144539216E-16  3.477502025732584E-16 3199
 215    4280.00    4300.00  9.350173378001093E-17  8.218779376480721E-16 3346
 216    4300.00    4320.00  3.403478774942782E-16  3.016454109869458E-16 3199
 217    4320.00    4340.00 -2.671703543581225E-16  1.745389633670294E-16 2975
 218    4340.00    4360.00 -8.535634516980810E-17  1.529641188070616E-16 2874
 219    4360.00    4380.00 -3.683929616950115E-16  1.829628823377908E-16 2683
 220    4380.00    4400.00 -1.834204709856681E-16  3.160053081317589E-16 2580
 221    4400.00    4420.00 -1.249923389766413E-16  8.743863844130843E-17 2522
 222    4420.00    4440.00 -1.658092407984281E-16  1.713217423610686E-16 2352
 223    4440.00    4460.00 -7.127718268901420E-17  9.903103588201808E-17 2337
 224    4460.00    4480.00  1.794255594674129E-16  1.892476977382148E-16 2170
 225    4480.00    4500.00 -4.241012654478774E-16  2.492861811643990E-16 2090
 226    4500.00    4520.00 -9.614129015579778E-17  7.626150496204984E-17 2067
 227    4520.00    4540.00 -2.202092595814380E-16  9.413683571537864E-17 1900
 228    4540.00    4560.00 -1.787478421860875E-16  9.881947675009034E-17 1768
 229    4560.00    4580.00  9.633579400757674E-18  8.345059434082549E-17 1743
 230    4580.00    4600.00  2.172853477184184E-17  1.099601969498775E-16 1670
 231    4600.00    4620.00  6.000471783366571E-17  6.332771297631376E-17 1567
 232    4620.00    4640.00 -2.267106310808388E-16  1.678461062293380E-16 1525
 233    4640.00    4660.00 -5.728923951037688E-17  1.004260505193853E-16 1447
 234    4660.00    4680.00  4.382131849828000E-19  7.229682447453826E-17 1400
 235    4680.00    4700.00  4.718821205164929E-17  7.859941363276868E-17 1282
 236    4700.00    4720.00 -8.439455453412459E-17  5.719405914110858E-17 1244
 237    4720.00    4740.00 -1.634669278015350E-17  1.842564084776246E-17 1204
 238    4740.00    4760.00 -1.357746549423887E-17  2.637701152340493E-17 1076
 239    4760.00    4780.00 -1.265321634272136E-17  1.315221240125995E-17 1061
 240    4780.00    4800.00 -9.888006089942913E-19  1.352575996084345E-17 1002
 241    4800.00    4820.00 -1.135740597407431E-17  1.817423891371719E-17 900
 242    4820.00    4840.00  5.494326626853725E-18  7.343906918931978E-18 938
 243    4840.00    4860.00 -1.009580614423213E-17  9.427315145092306E-18 903
 244    4860.00    4880.00 -9.127171263383567E-18  9.057486793292677E-18 795
 245    4880.00    4900.00 -7.027365996712200E-18  1.242465651636868E-17 821
 246    4900.00    4920.00 -2.689005666523985E-17  1.988822200353348E-17 722
 247    4920.00    4940.00 -2.209412318610453E-17  1.287948194310119E-17 663
 248    4940.00    4960.00  2.574179068486644E-18  6.215792872128342E-18 671
 249    4960.00    4980.00 -4.762585089387334E-18  8.246000059434530E-18 591
 250    4980.00    5000.00  1.147551896918897E-17  1.464985207635317E-17 619
 251    5000.00    5020.00  1.414519689798917E-17  1.026760521213874E-17 576
 252    5020.00    5040.00  2.438720261275708E-18  4.225064845861097E-18 535
 253    5040.00    5060.00  3.680837270169111E-18  7.024309051612832E-18 503
 254    5060.00    5080.00 -3.128730261111385E-18  2.579791341561738E-18 469
 255    5080.00    5100.00 -1.576432399237489E-18  2.692488610732296E-18 465
 256    5100.00    5120.00  5.161929965705906E-19  2.939997605831455E-18 428
 257    5120.00    5140.00 -7.530637090213350E-19  2.018679192863723E-18 386
 258    5140.00    5160.00 -1.807222702181805E-18  1.131804112551983E-18 336
 259    5160.00    5180.00  1.238388386682539E-18  1.070501714276539E-18 341
 260    5180.00    5200.00 -7.935090993065598E-19  1.350929196408297E-18 352
 261    5200.00    5220.00  1.966354253988707E-19  1.040370218383758E-18 346
 262    5220.00    5240.00 -7.355760011295459E-19  8.398852150167699E-19 303
 263    5240.00    5260.00 -1.295412978896402E-18  5.256886124609143E-19 259
 264    5260.00    5280.00  3.584697159901209E-19  5.552143817789807E-19 239
 265    5280.00    5300.00 -6.160526956294182E-19  5.652320260394690E-19 198
 266    5300.00    5320.00  7.448350377897670E-19  9.765661554007389E-19 198
 267    5320.00    5340.00  5.203548390500220E-20  2.710845135308494E-19 197
 268    5340.00    5360.00  5.772714061008259E-20  1.105914698674201E-19 186
 269    5360.00    5380.00  2.486809742431265E-20  2.715677558634018E-19 172
 270    5380.00    5400.00 -1.738132999274265E-19  3.357224908555834E-19 154
 271    5400.00    5420.00  4.919442311166763E-19  5.743327103113123E-19 139
 272    5420.00    5440.00 -4.783602248660891E-19  3.708904487114610E-19 132
 273    5440.00    5460.00  8.078881022476005E-19  8.736893746315463E-19 121
 274    5460.00    5480.00 -1.163215971008637E-19  7.960031657962833E-20 108
 275    5480.00    5500.00 -1.069301338807154E-18  9.953487518409112E-19 107
 276    5500.00    5520.00 -7.445210742129174E-19  6.904201223534056E-19 93
 277    5520.00    5540.00 -1.230614089025124E-19  2.145070554424180E-19 100
 278    5540.00    5560.00 -9.394212131828823E-21  5.361880316989759E-20 78
 279    5560.00    5580.00  5.838605885994227E-21  3.330613763394984E-20 72
 280    5580.00    5600.00  1.689221817584133E-20  1.637986704654017E-20 70
 281    5600.00    5620.00  2.845047956791170E-20  1.602504236621356E-20 64
 282    5620.00    5640.00 -6.561014858737593E-21  1.405948022462818E-20 60
 283    5640.00    5660.00 -3.597850178135899E-20  5.300105296058135E-20 62
 284    5660.00    5680.00  5.297801957681104E-20  5.011477262770749E-20 33
 285    5680.00    5700.00  1.061521079275139E-20  1.020570370427378E-20 37
 286    5700.00    5720.00  1.014143038658626E-20  1.091471900932458E-20 34
 287    5720.00    5740.00 -9.488069615416412E-22  2.333876993691620E-21 24
 288    5740.00    5760.00 -3.202820739178276E-21  3.232444523323329E-21 26
 289    5760.00    5780.00 -3.010807563032996E-21  2.025068708721609E-21 26
 290    5780.00    5800.00  4.194789012560984E-22  9.009561119088152E-22 21
 291    5800.00    5820.00 -1.774751846303628E-21  1.518964323778954E-21 17
 292    5820.00    5840.00 -7.259925339845146E-22  6.718404986475258E-22 14
 293    5840.00    5860.00  2.533220860100018E-22  4.653007237204355E-22 15
 294    5860.00    5880.00  1.130841958553879E-20  1.199967914967616E-20 15
 295    5880.00    5900.00  3.455612853634807E-22  5.187831484265139E-22 12
 296    5900.00    5920.00 -3.009370217323641E-21  3.339713073863871E-21 15
 297    5920.00    5940.00 -3.637783990925495E-21  4.483245075319059E-21 6
 298    5940.00    5960.00  1.353474761444125E-22  8.675495600725615E-23 7
 299    5960.00    5980.00  5.053461514750505E-22  4.064416136001866E-22 11
 300    5980.00    6000.00 -2.056922762514569E-23  1.787639920905851E-23 6
 301    6000.00    6020.00 -1.666094427230959E-22  1.666376263536428E-22 2
 302    6020.00    6040.00 -2.105779999533155E-24  1.560973517424438E-24 2
 303    6040.00    6060.00 -2.235190721767016E-24  2.225644541565213E-24 2
 304    6060.00    6080.00  1.426501294051504E-24  1.033040036408732E-24 5
 305    6080.00    6100.00  6.332955383918399E-26  6.332955381034997E-26 1
 306    6100.00    6120.00  0.000000000000000E+00  0.000000000000000E+00 0
 307    6120.00    6140.00  0.000000000000000E+00  0.000000000000000E+00 0
 308    6140.00    6160.00  0.000000000000000E+00  0.000000000000000E+00 0
 309    6160.00    6180.00  0.000000000000000E+00  0.000000000000000E+00 0
 310    6180.00    6200.00  0.000000000000000E+00  0.000000000000000E+00 0
 311    6200.00    6220.00  0.000000000000000E+00  0.000000000000000E+00 0
 312    6220.00    6240.00  0.000000000000000E+00  0.000000000000000E+00 0
 313    6240.00    6260.00  0.000000000000000E+00  0.000000000000000E+00 0
 314    6260.00    6280.00  0.000000000000000E+00  0.000000000000000E+00 0
 315    6280.00    6300.00  0.000000000000000E+00  0.000000000000000E+00 0
 316    6300.00    6320.00  0.000000000000000E+00  0.000000000000000E+00 0
 317    6320.00    6340.00  0.000000000000000E+00  0.000000000000000E+00 0
 318    6340.00    6360.00  0.000000000000000E+00  0.000000000000000E+00 0
 319    6360.00    6380.00  0.000000000000000E+00  0.000000000000000E+00 0
 320    6380.00    6400.00  0.000000000000000E+00  0.000000000000000E+00 0
 321    6400.00    6420.00  0.000000000000000E+00  0.000000000000000E+00 0
 322    6420.00    6440.00  0.000000000000000E+00  0.000000000000000E+00 0
 323    6440.00    6460.00  0.000000000000000E+00  0.000000000000000E+00 0
 324    6460.00    6480.00  0.000000000000000E+00  0.000000000000000E+00 0
 325    6480.00    6500.00  0.000000000000000E+00  0.000000000000000E+00 0
 326    6500.00    6520.00  0.000000000000000E+00  0.000000000000000E+00 0
 327    6520.00    6540.00  0.000000000000000E+00  0.000000000000000E+00 0
 328    6540.00    6560.00  0.000000000000000E+00  0.000000000000000E+00 0
 329    6560.00    6580.00  0.000000000000000E+00  0.000000000000000E+00 0
 330    6580.00    6600.00  0.000000000000000E+00  0.000000000000000E+00 0
 331    6600.00    6620.00  0.000000000000000E+00  0.000000000000000E+00 0
 332    6620.00    6640.00  0.000000000000000E+00  0.000000000000000E+00 0
 333    6640.00    6660.00  0.000000000000000E+00  0.000000000000000E+00 0
 334    6660.00    6680.00  0.000000000000000E+00  0.000000000000000E+00 0
 335    6680.00    6700.00  0.000000000000000E+00  0.000000000000000E+00 0
 336    6700.00    6720.00  0.000000000000000E+00  0.000000000000000E+00 0
 337    6720.00    6740.00  0.000000000000000E+00  0.000000000000000E+00 0
 338    6740.00    6760.00  0.000000000000000E+00  0.000000000000000E+00 0
 339    6760.00    6780.00  0.000000000000000E+00  0.000000000000000E+00 0
 340    6780.00    6800.00  0.000000000000000E+00  0.000000000000000E+00 0
 341    6800.00    6820.00  0.000000000000000E+00  0.000000000000000E+00 0
 342    6820.00    6840.00  0.000000000000000E+00  0.000000000000000E+00 0
 343    6840.00    6860.00  0.000000000000000E+00  0.000000000000000E+00 0
 344    6860.00    6880.00  0.000000000000000E+00  0.000000000000000E+00 0
 345    6880.00    6900.00  0.000000000000000E+00  0.000000000000000E+00 0
 346    6900.00    6920.00  0.000000000000000E+00  0.000000000000000E+00 0
 347    6920.00    6940.00  0.000000000000000E+00  0.000000000000000E+00 0
 348    6940.00    6960.00  0.000000000000000E+00  0.000000000000000E+00 0
 349    6960.00    6980.00  0.000000000000000E+00  0.000000000000000E+00 0
 350    6980.00    7000.00  0.000000000000000E+00  0.000000000000000E+00 0
 351    7000.00    7020.00  0.000000000000000E+00  0.000000000000000E+00 0
 352    7020.00    7040.00  0.000000000000000E+00  0.000000000000000E+00 0
 353    7040.00    7060.00  0.000000000000000E+00  0.000000000000000E+00 0
 354    7060.00    7080.00  0.000000000000000E+00  0.000000000000000E+00 0
 355    7080.00    7100.00  0.000000000000000E+00  0.000000000000000E+00 0
 356    7100.00    7120.00  0.000000000000000E+00  0.000000000000000E+00 0
 357    7120.00    7140.00  0.000000000000000E+00  0.000000000000000E+00 0
 358    7140.00    7160.00  0.000000000000000E+00  0.000000000000000E+00 0
 359    7160.00    7180.00  0.000000000000000E+00  0.000000000000000E+00 0
 360    7180.00    7200.00  0.000000000000000E+00  0.000000000000000E+00 0
 361    7200.00    7220.00  0.000000000000000E+00  0.000000000000000E+00 0
 362    7220.00    7240.00  0.000000000000000E+00  0.000000000000000E+00 0
 363    7240.00    7260.00  0.000000000000000E+00  0.000000000000000E+00 0
 364    7260.00    7280.00  0.000000000000000E+00  0.000000000000000E+00 0
 365    7280.00    7300.00  0.000000000000000E+00  0.000000000000000E+00 0
 366    7300.00    7320.00  0.000000000000000E+00  0.000000000000000E+00 0
 367    7320.00    7340.00  0.000000000000000E+00  0.000000000000000E+00 0
 368    7340.00    7360.00  0.000000000000000E+00  0.000000000000000E+00 0
 369    7360.00    7380.00  0.000000000000000E+00  0.000000000000000E+00 0
 370    7380.00    7400.00  0.000000000000000E+00  0.000000000000000E+00 0
 371    7400.00    7420.00  0.000000000000000E+00  0.000000000000000E+00 0
 372    7420.00    7440.00  0.000000000000000E+00  0.000000000000000E+00 0
 373    7440.00    7460.00  0.000000000000000E+00  0.000000000000000E+00 0
 374    7460.00    7480.00  0.000000000000000E+00  0.000000000000000E+00 0
 375    7480.00    7500.00  0.000000000000000E+00  0.000000000000000E+00 0
 376    7500.00    7520.00  0.000000000000000E+00  0.000000000000000E+00 0
 377    7520.00    7540.00  0.000000000000000E+00  0.000000000000000E+00 0
 378    7540.00    7560.00  0.000000000000000E+00  0.000000000000000E+00 0
 379    7560.00    7580.00  0.000000000000000E+00  0.000000000000000E+00 0
 380    7580.00    7600.00  0.000000000000000E+00  0.000000000000000E+00 0
 381    7600.00    7620.00  0.000000000000000E+00  0.000000000000000E+00 0
 382    7620.00    7640.00  0.000000000000000E+00  0.000000000000000E+00 0
 383    7640.00    7660.00  0.000000000000000E+00  0.000000000000000E+00 0
 384    7660.00    7680.00  0.000000000000000E+00  0.000000000000000E+00 0
 385    7680.00    7700.00  0.000000000000000E+00  0.000000000000000E+00 0
 386    7700.00    7720.00  0.000000000000000E+00  0.000000000000000E+00 0
 387    7720.00    7740.00  0.000000000000000E+00  0.000000000000000E+00 0
 388    7740.00    7760.00  0.000000000000000E+00  0.000000000000000E+00 0
 389    7760.00    7780.00  0.000000000000000E+00  0.000000000000000E+00 0
 390    7780.00    7800.00  0.000000000000000E+00  0.000000000000000E+00 0
 391    7800.00    7820.00  0.000000000000000E+00  0.000000000000000E+00 0
 392    7820.00    7840.00  0.000000000000000E+00  0.000000000000000E+00 0
 393    7840.00    7860.00  0.000000000000000E+00  0.000000000000000E+00 0
 394    7860.00    7880.00  0.000000000000000E+00  0.000000000000000E+00 0
 395    7880.00    7900.00  0.000000000000000E+00  0.000000000000000E+00 0
 396    7900.00    7920.00  0.000000000000000E+00  0.000000000000000E+00 0
 397    7920.00    7940.00  0.000000000000000E+00  0.000000000000000E+00 0
 398    7940.00    7960.00  0.000000000000000E+00  0.000000000000000E+00 0
 399    7960.00    7980.00  0.000000000000000E+00  0.000000000000000E+00 0
 400    7980.00    8000.00  0.000000000000000E+00  0.000000000000000E+00 0
 401    8000.00    8020.00  0.000000000000000E+00  0.000000000000000E+00 0
 402    8020.00    8040.00  0.000000000000000E+00  0.000000000000000E+00 0
 403    8040.00    8060.00  0.000000000000000E+00  0.000000000000000E+00 0
 404    8060.00    8080.00  0.000000000000000E+00  0.000000000000000E+00 0
 405    8080.00    8100.00  0.000000000000000E+00  0.000000000000000E+00 0
 406    8100.00    8120.00  0.000000000000000E+00  0.000000000000000E+00 0
 407    8120.00    8140.00  0.000000000000000E+00  0.000000000000000E+00 0
 408    8140.00    8160.00  0.000000000000000E+00  0.000000000000000E+00 0
 409    8160.00    8180.00  0.000000000000000E+00  0.000000000000000E+00 0
 410    8180.00    8200.00  0.000000000000000E+00  0.000000000000000E+00 0
 411    8200.00    8220.00  0.000000000000000E+00  0.000000000000000E+00 0
 412    8220.00    8240.00  0.000000000000000E+00  0.000000000000000E+00 0
 413    8240.00    8260.00  0.000000000000000E+00  0.000000000000000E+00 0
 414    8260.00    8280.00  0.000000000000000E+00  0.000000000000000E+00 0
 415    8280.00    8300.00  0.000000000000000E+00  0.000000000000000E+00 0
 416    8300.00    8320.00  0.000000000000000E+00  0.000000000000000E+00 0
 417    8320.00    8340.00  0.000000000000000E+00  0.000000000000000E+00 0
 418    8340.00    8360.00  0.000000000000000E+00  0.000000000000000E+00 0
 419    8360.00    8380.00  0.000000000000000E+00  0.000000000000000E+00 0
 420    8380.00    8400.00  0.000000000000000E+00  0.000000000000000E+00 0
 421    8400.00    8420.00  0.000000000000000E+00  0.000000000000000E+00 0
 422    8420.00    8440.00  0.000000000000000E+00  0.000000000000000E+00 0
 423    8440.00    8460.00  0.000000000000000E+00  0.000000000000000E+00 0
 424    8460.00    8480.00  0.000000000000000E+00  0.000000000000000E+00 0
 425    8480.00    8500.00  0.000000000000000E+00  0.000000000000000E+00 0
 426    8500.00    8520.00  0.000000000000000E+00  0.000000000000000E+00 0
 427    8520.00    8540.00  0.000000000000000E+00  0.000000000000000E+00 0
 428    8540.00    8560.00  0.000000000000000E+00  0.000000000000000E+00 0
 429    8560.00    8580.00  0.000000000000000E+00  0.000000000000000E+00 0
 430    8580.00    8600.00  0.000000000000000E+00  0.000000000000000E+00 0
 431    8600.00    8620.00  0.000000000000000E+00  0.000000000000000E+00 0
 432    8620.00    8640.00  0.000000000000000E+00  0.000000000000000E+00 0
 433    8640.00    8660.00  0.000000000000000E+00  0.000000000000000E+00 0
 434    8660.00    8680.00  0.000000000000000E+00  0.000000000000000E+00 0
 435    8680.00    8700.00  0.000000000000000E+00  0.000000000000000E+00 0
 436    8700.00    8720.00  0.000000000000000E+00  0.000000000000000E+00 0
 437    8720.00    8740.00  0.000000000000000E+00  0.000000000000000E+00 0
 438    8740.00    8760.00  0.000000000000000E+00  0.000000000000000E+00 0
 439    8760.00    8780.00  0.000000000000000E+00  0.000000000000000E+00 0
 440    8780.00    8800.00  0.000000000000000E+00  0.000000000000000E+00 0
 441    8800.00    8820.00  0.000000000000000E+00  0.000000000000000E+00 0
 442    8820.00    8840.00  0.000000000000000E+00  0.000000000000000E+00 0
 443    8840.00    8860.00  0.000000000000000E+00  0.000000000000000E+00 0
 444    8860.00    8880.00  0.000000000000000E+00  0.000000000000000E+00 0
 445    8880.00    8900.00  0.000000000000000E+00  0.000000000000000E+00 0
 446    8900.00    8920.00  0.000000000000000E+00  0.000000000000000E+00 0
 447    8920.00    8940.00  0.000000000000000E+00  0.000000000000000E+00 0
 448    8940.00    8960.00  0.000000000000000E+00  0.000000000000000E+00 0
 449    8960.00    8980.00  0.000000000000000E+00  0.000000000000000E+00 0
 450    8980.00    9000.00  0.000000000000000E+00  0.000000000000000E+00 0
 451    9000.00    9020.00  0.000000000000000E+00  0.000000000000000E+00 0
 452    9020.00    9040.00  0.000000000000000E+00  0.000000000000000E+00 0
 453    9040.00    9060.00  0.000000000000000E+00  0.000000000000000E+00 0
 454    9060.00    9080.00  0.000000000000000E+00  0.000000000000000E+00 0
 455    9080.00    9100.00  0.000000000000000E+00  0.000000000000000E+00 0
 456    9100.00    9120.00  0.000000000000000E+00  0.000000000000000E+00 0
 457    9120.00    9140.00  0.000000000000000E+00  0.000000000000000E+00 0
 458    9140.00    9160.00  0.000000000000000E+00  0.000000000000000E+00 0
 459    9160.00    9180.00  0.000000000000000E+00  0.000000000000000E+00 0
 460    9180.00    9200.00  0.000000000000000E+00  0.000000000000000E+00 0
 461    9200.00    9220.00  0.000000000000000E+00  0.000000000000000E+00 0
 462    9220.00    9240.00  0.000000000000000E+00  0.000000000000000E+00 0
 463    9240.00    9260.00  0.000000000000000E+00  0.000000000000000E+00 0
 464    9260.00    9280.00  0.000000000000000E+00  0.000000000000000E+00 0
 465    9280.00    9300.00  0.000000000000000E+00  0.000000000000000E+00 0
 466    9300.00    9320.00  0.000000000000000E+00  0.000000000000000E+00 0
 467    9320.00    9340.00  0.000000000000000E+00  0.000000000000000E+00 0
 468    9340.00    9360.00  0.000000000000000E+00  0.000000000000000E+00 0
 469    9360.00    9380.00  0.000000000000000E+00  0.000000000000000E+00 0
 470    9380.00    9400.00  0.000000000000000E+00  0.000000000000000E+00 0
 471    9400.00    9420.00  0.000000000000000E+00  0.000000000000000E+00 0
 472    9420.00    9440.00  0.000000000000000E+00  0.000000000000000E+00 0
 473    9440.00    9460.00  0.000000000000000E+00  0.000000000000000E+00 0
 474    9460.00    9480.00  0.000000000000000E+00  0.000000000000000E+00 0
 475    9480.00    9500.00  0.000000000000000E+00  0.000000000000000E+00 0
 476    9500.00    9520.00  0.000000000000000E+00  0.000000000000000E+00 0
 477    9520.00    9540.00  0.000000000000000E+00  0.000000000000000E+00 0
 478    9540.00    9560.00  0.000000000000000E+00  0.000000000000000E+00 0
 479    9560.00    9580.00  0.000000000000000E+00  0.000000000000000E+00 0
 480    9580.00    9600.00  0.000000000000000E+00  0.000000000000000E+00 0
 481    9600.00    9620.00  0.000000000000000E+00  0.000000000000000E+00 0
 482    9620.00    9640.00  0.000000000000000E+00  0.000000000000000E+00 0
 483    9640.00    9660.00  0.000000000000000E+00  0.000000000000000E+00 0
 484    9660.00    9680.00  0.000000000000000E+00  0.000000000000000E+00 0
 485    9680.00    9700.00  0.000000000000000E+00  0.000000000000000E+00 0
 486    9700.00    9720.00  0.000000000000000E+00  0.000000000000000E+00 0
 487    9720.00    9740.00  0.000000000000000E+00  0.000000000000000E+00 0
 488    9740.00    9760.00  0.000000000000000E+00  0.000000000000000E+00 0
 489    9760.00    9780.00  0.000000000000000E+00  0.000000000000000E+00 0
 490    9780.00    9800.00  0.000000000000000E+00  0.000000000000000E+00 0
 491    9800.00    9820.00  0.000000000000000E+00  0.000000000000000E+00 0
 492    9820.00    9840.00  0.000000000000000E+00  0.000000000000000E+00 0
 493    9840.00    9860.00  0.000000000000000E+00  0.000000000000000E+00 0
 494    9860.00    9880.00  0.000000000000000E+00  0.000000000000000E+00 0
 495    9880.00    9900.00  0.000000000000000E+00  0.000000000000000E+00 0
 496    9900.00    9920.00  0.000000000000000E+00  0.000000000000000E+00 0
 497    9920.00    9940.00  0.000000000000000E+00  0.000000000000000E+00 0
 498    9940.00    9960.00  0.000000000000000E+00  0.000000000000000E+00 0
 499    9960.00    9980.00  0.000000000000000E+00  0.000000000000000E+00 0
 500    9980.00   10000.00  0.000000000000000E+00  0.000000000000000E+00 0
 501   10000.00   10020.00  0.000000000000000E+00  0.000000000000000E+00 0
 502   10020.00   10040.00  0.000000000000000E+00  0.000000000000000E+00 0
 503   10040.00   10060.00  0.000000000000000E+00  0.000000000000000E+00 0
 504   10060.00   10080.00  0.000000000000000E+00  0.000000000000000E+00 0
 505   10080.00   10100.00  0.000000000000000E+00  0.000000000000000E+00 0
 506   10100.00   10120.00  0.000000000000000E+00  0.000000000000000E+00 0
 507   10120.00   10140.00  0.000000000000000E+00  0.000000000000000E+00 0
 508   10140.00   10160.00  0.000000000000000E+00  0.000000000000000E+00 0
 509   10160.00   10180.00  0.000000000000000E+00  0.000000000000000E+00 0
 510   10180.00   10200.00  0.000000000000000E+00  0.000000000000000E+00 0
 511   10200.00   10220.00  0.000000000000000E+00  0.000000000000000E+00 0
 512   10220.00   10240.00  0.000000000000000E+00  0.000000000000000E+00 0
 513   10240.00   10260.00  0.000000000000000E+00  0.000000000000000E+00 0
 514   10260.00   10280.00  0.000000000000000E+00  0.000000000000000E+00 0
 515   10280.00   10300.00  0.000000000000000E+00  0.000000000000000E+00 0
 516   10300.00   10320.00  0.000000000000000E+00  0.000000000000000E+00 0
 517   10320.00   10340.00  0.000000000000000E+00  0.000000000000000E+00 0
 518   10340.00   10360.00  0.000000000000000E+00  0.000000000000000E+00 0
 519   10360.00   10380.00  0.000000000000000E+00  0.000000000000000E+00 0
 520   10380.00   10400.00  0.000000000000000E+00  0.000000000000000E+00 0
 521   10400.00   10420.00  0.000000000000000E+00  0.000000000000000E+00 0
 522   10420.00   10440.00  0.000000000000000E+00  0.000000000000000E+00 0
 523   10440.00   10460.00  0.000000000000000E+00  0.000000000000000E+00 0
 524   10460.00   10480.00  0.000000000000000E+00  0.000000000000000E+00 0
 525   10480.00   10500.00  0.000000000000000E+00  0.000000000000000E+00 0
 526   10500.00   10520.00  0.000000000000000E+00  0.000000000000000E+00 0
 527   10520.00   10540.00  0.000000000000000E+00  0.000000000000000E+00 0
 528   10540.00   10560.00  0.000000000000000E+00  0.000000000000000E+00 0
 529   10560.00   10580.00  0.000000000000000E+00  0.000000000000000E+00 0
 530   10580.00   10600.00  0.000000000000000E+00  0.000000000000000E+00 0
 531   10600.00   10620.00  0.000000000000000E+00  0.000000000000000E+00 0
 532   10620.00   10640.00  0.000000000000000E+00  0.000000000000000E+00 0
 533   10640.00   10660.00  0.000000000000000E+00  0.000000000000000E+00 0
 534   10660.00   10680.00  0.000000000000000E+00  0.000000000000000E+00 0
 535   10680.00   10700.00  0.000000000000000E+00  0.000000000000000E+00 0
 536   10700.00   10720.00  0.000000000000000E+00  0.000000000000000E+00 0
 537   10720.00   10740.00  0.000000000000000E+00  0.000000000000000E+00 0
 538   10740.00   10760.00  0.000000000000000E+00  0.000000000000000E+00 0
 539   10760.00   10780.00  0.000000000000000E+00  0.000000000000000E+00 0
 540   10780.00   10800.00  0.000000000000000E+00  0.000000000000000E+00 0
 541   10800.00   10820.00  0.000000000000000E+00  0.000000000000000E+00 0
 542   10820.00   10840.00  0.000000000000000E+00  0.000000000000000E+00 0
 543   10840.00   10860.00  0.000000000000000E+00  0.000000000000000E+00 0
 544   10860.00   10880.00  0.000000000000000E+00  0.000000000000000E+00 0
 545   10880.00   10900.00  0.000000000000000E+00  0.000000000000000E+00 0
 546   10900.00   10920.00  0.000000000000000E+00  0.000000000000000E+00 0
 547   10920.00   10940.00  0.000000000000000E+00  0.000000000000000E+00 0
 548   10940.00   10960.00  0.000000000000000E+00  0.000000000000000E+00 0
 549   10960.00   10980.00  0.000000000000000E+00  0.000000000000000E+00 0
 550   10980.00   11000.00  0.000000000000000E+00  0.000000000000000E+00 0
 551   11000.00   11020.00  0.000000000000000E+00  0.000000000000000E+00 0
 552   11020.00   11040.00  0.000000000000000E+00  0.000000000000000E+00 0
 553   11040.00   11060.00  0.000000000000000E+00  0.000000000000000E+00 0
 554   11060.00   11080.00  0.000000000000000E+00  0.000000000000000E+00 0
 555   11080.00   11100.00  0.000000000000000E+00  0.000000000000000E+00 0
 556   11100.00   11120.00  0.000000000000000E+00  0.000000000000000E+00 0
 557   11120.00   11140.00  0.000000000000000E+00  0.000000000000000E+00 0
 558   11140.00   11160.00  0.000000000000000E+00  0.000000000000000E+00 0
 559   11160.00   11180.00  0.000000000000000E+00  0.000000000000000E+00 0
 560   11180.00   11200.00  0.000000000000000E+00  0.000000000000000E+00 0
 561   11200.00   11220.00  0.000000000000000E+00  0.000000000000000E+00 0
 562   11220.00   11240.00  0.000000000000000E+00  0.000000000000000E+00 0
 563   11240.00   11260.00  0.000000000000000E+00  0.000000000000000E+00 0
 564   11260.00   11280.00  0.000000000000000E+00  0.000000000000000E+00 0
 565   11280.00   11300.00  0.000000000000000E+00  0.000000000000000E+00 0
 566   11300.00   11320.00  0.000000000000000E+00  0.000000000000000E+00 0
 567   11320.00   11340.00  0.000000000000000E+00  0.000000000000000E+00 0
 568   11340.00   11360.00  0.000000000000000E+00  0.000000000000000E+00 0
 569   11360.00   11380.00  0.000000000000000E+00  0.000000000000000E+00 0
 570   11380.00   11400.00  0.000000000000000E+00  0.000000000000000E+00 0
 571   11400.00   11420.00  0.000000000000000E+00  0.000000000000000E+00 0
 572   11420.00   11440.00  0.000000000000000E+00  0.000000000000000E+00 0
 573   11440.00   11460.00  0.000000000000000E+00  0.000000000000000E+00 0
 574   11460.00   11480.00  0.000000000000000E+00  0.000000000000000E+00 0
 575   11480.00   11500.00  0.000000000000000E+00  0.000000000000000E+00 0
 576   11500.00   11520.00  0.000000000000000E+00  0.000000000000000E+00 0
 577   11520.00   11540.00  0.000000000000000E+00  0.000000000000000E+00 0
 578   11540.00   11560.00  0.000000000000000E+00  0.000000000000000E+00 0
 579   11560.00   11580.00  0.000000000000000E+00  0.000000000000000E+00 0
 580   11580.00   11600.00  0.000000000000000E+00  0.000000000000000E+00 0
 581   11600.00   11620.00  0.000000000000000E+00  0.000000000000000E+00 0
 582   11620.00   11640.00  0.000000000000000E+00  0.000000000000000E+00 0
 583   11640.00   11660.00  0.000000000000000E+00  0.000000000000000E+00 0
 584   11660.00   11680.00  0.000000000000000E+00  0.000000000000000E+00 0
 585   11680.00   11700.00  0.000000000000000E+00  0.000000000000000E+00 0
 586   11700.00   11720.00  0.000000000000000E+00  0.000000000000000E+00 0
 587   11720.00   11740.00  0.000000000000000E+00  0.000000000000000E+00 0
 588   11740.00   11760.00  0.000000000000000E+00  0.000000000000000E+00 0
 589   11760.00   11780.00  0.000000000000000E+00  0.000000000000000E+00 0
 590   11780.00   11800.00  0.000000000000000E+00  0.000000000000000E+00 0
 591   11800.00   11820.00  0.000000000000000E+00  0.000000000000000E+00 0
 592   11820.00   11840.00  0.000000000000000E+00  0.000000000000000E+00 0
 593   11840.00   11860.00  0.000000000000000E+00  0.000000000000000E+00 0
 594   11860.00   11880.00  0.000000000000000E+00  0.000000000000000E+00 0
 595   11880.00   11900.00  0.000000000000000E+00  0.000000000000000E+00 0
 596   11900.00   11920.00  0.000000000000000E+00  0.000000000000000E+00 0
 597   11920.00   11940.00  0.000000000000000E+00  0.000000000000000E+00 0
 598   11940.00   11960.00  0.000000000000000E+00  0.000000000000000E+00 0
 599   11960.00   11980.00  0.000000000000000E+00  0.000000000000000E+00 0
 600   11980.00   12000.00  0.000000000000000E+00  0.000000000000000E+00 0
 601   12000.00   12020.00  0.000000000000000E+00  0.000000000000000E+00 0
 602   12020.00   12040.00  0.000000000000000E+00  0.000000000000000E+00 0
 603   12040.00   12060.00  0.000000000000000E+00  0.000000000000000E+00 0
 604   12060.00   12080.00  0.000000000000000E+00  0.000000000000000E+00 0
 605   12080.00   12100.00  0.000000000000000E+00  0.000000000000000E+00 0
 606   12100.00   12120.00  0.000000000000000E+00  0.000000000000000E+00 0
 607   12120.00   12140.00  0.000000000000000E+00  0.000000000000000E+00 0
 608   12140.00   12160.00  0.000000000000000E+00  0.000000000000000E+00 0
 609   12160.00   12180.00  0.000000000000000E+00  0.000000000000000E+00 0
 610   12180.00   12200.00  0.000000000000000E+00  0.000000000000000E+00 0
 611   12200.00   12220.00  0.000000000000000E+00  0.000000000000000E+00 0
 612   12220.00   12240.00  0.000000000000000E+00  0.000000000000000E+00 0
 613   12240.00   12260.00  0.000000000000000E+00  0.000000000000000E+00 0
 614   12260.00   12280.00  0.000000000000000E+00  0.000000000000000E+00 0
 615   12280.00   12300.00  0.000000000000000E+00  0.000000000000000E+00 0
 616   12300.00   12320.00  0.000000000000000E+00  0.000000000000000E+00 0
 617   12320.00   12340.00  0.000000000000000E+00  0.000000000000000E+00 0
 618   12340.00   12360.00  0.000000000000000E+00  0.000000000000000E+00 0
 619   12360.00   12380.00  0.000000000000000E+00  0.000000000000000E+00 0
 620   12380.00   12400.00  0.000000000000000E+00  0.000000000000000E+00 0
 621   12400.00   12420.00  0.000000000000000E+00  0.000000000000000E+00 0
 622   12420.00   12440.00  0.000000000000000E+00  0.000000000000000E+00 0
 623   12440.00   12460.00  0.000000000000000E+00  0.000000000000000E+00 0
 624   12460.00   12480.00  0.000000000000000E+00  0.000000000000000E+00 0
 625   12480.00   12500.00  0.000000000000000E+00  0.000000000000000E+00 0
 626   12500.00   12520.00  0.000000000000000E+00  0.000000000000000E+00 0
 627   12520.00   12540.00  0.000000000000000E+00  0.000000000000000E+00 0
 628   12540.00   12560.00  0.000000000000000E+00  0.000000000000000E+00 0
 629   12560.00   12580.00  0.000000000000000E+00  0.000000000000000E+00 0
 630   12580.00   12600.00  0.000000000000000E+00  0.000000000000000E+00 0
 631   12600.00   12620.00  0.000000000000000E+00  0.000000000000000E+00 0
 632   12620.00   12640.00  0.000000000000000E+00  0.000000000000000E+00 0
 633   12640.00   12660.00  0.000000000000000E+00  0.000000000000000E+00 0
 634   12660.00   12680.00  0.000000000000000E+00  0.000000000000000E+00 0
 635   12680.00   12700.00  0.000000000000000E+00  0.000000000000000E+00 0
 636   12700.00   12720.00  0.000000000000000E+00  0.000000000000000E+00 0
 637   12720.00   12740.00  0.000000000000000E+00  0.000000000000000E+00 0
 638   12740.00   12760.00  0.000000000000000E+00  0.000000000000000E+00 0
 639   12760.00   12780.00  0.000000000000000E+00  0.000000000000000E+00 0
 640   12780.00   12800.00  0.000000000000000E+00  0.000000000000000E+00 0
 641   12800.00   12820.00  0.000000000000000E+00  0.000000000000000E+00 0
 642   12820.00   12840.00  0.000000000000000E+00  0.000000000000000E+00 0
 643   12840.00   12860.00  0.000000000000000E+00  0.000000000000000E+00 0
 644   12860.00   12880.00  0.000000000000000E+00  0.000000000000000E+00 0
 645   12880.00   12900.00  0.000000000000000E+00  0.000000000000000E+00 0
 646   12900.00   12920.00  0.000000000000000E+00  0.000000000000000E+00 0
 647   12920.00   12940.00  0.000000000000000E+00  0.000000000000000E+00 0
 648   12940.00   12960.00  0.000000000000000E+00  0.000000000000000E+00 0
 649   12960.00   12980.00  0.000000000000000E+00  0.000000000000000E+00 0
 650   12980.00   13000.00  0.000000000000000E+00  0.000000000000000E+00 0
# Underflow:                 0.0000000000000000E+00  0.0000000000000000E+00 0
# Overflow:                  0.0000000000000000E+00  0.0000000000000000E+00 0
#-------------------------------------------------------------------------------------
# Sum:                       1.1970448380183037E-19  1.2231889635745603E-19 1001
#=====================================================================================
