# title = Transverse Momentum Jet Pair
# xlabel = $p_{\text{T},\text{j}_1\text{j}_2}\,$[GeV]
# ylabel = $\frac{\text{d}\sigma}{\text{d}p_{\text{T},\text{j}_1\text{j}_2}}\,\left[\frac{\text{fb}}{\text{GeV}}\right]$
# xmin=  0.000E+00
# xmax=  8.000E+02
# ymin=  1.000E-05
# ymax=  1.000E-02
# kmin=  0.000E+00
# kmax=  1.000E+02
# logscale = true
# Renormalization and factorization scale scaled by: 2.0000000000
# Renormalization scaled by: 2.0000000000
# Number of generated events: 80542
#
#=====================================================================================
# No.       Left      Right                   Value                   Error Hits
#-------------------------------------------------------------------------------------
   1       0.00      20.00  4.366477634362765E-06  2.046324070015744E-08 19608426
   2      20.00      40.00  1.206595813563504E-05  3.180717894531455E-08 36649313
   3      40.00      60.00  1.762160132554884E-05  3.943980556277031E-08 42544973
   4      60.00      80.00  2.047287659379229E-05  4.177069791246464E-08 44570941
   5      80.00     100.00  2.106981866310476E-05  4.312753398500791E-08 44639866
   6     100.00     120.00  1.999687577143787E-05  4.134760504970403E-08 43460122
   7     120.00     140.00  1.804638690951291E-05  3.949038843582725E-08 41591166
   8     140.00     160.00  1.549409620996490E-05  3.704808631444938E-08 39333545
   9     160.00     180.00  1.303347654675785E-05  3.460550295625994E-08 36902300
  10     180.00     200.00  1.063522067686964E-05  3.085404507897086E-08 34416595
  11     200.00     220.00  8.483654191750991E-06  2.861060442158291E-08 32021674
  12     220.00     240.00  6.619723259495173E-06  2.571085131409168E-08 29740755
  13     240.00     260.00  5.053787937572276E-06  2.380665009225873E-08 27578571
  14     260.00     280.00  3.805311450802393E-06  2.124874151364323E-08 25566820
  15     280.00     300.00  2.834489028698148E-06  2.061787957120519E-08 23698516
  16     300.00     320.00  2.085401514445174E-06  1.796612277160059E-08 21962522
  17     320.00     340.00  1.573324189093615E-06  1.621720416159576E-08 20341704
  18     340.00     360.00  1.181038917592732E-06  1.470152058514535E-08 18833572
  19     360.00     380.00  8.598333500979288E-07  1.321480946030820E-08 17473432
  20     380.00     400.00  6.369780100023472E-07  1.196376768226785E-08 16217699
  21     400.00     420.00  4.669223231579252E-07  1.094909621170047E-08 15098094
  22     420.00     440.00  3.333964276220467E-07  9.916339073782471E-09 14063459
  23     440.00     460.00  2.537002004196214E-07  9.083604620227729E-09 13109553
  24     460.00     480.00  1.538468586783492E-07  7.919425420661957E-09 12243494
  25     480.00     500.00  1.092833298040275E-07  7.288737048559466E-09 11451930
  26     500.00     520.00  8.188405983497405E-08  6.640318224623924E-09 10718988
  27     520.00     540.00  3.841762471251493E-08  5.905628926553440E-09 10053082
  28     540.00     560.00  3.845120828658737E-08  5.576963693888213E-09 9435278
  29     560.00     580.00 -5.754429792204222E-09  4.942533189971060E-09 8863753
  30     580.00     600.00 -1.136022034472553E-08  4.465725717430186E-09 8335449
  31     600.00     620.00 -2.013506700846100E-08  3.980439721656096E-09 7851749
  32     620.00     640.00 -2.698524047907416E-08  3.613009478617305E-09 7398513
  33     640.00     660.00 -3.024022369030593E-08  3.355460345164068E-09 6979943
  34     660.00     680.00 -2.473908642139891E-08  3.083771055780173E-09 6590522
  35     680.00     700.00 -2.815733638566245E-08  2.862211487990096E-09 6229700
  36     700.00     720.00 -2.588798523173720E-08  2.569053223847393E-09 5889691
  37     720.00     740.00 -2.967097088231813E-08  2.351264187510573E-09 5571639
  38     740.00     760.00 -2.997382918133730E-08  2.077394300848163E-09 5284914
  39     760.00     780.00 -2.642841498143008E-08  1.957123530963197E-09 5004262
  40     780.00     800.00 -2.713275190407539E-08  1.741866467052584E-09 4744518
  41     800.00     820.00 -2.577087304519178E-08  1.613646668501120E-09 4511735
  42     820.00     840.00 -1.998669586669572E-08  1.487622497719345E-09 4277717
  43     840.00     860.00 -2.084697455347359E-08  1.356662840199925E-09 4064782
  44     860.00     880.00 -1.743210555303123E-08  1.188871216520182E-09 3864913
  45     880.00     900.00 -1.689627263837158E-08  1.190698011175480E-09 3678151
  46     900.00     920.00 -1.740815966465810E-08  1.025419549171043E-09 3502142
  47     920.00     940.00 -1.457366114471798E-08  9.347975789006158E-10 3332855
  48     940.00     960.00 -1.308528633104745E-08  9.064008011358643E-10 3179075
  49     960.00     980.00 -1.258133837823312E-08  7.766176253695274E-10 3030049
  50     980.00    1000.00 -1.065924749237343E-08  7.723963070792506E-10 2888589
  51    1000.00    1020.00 -1.048356420165192E-08  6.821685365461116E-10 2755627
  52    1020.00    1040.00 -8.681807005517691E-09  6.180007479425343E-10 2630304
  53    1040.00    1060.00 -8.286059977267702E-09  5.617827410839227E-10 2513616
  54    1060.00    1080.00 -7.259464954324506E-09  5.307205021582129E-10 2400080
  55    1080.00    1100.00 -6.759524610573847E-09  4.589862516524890E-10 2294523
  56    1100.00    1120.00 -5.747122139188443E-09  4.528702018963795E-10 2192226
  57    1120.00    1140.00 -5.389260933638769E-09  4.093352581187311E-10 2098485
  58    1140.00    1160.00 -5.297569890861961E-09  3.579246016492754E-10 2006839
  59    1160.00    1180.00 -5.025501763644460E-09  3.667318971814834E-10 1919462
  60    1180.00    1200.00 -3.908709399993664E-09  3.226900661904632E-10 1841610
  61    1200.00    1220.00 -3.524571135191437E-09  2.992659552229749E-10 1762490
  62    1220.00    1240.00 -3.535703385517509E-09  2.658540610737364E-10 1688175
  63    1240.00    1260.00 -2.536350238908367E-09  2.616002680594696E-10 1617541
  64    1260.00    1280.00 -2.609631568757229E-09  2.291620741987752E-10 1548848
  65    1280.00    1300.00 -2.471850646588893E-09  2.035062152607716E-10 1489606
  66    1300.00    1320.00 -2.132987505637516E-09  1.993409990273683E-10 1426175
  67    1320.00    1340.00 -1.831747503298776E-09  1.796261817194918E-10 1368571
  68    1340.00    1360.00 -1.957514578810982E-09  1.556686352053448E-10 1314978
  69    1360.00    1380.00 -1.599918389578277E-09  1.594670581548529E-10 1261271
  70    1380.00    1400.00 -1.294842506130376E-09  1.392168035011064E-10 1212491
  71    1400.00    1420.00 -1.318489816605244E-09  1.291420988385123E-10 1163805
  72    1420.00    1440.00 -1.188370131365961E-09  1.235911506753251E-10 1120415
  73    1440.00    1460.00 -1.109684807121901E-09  1.130428219568514E-10 1077485
  74    1460.00    1480.00 -9.702409391314645E-10  1.072789748761277E-10 1031495
  75    1480.00    1500.00 -9.044855805108073E-10  9.773380882449983E-11 993704
  76    1500.00    1520.00 -7.532413290034249E-10  8.568328908914302E-11 956206
  77    1520.00    1540.00 -7.531118101990518E-10  7.323385326645378E-11 919814
  78    1540.00    1560.00 -6.173924981553677E-10  6.601518568850611E-11 883447
  79    1560.00    1580.00 -5.328480896963830E-10  7.447727050863548E-11 849922
  80    1580.00    1600.00 -5.118799138239628E-10  6.461957776819538E-11 819577
  81    1600.00    1620.00 -4.696914560937879E-10  5.681596579609088E-11 788854
  82    1620.00    1640.00 -3.736635819332183E-10  5.692181900648087E-11 759404
  83    1640.00    1660.00 -3.052148179613733E-10  4.948428077015829E-11 729967
  84    1660.00    1680.00 -2.516161193314747E-10  4.502057789007730E-11 704707
  85    1680.00    1700.00 -3.036098240692705E-10  4.236111964341262E-11 679164
  86    1700.00    1720.00 -2.812923113267824E-10  3.740638341142735E-11 654402
  87    1720.00    1740.00 -2.633060022684880E-10  4.172173942939534E-11 629505
  88    1740.00    1760.00 -2.138300590509225E-10  3.249494646665151E-11 606789
  89    1760.00    1780.00 -1.871015262301214E-10  4.656639961830187E-11 585252
  90    1780.00    1800.00 -1.833820587284095E-10  2.716992744936662E-11 565291
  91    1800.00    1820.00 -1.616231266872332E-10  2.696557406774575E-11 544931
  92    1820.00    1840.00 -1.569303667096612E-10  2.276775451558031E-11 524846
  93    1840.00    1860.00 -1.201116386819413E-10  2.209289140173112E-11 506036
  94    1860.00    1880.00 -1.368138376063088E-10  1.850059424325842E-11 489013
  95    1880.00    1900.00 -1.320730569048642E-10  2.038320491455415E-11 470457
  96    1900.00    1920.00 -8.254996782730346E-11  1.878750714189387E-11 454401
  97    1920.00    1940.00 -7.764660177912683E-11  1.563233400963530E-11 438703
  98    1940.00    1960.00 -7.621932821749980E-11  1.749370790935859E-11 423546
  99    1960.00    1980.00 -7.451166819791652E-11  1.496199922408078E-11 409678
 100    1980.00    2000.00 -7.877209988583476E-11  1.307357169632553E-11 393955
 101    2000.00    2020.00 -3.462328233902164E-11  1.185911408442492E-11 381517
 102    2020.00    2040.00 -3.482423300399624E-11  1.108011491484924E-11 367196
 103    2040.00    2060.00 -4.767268990001772E-11  1.063708881555576E-11 356400
 104    2060.00    2080.00 -2.840281206028503E-11  1.245510127098617E-11 343691
 105    2080.00    2100.00 -2.786960374996401E-11  8.354449204593807E-12 331194
 106    2100.00    2120.00 -2.702078192028167E-11  9.224681098555554E-12 321639
 107    2120.00    2140.00 -3.087760492372186E-11  8.004318105066859E-12 309665
 108    2140.00    2160.00 -2.655827235201348E-11  7.135227879749704E-12 299559
 109    2160.00    2180.00 -2.329825925070035E-11  6.203704912303372E-12 288981
 110    2180.00    2200.00 -2.563174706714871E-11  6.055162444184920E-12 278563
 111    2200.00    2220.00 -2.273511056301228E-11  4.394774636660108E-12 269555
 112    2220.00    2240.00 -1.807008796905396E-11  5.003122225549973E-12 261051
 113    2240.00    2260.00 -2.420044600695810E-11  4.693249641363324E-12 251705
 114    2260.00    2280.00 -1.518223904106774E-11  4.674041966244176E-12 242995
 115    2280.00    2300.00 -1.505401356554143E-11  3.660102162131929E-12 235229
 116    2300.00    2320.00 -1.202238193228273E-11  4.044549995448819E-12 227221
 117    2320.00    2340.00 -9.519200929120983E-12  3.295588666301603E-12 219853
 118    2340.00    2360.00 -8.646602034515775E-12  2.717249685997132E-12 212800
 119    2360.00    2380.00 -1.358469653011466E-11  3.099379448966156E-12 205303
 120    2380.00    2400.00 -6.055907948971407E-12  2.508993291777134E-12 199094
 121    2400.00    2420.00 -1.005241983340432E-11  2.373946321113718E-12 191995
 122    2420.00    2440.00 -9.865614061412131E-12  2.535769141650252E-12 185657
 123    2440.00    2460.00 -2.424424060693077E-12  2.325520581986418E-12 178777
 124    2460.00    2480.00 -7.531048866731332E-12  1.999591940122740E-12 173970
 125    2480.00    2500.00 -4.394926409312932E-12  1.743417895840120E-12 167169
 126    2500.00    2520.00 -6.602783005470876E-12  2.608178021785174E-12 162581
 127    2520.00    2540.00 -5.301479572208649E-12  2.105395133102178E-12 157258
 128    2540.00    2560.00 -4.899846503825901E-12  1.438952173118735E-12 152092
 129    2560.00    2580.00 -2.261560693714878E-12  1.542006810329198E-12 146764
 130    2580.00    2600.00 -1.531741908426230E-12  1.234984210548897E-12 142515
 131    2600.00    2620.00 -3.207989501301059E-12  1.154117956932155E-12 137163
 132    2620.00    2640.00 -3.014132067047065E-12  1.230854209221072E-12 132932
 133    2640.00    2660.00 -3.655499268933025E-12  1.016674041872998E-12 128510
 134    2660.00    2680.00 -1.194501584694343E-12  8.977265726087092E-13 123737
 135    2680.00    2700.00 -1.113623569892286E-12  8.895933184541400E-13 119909
 136    2700.00    2720.00 -1.600158725143746E-12  8.350514888393748E-13 116310
 137    2720.00    2740.00 -1.167271641428893E-12  7.375238074599875E-13 112911
 138    2740.00    2760.00 -1.769004595840738E-12  1.206323392431390E-12 108757
 139    2760.00    2780.00 -9.094200598495120E-13  7.184870735249999E-13 105271
 140    2780.00    2800.00 -2.040028881557528E-12  7.946178253621878E-13 101410
 141    2800.00    2820.00 -4.946218729871188E-13  7.068884823029997E-13 98709
 142    2820.00    2840.00 -7.093866714924270E-13  4.216969013690989E-13 95028
 143    2840.00    2860.00 -6.840290275606398E-13  5.262097761863988E-13 91942
 144    2860.00    2880.00 -3.208569912519892E-13  4.636553056643016E-13 88964
 145    2880.00    2900.00 -2.863401339976746E-13  4.111145961188651E-13 86324
 146    2900.00    2920.00 -5.204065875961845E-14  4.704665111231010E-13 83591
 147    2920.00    2940.00 -3.383394387837489E-14  3.751848361425067E-13 81144
 148    2940.00    2960.00 -1.410047191289956E-13  3.293445306906077E-13 77975
 149    2960.00    2980.00 -2.395049955493479E-13  3.140303868078899E-13 75836
 150    2980.00    3000.00 -3.813314595777922E-13  2.403534694678433E-13 73611
 151    3000.00    3020.00 -9.633671768689729E-13  6.840336622543674E-13 70901
 152    3020.00    3040.00 -5.934373013331723E-13  2.160058734316790E-13 68349
 153    3040.00    3060.00  9.565606523819612E-15  2.034889261220856E-13 66304
 154    3060.00    3080.00 -2.114560263786015E-13  2.155476349572310E-13 63824
 155    3080.00    3100.00 -9.523282220732871E-14  1.962591594831972E-13 62405
 156    3100.00    3120.00 -1.862090134676250E-13  1.562556382648136E-13 59845
 157    3120.00    3140.00  3.851718526718603E-14  1.468828935510628E-13 58360
 158    3140.00    3160.00 -2.910816546362531E-13  1.579334347754674E-13 55799
 159    3160.00    3180.00 -1.110555522252041E-13  1.608970389691380E-13 54363
 160    3180.00    3200.00 -1.587090436045124E-13  1.108898626737856E-13 52475
 161    3200.00    3220.00 -1.276890546915933E-13  9.560994560993768E-14 50431
 162    3220.00    3240.00 -1.938596841476809E-13  9.886665230881020E-14 49161
 163    3240.00    3260.00 -2.071451533829290E-13  8.077904120412415E-14 47408
 164    3260.00    3280.00  2.224765822567060E-13  7.293057572842538E-14 45770
 165    3280.00    3300.00 -1.208255746280027E-13  6.472473731091210E-14 44063
 166    3300.00    3320.00 -1.057238050403545E-13  8.605050555826566E-14 42821
 167    3320.00    3340.00 -2.095071394383327E-13  1.341156186785428E-13 41734
 168    3340.00    3360.00 -2.345547737547226E-14  8.525042244874347E-14 40165
 169    3360.00    3380.00 -2.132737984225186E-13  7.189397042577158E-14 38735
 170    3380.00    3400.00 -2.549709551242170E-14  6.506755915370976E-14 37753
 171    3400.00    3420.00 -1.356096894719796E-13  6.495887420276740E-14 36524
 172    3420.00    3440.00 -2.853705718029093E-14  3.253062581620312E-14 34977
 173    3440.00    3460.00 -1.034856146232815E-13  4.404244270813390E-14 33815
 174    3460.00    3480.00  4.659533006548388E-15  5.048301401823170E-14 32772
 175    3480.00    3500.00 -7.280984591120401E-14  4.012468446742142E-14 31758
 176    3500.00    3520.00 -6.702952837959446E-15  3.097097353898970E-14 30514
 177    3520.00    3540.00 -3.244849200185781E-14  2.264200268504433E-14 29499
 178    3540.00    3560.00  3.459475407853645E-15  3.857096168250915E-14 28451
 179    3560.00    3580.00 -4.139696329469315E-14  2.301400994274839E-14 27593
 180    3580.00    3600.00 -1.977427805583805E-14  1.979364373434401E-14 26589
 181    3600.00    3620.00 -2.690622659027948E-14  1.958335482835751E-14 25653
 182    3620.00    3640.00 -6.234629278340986E-15  3.263455070639704E-14 24986
 183    3640.00    3660.00 -2.469588515734746E-14  1.651162332435395E-14 24133
 184    3660.00    3680.00 -5.158624608185862E-14  2.752530510880598E-14 23060
 185    3680.00    3700.00 -9.915242883709828E-15  1.344177405013447E-14 22575
 186    3700.00    3720.00  3.940046104807813E-15  1.339735814362223E-14 21676
 187    3720.00    3740.00 -1.507972572030777E-14  1.791030554580810E-14 20968
 188    3740.00    3760.00 -8.272519020053045E-15  1.067788167596062E-14 20108
 189    3760.00    3780.00 -1.111723923230273E-16  1.512370161059438E-14 19554
 190    3780.00    3800.00 -8.005856869297949E-15  9.965595372867442E-15 18938
 191    3800.00    3820.00 -3.537916457068980E-15  7.814235719620569E-15 18106
 192    3820.00    3840.00 -1.832822341477581E-14  8.049020736258762E-15 17675
 193    3840.00    3860.00  4.155279069241979E-15  6.995556855647325E-15 17020
 194    3860.00    3880.00  5.830866845317235E-15  6.603370665429937E-15 16132
 195    3880.00    3900.00  7.665097434182567E-15  7.313297888739917E-15 15557
 196    3900.00    3920.00 -3.786719541519291E-15  5.498178888424261E-15 15374
 197    3920.00    3940.00  1.464389009861044E-14  5.106918826990093E-15 14742
 198    3940.00    3960.00 -4.212713134606632E-15  4.293092971630879E-15 14111
 199    3960.00    3980.00 -1.787453248392686E-15  6.623215454875537E-15 13761
 200    3980.00    4000.00 -5.813898904356792E-15  2.946049918315199E-15 12821
 201    4000.00    4020.00  7.801127410882333E-15  5.950064536519602E-15 12687
 202    4020.00    4040.00 -6.586786115503485E-15  4.639456796521600E-15 12213
 203    4040.00    4060.00 -5.620502429469383E-15  7.301050094569036E-15 11664
 204    4060.00    4080.00 -1.352477969552382E-15  1.814392409324071E-15 11253
 205    4080.00    4100.00 -3.919786790206941E-15  1.872038193809323E-15 11017
 206    4100.00    4120.00 -3.511470049243346E-15  2.420253409598696E-15 10489
 207    4120.00    4140.00 -4.466953296617652E-15  2.649544665817830E-15 10145
 208    4140.00    4160.00 -1.986925558467973E-15  1.689092628742046E-15 9782
 209    4160.00    4180.00 -5.917234264469335E-15  4.299321590532654E-15 9398
 210    4180.00    4200.00  1.212569894416372E-15  1.604816225844381E-15 8921
 211    4200.00    4220.00 -9.124777846297848E-16  2.130865521906225E-15 8639
 212    4220.00    4240.00  1.000584763644922E-15  1.671290500512594E-15 8361
 213    4240.00    4260.00 -4.319294021975395E-17  1.123205197538516E-15 8207
 214    4260.00    4280.00  1.626703644678809E-15  1.212645718391010E-15 7701
 215    4280.00    4300.00 -2.756301833933379E-15  2.525501745585919E-15 7564
 216    4300.00    4320.00 -1.993586805232704E-15  1.473350913321902E-15 7252
 217    4320.00    4340.00 -4.067456621832884E-16  6.948436677524698E-16 6941
 218    4340.00    4360.00  2.678417282151556E-16  6.424997174426668E-16 6680
 219    4360.00    4380.00 -2.383632455493058E-16  6.271108158706925E-16 6306
 220    4380.00    4400.00  1.048808982423952E-15  1.347826403471415E-15 6095
 221    4400.00    4420.00 -3.238224954069729E-16  8.879549426554716E-16 5907
 222    4420.00    4440.00 -8.358473833434835E-16  5.933682068872045E-16 5707
 223    4440.00    4460.00  1.530847646396406E-16  4.721411584878851E-16 5452
 224    4460.00    4480.00 -1.177833949526258E-15  7.005323517607614E-16 5188
 225    4480.00    4500.00 -1.369120737539127E-16  3.786866472333478E-16 5070
 226    4500.00    4520.00 -1.259548226609492E-16  3.907158167305587E-16 4860
 227    4520.00    4540.00 -4.980264359845167E-16  2.630644234370390E-16 4496
 228    4540.00    4560.00 -1.682788759070043E-15  1.761313202965202E-15 4346
 229    4560.00    4580.00 -3.707962143261796E-16  2.985176149440876E-16 4214
 230    4580.00    4600.00 -2.193169119835054E-16  3.035447810883026E-16 4038
 231    4600.00    4620.00 -1.407356096862484E-16  1.544396959577888E-16 3948
 232    4620.00    4640.00 -1.264726172358225E-16  1.230131128141284E-16 3544
 233    4640.00    4660.00 -4.290191802880172E-18  2.106373835668035E-16 3529
 234    4660.00    4680.00 -4.819720869040357E-16  2.926051994492326E-16 3412
 235    4680.00    4700.00 -2.550558004276075E-16  1.346416805522440E-16 3206
 236    4700.00    4720.00  3.441692130851273E-17  1.733058184897948E-16 3113
 237    4720.00    4740.00 -1.590634869391721E-17  1.103326691345331E-16 2817
 238    4740.00    4760.00 -1.525412045646146E-16  1.784627097748926E-16 2822
 239    4760.00    4780.00  1.258138089631447E-16  1.280764390445182E-16 2726
 240    4780.00    4800.00 -8.096908721439750E-19  1.042876617970675E-16 2464
 241    4800.00    4820.00 -1.709456794875826E-16  2.609300194034560E-16 2378
 242    4820.00    4840.00 -9.756346365069874E-18  9.956337897236059E-17 2271
 243    4840.00    4860.00  3.367479782042981E-17  3.272161987836318E-17 2239
 244    4860.00    4880.00 -2.337724134246471E-16  1.356133072381468E-16 2040
 245    4880.00    4900.00 -4.205428346621374E-18  5.361284345745681E-17 1989
 246    4900.00    4920.00 -1.629495345700949E-17  1.550456043993597E-17 1903
 247    4920.00    4940.00  1.241539110442068E-17  1.981517610326242E-17 1726
 248    4940.00    4960.00  2.253740390077145E-17  3.655446577368214E-17 1718
 249    4960.00    4980.00  4.658719972691262E-17  3.591368699472137E-17 1625
 250    4980.00    5000.00 -2.808629304230121E-17  1.690444282306053E-17 1505
 251    5000.00    5020.00 -3.717882806703338E-17  1.847046672425845E-17 1541
 252    5020.00    5040.00 -1.421504467260102E-18  1.244883939737787E-17 1349
 253    5040.00    5060.00  3.009097086170795E-18  8.881511501828287E-18 1365
 254    5060.00    5080.00 -1.300838852668242E-17  1.024351099020059E-17 1152
 255    5080.00    5100.00  4.276718602717888E-17  1.003635373883012E-16 1164
 256    5100.00    5120.00 -2.268527954435524E-17  1.136129563361958E-17 1117
 257    5120.00    5140.00  3.465375095574470E-17  4.805329540786620E-17 1031
 258    5140.00    5160.00 -3.268790280084598E-18  8.955528155971967E-18 1023
 259    5160.00    5180.00 -2.168507674240140E-18  3.768166906402119E-18 906
 260    5180.00    5200.00 -1.024717640439658E-17  7.868569238009137E-18 875
 261    5200.00    5220.00 -1.340149273333582E-18  8.742577160605844E-18 867
 262    5220.00    5240.00 -5.569912705085074E-18  6.375981214898476E-18 773
 263    5240.00    5260.00 -1.096796449556898E-17  1.016933916609957E-17 787
 264    5260.00    5280.00  2.214310108279812E-18  1.545059473495495E-18 687
 265    5280.00    5300.00  1.662534956222371E-18  2.348557167913660E-18 657
 266    5300.00    5320.00 -2.943534355287703E-18  3.060382845241849E-18 547
 267    5320.00    5340.00  2.585627372561538E-19  9.029873942678338E-19 571
 268    5340.00    5360.00 -3.108633622205417E-18  1.825583396472448E-18 515
 269    5360.00    5380.00  8.518884674941738E-20  1.373610743215531E-18 457
 270    5380.00    5400.00 -1.637680707528807E-19  5.904943157346003E-19 436
 271    5400.00    5420.00  1.426301910102301E-18  7.477433470158984E-19 417
 272    5420.00    5440.00 -3.886161716244505E-19  7.922190628442811E-19 396
 273    5440.00    5460.00  6.035106494798382E-19  1.314161892870731E-18 366
 274    5460.00    5480.00 -4.873083629664655E-19  7.796699041199081E-19 323
 275    5480.00    5500.00 -2.494589720123380E-19  4.118891427216562E-19 277
 276    5500.00    5520.00 -2.532031494441487E-19  2.485512268757058E-19 308
 277    5520.00    5540.00 -1.280377289161843E-18  8.278567268278545E-19 238
 278    5540.00    5560.00  1.099376286086468E-18  9.015003467641400E-19 220
 279    5560.00    5580.00 -1.268811748428171E-18  1.034062378285419E-18 205
 280    5580.00    5600.00  9.034377285176805E-20  1.994072336328092E-19 209
 281    5600.00    5620.00 -1.003810533253338E-20  8.583197619427341E-20 213
 282    5620.00    5640.00  5.951334341822335E-20  7.163928921593570E-20 160
 283    5640.00    5660.00 -4.405059439140315E-19  2.589575326504686E-19 183
 284    5660.00    5680.00  2.455972397025884E-20  7.375021855628339E-20 153
 285    5680.00    5700.00  1.263356776785090E-19  7.912283407402629E-20 131
 286    5700.00    5720.00  1.090242317843066E-19  9.914265345970426E-20 125
 287    5720.00    5740.00  1.923212373133751E-20  3.782019817079737E-20 112
 288    5740.00    5760.00 -1.290588497621351E-20  4.910524185941193E-20 105
 289    5760.00    5780.00  1.330183990742617E-19  1.584801597665997E-19 82
 290    5780.00    5800.00  3.217955434933704E-20  3.134870652657874E-20 68
 291    5800.00    5820.00 -2.642288018963584E-21  7.738565817537975E-21 71
 292    5820.00    5840.00 -1.266834040994671E-21  1.552379565942498E-20 65
 293    5840.00    5860.00  2.401588172221171E-20  3.454126545150553E-20 43
 294    5860.00    5880.00  1.647271472628651E-20  1.261464991921764E-20 43
 295    5880.00    5900.00  2.267883647027879E-20  1.903351407996884E-20 57
 296    5900.00    5920.00  7.491240899993304E-22  6.182789055329524E-22 34
 297    5920.00    5940.00  6.202558894990495E-21  6.375630404816227E-21 32
 298    5940.00    5960.00  1.315203483641822E-21  1.699516295163708E-21 29
 299    5960.00    5980.00 -1.436341820350960E-20  1.042017982935779E-20 22
 300    5980.00    6000.00  7.321662854836875E-22  4.523532798184512E-22 22
 301    6000.00    6020.00 -1.633373761006767E-20  1.140917662502506E-20 18
 302    6020.00    6040.00 -2.920361023840412E-22  3.996935744572261E-22 16
 303    6040.00    6060.00 -6.577342470379923E-23  4.077148003083213E-23 9
 304    6060.00    6080.00  1.645747137206109E-26  4.998968852488160E-25 7
 305    6080.00    6100.00 -3.477994459930245E-24  6.992952054198023E-24 9
 306    6100.00    6120.00  1.390139364040567E-23  1.176470261899008E-23 5
 307    6120.00    6140.00 -1.059379456447508E-25  1.059379455965171E-25 1
 308    6140.00    6160.00  7.854555174002439E-24  7.857306232553104E-24 2
 309    6160.00    6180.00  1.122588451811209E-25  1.122588451303175E-25 1
 310    6180.00    6200.00 -9.689129885382755E-25  9.689129880713061E-25 1
 311    6200.00    6220.00  0.000000000000000E+00  0.000000000000000E+00 0
 312    6220.00    6240.00 -3.773638831204158E-24  3.773638829325550E-24 1
 313    6240.00    6260.00  0.000000000000000E+00  0.000000000000000E+00 0
 314    6260.00    6280.00  0.000000000000000E+00  0.000000000000000E+00 0
 315    6280.00    6300.00  0.000000000000000E+00  0.000000000000000E+00 0
 316    6300.00    6320.00  0.000000000000000E+00  0.000000000000000E+00 0
 317    6320.00    6340.00  0.000000000000000E+00  0.000000000000000E+00 0
 318    6340.00    6360.00  0.000000000000000E+00  0.000000000000000E+00 0
 319    6360.00    6380.00  0.000000000000000E+00  0.000000000000000E+00 0
 320    6380.00    6400.00  0.000000000000000E+00  0.000000000000000E+00 0
 321    6400.00    6420.00  0.000000000000000E+00  0.000000000000000E+00 0
 322    6420.00    6440.00  0.000000000000000E+00  0.000000000000000E+00 0
 323    6440.00    6460.00  0.000000000000000E+00  0.000000000000000E+00 0
 324    6460.00    6480.00  0.000000000000000E+00  0.000000000000000E+00 0
 325    6480.00    6500.00  0.000000000000000E+00  0.000000000000000E+00 0
 326    6500.00    6520.00  0.000000000000000E+00  0.000000000000000E+00 0
 327    6520.00    6540.00  0.000000000000000E+00  0.000000000000000E+00 0
 328    6540.00    6560.00  0.000000000000000E+00  0.000000000000000E+00 0
 329    6560.00    6580.00  0.000000000000000E+00  0.000000000000000E+00 0
 330    6580.00    6600.00  0.000000000000000E+00  0.000000000000000E+00 0
 331    6600.00    6620.00  0.000000000000000E+00  0.000000000000000E+00 0
 332    6620.00    6640.00  0.000000000000000E+00  0.000000000000000E+00 0
 333    6640.00    6660.00  0.000000000000000E+00  0.000000000000000E+00 0
 334    6660.00    6680.00  0.000000000000000E+00  0.000000000000000E+00 0
 335    6680.00    6700.00  0.000000000000000E+00  0.000000000000000E+00 0
 336    6700.00    6720.00  0.000000000000000E+00  0.000000000000000E+00 0
 337    6720.00    6740.00  0.000000000000000E+00  0.000000000000000E+00 0
 338    6740.00    6760.00  0.000000000000000E+00  0.000000000000000E+00 0
 339    6760.00    6780.00  0.000000000000000E+00  0.000000000000000E+00 0
 340    6780.00    6800.00  0.000000000000000E+00  0.000000000000000E+00 0
 341    6800.00    6820.00  0.000000000000000E+00  0.000000000000000E+00 0
 342    6820.00    6840.00  0.000000000000000E+00  0.000000000000000E+00 0
 343    6840.00    6860.00  0.000000000000000E+00  0.000000000000000E+00 0
 344    6860.00    6880.00  0.000000000000000E+00  0.000000000000000E+00 0
 345    6880.00    6900.00  0.000000000000000E+00  0.000000000000000E+00 0
 346    6900.00    6920.00  0.000000000000000E+00  0.000000000000000E+00 0
 347    6920.00    6940.00  0.000000000000000E+00  0.000000000000000E+00 0
 348    6940.00    6960.00  0.000000000000000E+00  0.000000000000000E+00 0
 349    6960.00    6980.00  0.000000000000000E+00  0.000000000000000E+00 0
 350    6980.00    7000.00  0.000000000000000E+00  0.000000000000000E+00 0
 351    7000.00    7020.00  0.000000000000000E+00  0.000000000000000E+00 0
 352    7020.00    7040.00  0.000000000000000E+00  0.000000000000000E+00 0
 353    7040.00    7060.00  0.000000000000000E+00  0.000000000000000E+00 0
 354    7060.00    7080.00  0.000000000000000E+00  0.000000000000000E+00 0
 355    7080.00    7100.00  0.000000000000000E+00  0.000000000000000E+00 0
 356    7100.00    7120.00  0.000000000000000E+00  0.000000000000000E+00 0
 357    7120.00    7140.00  0.000000000000000E+00  0.000000000000000E+00 0
 358    7140.00    7160.00  0.000000000000000E+00  0.000000000000000E+00 0
 359    7160.00    7180.00  0.000000000000000E+00  0.000000000000000E+00 0
 360    7180.00    7200.00  0.000000000000000E+00  0.000000000000000E+00 0
 361    7200.00    7220.00  0.000000000000000E+00  0.000000000000000E+00 0
 362    7220.00    7240.00  0.000000000000000E+00  0.000000000000000E+00 0
 363    7240.00    7260.00  0.000000000000000E+00  0.000000000000000E+00 0
 364    7260.00    7280.00  0.000000000000000E+00  0.000000000000000E+00 0
 365    7280.00    7300.00  0.000000000000000E+00  0.000000000000000E+00 0
 366    7300.00    7320.00  0.000000000000000E+00  0.000000000000000E+00 0
 367    7320.00    7340.00  0.000000000000000E+00  0.000000000000000E+00 0
 368    7340.00    7360.00  0.000000000000000E+00  0.000000000000000E+00 0
 369    7360.00    7380.00  0.000000000000000E+00  0.000000000000000E+00 0
 370    7380.00    7400.00  0.000000000000000E+00  0.000000000000000E+00 0
 371    7400.00    7420.00  0.000000000000000E+00  0.000000000000000E+00 0
 372    7420.00    7440.00  0.000000000000000E+00  0.000000000000000E+00 0
 373    7440.00    7460.00  0.000000000000000E+00  0.000000000000000E+00 0
 374    7460.00    7480.00  0.000000000000000E+00  0.000000000000000E+00 0
 375    7480.00    7500.00  0.000000000000000E+00  0.000000000000000E+00 0
 376    7500.00    7520.00  0.000000000000000E+00  0.000000000000000E+00 0
 377    7520.00    7540.00  0.000000000000000E+00  0.000000000000000E+00 0
 378    7540.00    7560.00  0.000000000000000E+00  0.000000000000000E+00 0
 379    7560.00    7580.00  0.000000000000000E+00  0.000000000000000E+00 0
 380    7580.00    7600.00  0.000000000000000E+00  0.000000000000000E+00 0
 381    7600.00    7620.00  0.000000000000000E+00  0.000000000000000E+00 0
 382    7620.00    7640.00  0.000000000000000E+00  0.000000000000000E+00 0
 383    7640.00    7660.00  0.000000000000000E+00  0.000000000000000E+00 0
 384    7660.00    7680.00  0.000000000000000E+00  0.000000000000000E+00 0
 385    7680.00    7700.00  0.000000000000000E+00  0.000000000000000E+00 0
 386    7700.00    7720.00  0.000000000000000E+00  0.000000000000000E+00 0
 387    7720.00    7740.00  0.000000000000000E+00  0.000000000000000E+00 0
 388    7740.00    7760.00  0.000000000000000E+00  0.000000000000000E+00 0
 389    7760.00    7780.00  0.000000000000000E+00  0.000000000000000E+00 0
 390    7780.00    7800.00  0.000000000000000E+00  0.000000000000000E+00 0
 391    7800.00    7820.00  0.000000000000000E+00  0.000000000000000E+00 0
 392    7820.00    7840.00  0.000000000000000E+00  0.000000000000000E+00 0
 393    7840.00    7860.00  0.000000000000000E+00  0.000000000000000E+00 0
 394    7860.00    7880.00  0.000000000000000E+00  0.000000000000000E+00 0
 395    7880.00    7900.00  0.000000000000000E+00  0.000000000000000E+00 0
 396    7900.00    7920.00  0.000000000000000E+00  0.000000000000000E+00 0
 397    7920.00    7940.00  0.000000000000000E+00  0.000000000000000E+00 0
 398    7940.00    7960.00  0.000000000000000E+00  0.000000000000000E+00 0
 399    7960.00    7980.00  0.000000000000000E+00  0.000000000000000E+00 0
 400    7980.00    8000.00  0.000000000000000E+00  0.000000000000000E+00 0
 401    8000.00    8020.00  0.000000000000000E+00  0.000000000000000E+00 0
 402    8020.00    8040.00  0.000000000000000E+00  0.000000000000000E+00 0
 403    8040.00    8060.00  0.000000000000000E+00  0.000000000000000E+00 0
 404    8060.00    8080.00  0.000000000000000E+00  0.000000000000000E+00 0
 405    8080.00    8100.00  0.000000000000000E+00  0.000000000000000E+00 0
 406    8100.00    8120.00  0.000000000000000E+00  0.000000000000000E+00 0
 407    8120.00    8140.00  0.000000000000000E+00  0.000000000000000E+00 0
 408    8140.00    8160.00  0.000000000000000E+00  0.000000000000000E+00 0
 409    8160.00    8180.00  0.000000000000000E+00  0.000000000000000E+00 0
 410    8180.00    8200.00  0.000000000000000E+00  0.000000000000000E+00 0
 411    8200.00    8220.00  0.000000000000000E+00  0.000000000000000E+00 0
 412    8220.00    8240.00  0.000000000000000E+00  0.000000000000000E+00 0
 413    8240.00    8260.00  0.000000000000000E+00  0.000000000000000E+00 0
 414    8260.00    8280.00  0.000000000000000E+00  0.000000000000000E+00 0
 415    8280.00    8300.00  0.000000000000000E+00  0.000000000000000E+00 0
 416    8300.00    8320.00  0.000000000000000E+00  0.000000000000000E+00 0
 417    8320.00    8340.00  0.000000000000000E+00  0.000000000000000E+00 0
 418    8340.00    8360.00  0.000000000000000E+00  0.000000000000000E+00 0
 419    8360.00    8380.00  0.000000000000000E+00  0.000000000000000E+00 0
 420    8380.00    8400.00  0.000000000000000E+00  0.000000000000000E+00 0
 421    8400.00    8420.00  0.000000000000000E+00  0.000000000000000E+00 0
 422    8420.00    8440.00  0.000000000000000E+00  0.000000000000000E+00 0
 423    8440.00    8460.00  0.000000000000000E+00  0.000000000000000E+00 0
 424    8460.00    8480.00  0.000000000000000E+00  0.000000000000000E+00 0
 425    8480.00    8500.00  0.000000000000000E+00  0.000000000000000E+00 0
 426    8500.00    8520.00  0.000000000000000E+00  0.000000000000000E+00 0
 427    8520.00    8540.00  0.000000000000000E+00  0.000000000000000E+00 0
 428    8540.00    8560.00  0.000000000000000E+00  0.000000000000000E+00 0
 429    8560.00    8580.00  0.000000000000000E+00  0.000000000000000E+00 0
 430    8580.00    8600.00  0.000000000000000E+00  0.000000000000000E+00 0
 431    8600.00    8620.00  0.000000000000000E+00  0.000000000000000E+00 0
 432    8620.00    8640.00  0.000000000000000E+00  0.000000000000000E+00 0
 433    8640.00    8660.00  0.000000000000000E+00  0.000000000000000E+00 0
 434    8660.00    8680.00  0.000000000000000E+00  0.000000000000000E+00 0
 435    8680.00    8700.00  0.000000000000000E+00  0.000000000000000E+00 0
 436    8700.00    8720.00  0.000000000000000E+00  0.000000000000000E+00 0
 437    8720.00    8740.00  0.000000000000000E+00  0.000000000000000E+00 0
 438    8740.00    8760.00  0.000000000000000E+00  0.000000000000000E+00 0
 439    8760.00    8780.00  0.000000000000000E+00  0.000000000000000E+00 0
 440    8780.00    8800.00  0.000000000000000E+00  0.000000000000000E+00 0
 441    8800.00    8820.00  0.000000000000000E+00  0.000000000000000E+00 0
 442    8820.00    8840.00  0.000000000000000E+00  0.000000000000000E+00 0
 443    8840.00    8860.00  0.000000000000000E+00  0.000000000000000E+00 0
 444    8860.00    8880.00  0.000000000000000E+00  0.000000000000000E+00 0
 445    8880.00    8900.00  0.000000000000000E+00  0.000000000000000E+00 0
 446    8900.00    8920.00  0.000000000000000E+00  0.000000000000000E+00 0
 447    8920.00    8940.00  0.000000000000000E+00  0.000000000000000E+00 0
 448    8940.00    8960.00  0.000000000000000E+00  0.000000000000000E+00 0
 449    8960.00    8980.00  0.000000000000000E+00  0.000000000000000E+00 0
 450    8980.00    9000.00  0.000000000000000E+00  0.000000000000000E+00 0
 451    9000.00    9020.00  0.000000000000000E+00  0.000000000000000E+00 0
 452    9020.00    9040.00  0.000000000000000E+00  0.000000000000000E+00 0
 453    9040.00    9060.00  0.000000000000000E+00  0.000000000000000E+00 0
 454    9060.00    9080.00  0.000000000000000E+00  0.000000000000000E+00 0
 455    9080.00    9100.00  0.000000000000000E+00  0.000000000000000E+00 0
 456    9100.00    9120.00  0.000000000000000E+00  0.000000000000000E+00 0
 457    9120.00    9140.00  0.000000000000000E+00  0.000000000000000E+00 0
 458    9140.00    9160.00  0.000000000000000E+00  0.000000000000000E+00 0
 459    9160.00    9180.00  0.000000000000000E+00  0.000000000000000E+00 0
 460    9180.00    9200.00  0.000000000000000E+00  0.000000000000000E+00 0
 461    9200.00    9220.00  0.000000000000000E+00  0.000000000000000E+00 0
 462    9220.00    9240.00  0.000000000000000E+00  0.000000000000000E+00 0
 463    9240.00    9260.00  0.000000000000000E+00  0.000000000000000E+00 0
 464    9260.00    9280.00  0.000000000000000E+00  0.000000000000000E+00 0
 465    9280.00    9300.00  0.000000000000000E+00  0.000000000000000E+00 0
 466    9300.00    9320.00  0.000000000000000E+00  0.000000000000000E+00 0
 467    9320.00    9340.00  0.000000000000000E+00  0.000000000000000E+00 0
 468    9340.00    9360.00  0.000000000000000E+00  0.000000000000000E+00 0
 469    9360.00    9380.00  0.000000000000000E+00  0.000000000000000E+00 0
 470    9380.00    9400.00  0.000000000000000E+00  0.000000000000000E+00 0
 471    9400.00    9420.00  0.000000000000000E+00  0.000000000000000E+00 0
 472    9420.00    9440.00  0.000000000000000E+00  0.000000000000000E+00 0
 473    9440.00    9460.00  0.000000000000000E+00  0.000000000000000E+00 0
 474    9460.00    9480.00  0.000000000000000E+00  0.000000000000000E+00 0
 475    9480.00    9500.00  0.000000000000000E+00  0.000000000000000E+00 0
 476    9500.00    9520.00  0.000000000000000E+00  0.000000000000000E+00 0
 477    9520.00    9540.00  0.000000000000000E+00  0.000000000000000E+00 0
 478    9540.00    9560.00  0.000000000000000E+00  0.000000000000000E+00 0
 479    9560.00    9580.00  0.000000000000000E+00  0.000000000000000E+00 0
 480    9580.00    9600.00  0.000000000000000E+00  0.000000000000000E+00 0
 481    9600.00    9620.00  0.000000000000000E+00  0.000000000000000E+00 0
 482    9620.00    9640.00  0.000000000000000E+00  0.000000000000000E+00 0
 483    9640.00    9660.00  0.000000000000000E+00  0.000000000000000E+00 0
 484    9660.00    9680.00  0.000000000000000E+00  0.000000000000000E+00 0
 485    9680.00    9700.00  0.000000000000000E+00  0.000000000000000E+00 0
 486    9700.00    9720.00  0.000000000000000E+00  0.000000000000000E+00 0
 487    9720.00    9740.00  0.000000000000000E+00  0.000000000000000E+00 0
 488    9740.00    9760.00  0.000000000000000E+00  0.000000000000000E+00 0
 489    9760.00    9780.00  0.000000000000000E+00  0.000000000000000E+00 0
 490    9780.00    9800.00  0.000000000000000E+00  0.000000000000000E+00 0
 491    9800.00    9820.00  0.000000000000000E+00  0.000000000000000E+00 0
 492    9820.00    9840.00  0.000000000000000E+00  0.000000000000000E+00 0
 493    9840.00    9860.00  0.000000000000000E+00  0.000000000000000E+00 0
 494    9860.00    9880.00  0.000000000000000E+00  0.000000000000000E+00 0
 495    9880.00    9900.00  0.000000000000000E+00  0.000000000000000E+00 0
 496    9900.00    9920.00  0.000000000000000E+00  0.000000000000000E+00 0
 497    9920.00    9940.00  0.000000000000000E+00  0.000000000000000E+00 0
 498    9940.00    9960.00  0.000000000000000E+00  0.000000000000000E+00 0
 499    9960.00    9980.00  0.000000000000000E+00  0.000000000000000E+00 0
 500    9980.00   10000.00  0.000000000000000E+00  0.000000000000000E+00 0
 501   10000.00   10020.00  0.000000000000000E+00  0.000000000000000E+00 0
 502   10020.00   10040.00  0.000000000000000E+00  0.000000000000000E+00 0
 503   10040.00   10060.00  0.000000000000000E+00  0.000000000000000E+00 0
 504   10060.00   10080.00  0.000000000000000E+00  0.000000000000000E+00 0
 505   10080.00   10100.00  0.000000000000000E+00  0.000000000000000E+00 0
 506   10100.00   10120.00  0.000000000000000E+00  0.000000000000000E+00 0
 507   10120.00   10140.00  0.000000000000000E+00  0.000000000000000E+00 0
 508   10140.00   10160.00  0.000000000000000E+00  0.000000000000000E+00 0
 509   10160.00   10180.00  0.000000000000000E+00  0.000000000000000E+00 0
 510   10180.00   10200.00  0.000000000000000E+00  0.000000000000000E+00 0
 511   10200.00   10220.00  0.000000000000000E+00  0.000000000000000E+00 0
 512   10220.00   10240.00  0.000000000000000E+00  0.000000000000000E+00 0
 513   10240.00   10260.00  0.000000000000000E+00  0.000000000000000E+00 0
 514   10260.00   10280.00  0.000000000000000E+00  0.000000000000000E+00 0
 515   10280.00   10300.00  0.000000000000000E+00  0.000000000000000E+00 0
 516   10300.00   10320.00  0.000000000000000E+00  0.000000000000000E+00 0
 517   10320.00   10340.00  0.000000000000000E+00  0.000000000000000E+00 0
 518   10340.00   10360.00  0.000000000000000E+00  0.000000000000000E+00 0
 519   10360.00   10380.00  0.000000000000000E+00  0.000000000000000E+00 0
 520   10380.00   10400.00  0.000000000000000E+00  0.000000000000000E+00 0
 521   10400.00   10420.00  0.000000000000000E+00  0.000000000000000E+00 0
 522   10420.00   10440.00  0.000000000000000E+00  0.000000000000000E+00 0
 523   10440.00   10460.00  0.000000000000000E+00  0.000000000000000E+00 0
 524   10460.00   10480.00  0.000000000000000E+00  0.000000000000000E+00 0
 525   10480.00   10500.00  0.000000000000000E+00  0.000000000000000E+00 0
 526   10500.00   10520.00  0.000000000000000E+00  0.000000000000000E+00 0
 527   10520.00   10540.00  0.000000000000000E+00  0.000000000000000E+00 0
 528   10540.00   10560.00  0.000000000000000E+00  0.000000000000000E+00 0
 529   10560.00   10580.00  0.000000000000000E+00  0.000000000000000E+00 0
 530   10580.00   10600.00  0.000000000000000E+00  0.000000000000000E+00 0
 531   10600.00   10620.00  0.000000000000000E+00  0.000000000000000E+00 0
 532   10620.00   10640.00  0.000000000000000E+00  0.000000000000000E+00 0
 533   10640.00   10660.00  0.000000000000000E+00  0.000000000000000E+00 0
 534   10660.00   10680.00  0.000000000000000E+00  0.000000000000000E+00 0
 535   10680.00   10700.00  0.000000000000000E+00  0.000000000000000E+00 0
 536   10700.00   10720.00  0.000000000000000E+00  0.000000000000000E+00 0
 537   10720.00   10740.00  0.000000000000000E+00  0.000000000000000E+00 0
 538   10740.00   10760.00  0.000000000000000E+00  0.000000000000000E+00 0
 539   10760.00   10780.00  0.000000000000000E+00  0.000000000000000E+00 0
 540   10780.00   10800.00  0.000000000000000E+00  0.000000000000000E+00 0
 541   10800.00   10820.00  0.000000000000000E+00  0.000000000000000E+00 0
 542   10820.00   10840.00  0.000000000000000E+00  0.000000000000000E+00 0
 543   10840.00   10860.00  0.000000000000000E+00  0.000000000000000E+00 0
 544   10860.00   10880.00  0.000000000000000E+00  0.000000000000000E+00 0
 545   10880.00   10900.00  0.000000000000000E+00  0.000000000000000E+00 0
 546   10900.00   10920.00  0.000000000000000E+00  0.000000000000000E+00 0
 547   10920.00   10940.00  0.000000000000000E+00  0.000000000000000E+00 0
 548   10940.00   10960.00  0.000000000000000E+00  0.000000000000000E+00 0
 549   10960.00   10980.00  0.000000000000000E+00  0.000000000000000E+00 0
 550   10980.00   11000.00  0.000000000000000E+00  0.000000000000000E+00 0
 551   11000.00   11020.00  0.000000000000000E+00  0.000000000000000E+00 0
 552   11020.00   11040.00  0.000000000000000E+00  0.000000000000000E+00 0
 553   11040.00   11060.00  0.000000000000000E+00  0.000000000000000E+00 0
 554   11060.00   11080.00  0.000000000000000E+00  0.000000000000000E+00 0
 555   11080.00   11100.00  0.000000000000000E+00  0.000000000000000E+00 0
 556   11100.00   11120.00  0.000000000000000E+00  0.000000000000000E+00 0
 557   11120.00   11140.00  0.000000000000000E+00  0.000000000000000E+00 0
 558   11140.00   11160.00  0.000000000000000E+00  0.000000000000000E+00 0
 559   11160.00   11180.00  0.000000000000000E+00  0.000000000000000E+00 0
 560   11180.00   11200.00  0.000000000000000E+00  0.000000000000000E+00 0
 561   11200.00   11220.00  0.000000000000000E+00  0.000000000000000E+00 0
 562   11220.00   11240.00  0.000000000000000E+00  0.000000000000000E+00 0
 563   11240.00   11260.00  0.000000000000000E+00  0.000000000000000E+00 0
 564   11260.00   11280.00  0.000000000000000E+00  0.000000000000000E+00 0
 565   11280.00   11300.00  0.000000000000000E+00  0.000000000000000E+00 0
 566   11300.00   11320.00  0.000000000000000E+00  0.000000000000000E+00 0
 567   11320.00   11340.00  0.000000000000000E+00  0.000000000000000E+00 0
 568   11340.00   11360.00  0.000000000000000E+00  0.000000000000000E+00 0
 569   11360.00   11380.00  0.000000000000000E+00  0.000000000000000E+00 0
 570   11380.00   11400.00  0.000000000000000E+00  0.000000000000000E+00 0
 571   11400.00   11420.00  0.000000000000000E+00  0.000000000000000E+00 0
 572   11420.00   11440.00  0.000000000000000E+00  0.000000000000000E+00 0
 573   11440.00   11460.00  0.000000000000000E+00  0.000000000000000E+00 0
 574   11460.00   11480.00  0.000000000000000E+00  0.000000000000000E+00 0
 575   11480.00   11500.00  0.000000000000000E+00  0.000000000000000E+00 0
 576   11500.00   11520.00  0.000000000000000E+00  0.000000000000000E+00 0
 577   11520.00   11540.00  0.000000000000000E+00  0.000000000000000E+00 0
 578   11540.00   11560.00  0.000000000000000E+00  0.000000000000000E+00 0
 579   11560.00   11580.00  0.000000000000000E+00  0.000000000000000E+00 0
 580   11580.00   11600.00  0.000000000000000E+00  0.000000000000000E+00 0
 581   11600.00   11620.00  0.000000000000000E+00  0.000000000000000E+00 0
 582   11620.00   11640.00  0.000000000000000E+00  0.000000000000000E+00 0
 583   11640.00   11660.00  0.000000000000000E+00  0.000000000000000E+00 0
 584   11660.00   11680.00  0.000000000000000E+00  0.000000000000000E+00 0
 585   11680.00   11700.00  0.000000000000000E+00  0.000000000000000E+00 0
 586   11700.00   11720.00  0.000000000000000E+00  0.000000000000000E+00 0
 587   11720.00   11740.00  0.000000000000000E+00  0.000000000000000E+00 0
 588   11740.00   11760.00  0.000000000000000E+00  0.000000000000000E+00 0
 589   11760.00   11780.00  0.000000000000000E+00  0.000000000000000E+00 0
 590   11780.00   11800.00  0.000000000000000E+00  0.000000000000000E+00 0
 591   11800.00   11820.00  0.000000000000000E+00  0.000000000000000E+00 0
 592   11820.00   11840.00  0.000000000000000E+00  0.000000000000000E+00 0
 593   11840.00   11860.00  0.000000000000000E+00  0.000000000000000E+00 0
 594   11860.00   11880.00  0.000000000000000E+00  0.000000000000000E+00 0
 595   11880.00   11900.00  0.000000000000000E+00  0.000000000000000E+00 0
 596   11900.00   11920.00  0.000000000000000E+00  0.000000000000000E+00 0
 597   11920.00   11940.00  0.000000000000000E+00  0.000000000000000E+00 0
 598   11940.00   11960.00  0.000000000000000E+00  0.000000000000000E+00 0
 599   11960.00   11980.00  0.000000000000000E+00  0.000000000000000E+00 0
 600   11980.00   12000.00  0.000000000000000E+00  0.000000000000000E+00 0
 601   12000.00   12020.00  0.000000000000000E+00  0.000000000000000E+00 0
 602   12020.00   12040.00  0.000000000000000E+00  0.000000000000000E+00 0
 603   12040.00   12060.00  0.000000000000000E+00  0.000000000000000E+00 0
 604   12060.00   12080.00  0.000000000000000E+00  0.000000000000000E+00 0
 605   12080.00   12100.00  0.000000000000000E+00  0.000000000000000E+00 0
 606   12100.00   12120.00  0.000000000000000E+00  0.000000000000000E+00 0
 607   12120.00   12140.00  0.000000000000000E+00  0.000000000000000E+00 0
 608   12140.00   12160.00  0.000000000000000E+00  0.000000000000000E+00 0
 609   12160.00   12180.00  0.000000000000000E+00  0.000000000000000E+00 0
 610   12180.00   12200.00  0.000000000000000E+00  0.000000000000000E+00 0
 611   12200.00   12220.00  0.000000000000000E+00  0.000000000000000E+00 0
 612   12220.00   12240.00  0.000000000000000E+00  0.000000000000000E+00 0
 613   12240.00   12260.00  0.000000000000000E+00  0.000000000000000E+00 0
 614   12260.00   12280.00  0.000000000000000E+00  0.000000000000000E+00 0
 615   12280.00   12300.00  0.000000000000000E+00  0.000000000000000E+00 0
 616   12300.00   12320.00  0.000000000000000E+00  0.000000000000000E+00 0
 617   12320.00   12340.00  0.000000000000000E+00  0.000000000000000E+00 0
 618   12340.00   12360.00  0.000000000000000E+00  0.000000000000000E+00 0
 619   12360.00   12380.00  0.000000000000000E+00  0.000000000000000E+00 0
 620   12380.00   12400.00  0.000000000000000E+00  0.000000000000000E+00 0
 621   12400.00   12420.00  0.000000000000000E+00  0.000000000000000E+00 0
 622   12420.00   12440.00  0.000000000000000E+00  0.000000000000000E+00 0
 623   12440.00   12460.00  0.000000000000000E+00  0.000000000000000E+00 0
 624   12460.00   12480.00  0.000000000000000E+00  0.000000000000000E+00 0
 625   12480.00   12500.00  0.000000000000000E+00  0.000000000000000E+00 0
 626   12500.00   12520.00  0.000000000000000E+00  0.000000000000000E+00 0
 627   12520.00   12540.00  0.000000000000000E+00  0.000000000000000E+00 0
 628   12540.00   12560.00  0.000000000000000E+00  0.000000000000000E+00 0
 629   12560.00   12580.00  0.000000000000000E+00  0.000000000000000E+00 0
 630   12580.00   12600.00  0.000000000000000E+00  0.000000000000000E+00 0
 631   12600.00   12620.00  0.000000000000000E+00  0.000000000000000E+00 0
 632   12620.00   12640.00  0.000000000000000E+00  0.000000000000000E+00 0
 633   12640.00   12660.00  0.000000000000000E+00  0.000000000000000E+00 0
 634   12660.00   12680.00  0.000000000000000E+00  0.000000000000000E+00 0
 635   12680.00   12700.00  0.000000000000000E+00  0.000000000000000E+00 0
 636   12700.00   12720.00  0.000000000000000E+00  0.000000000000000E+00 0
 637   12720.00   12740.00  0.000000000000000E+00  0.000000000000000E+00 0
 638   12740.00   12760.00  0.000000000000000E+00  0.000000000000000E+00 0
 639   12760.00   12780.00  0.000000000000000E+00  0.000000000000000E+00 0
 640   12780.00   12800.00  0.000000000000000E+00  0.000000000000000E+00 0
 641   12800.00   12820.00  0.000000000000000E+00  0.000000000000000E+00 0
 642   12820.00   12840.00  0.000000000000000E+00  0.000000000000000E+00 0
 643   12840.00   12860.00  0.000000000000000E+00  0.000000000000000E+00 0
 644   12860.00   12880.00  0.000000000000000E+00  0.000000000000000E+00 0
 645   12880.00   12900.00  0.000000000000000E+00  0.000000000000000E+00 0
 646   12900.00   12920.00  0.000000000000000E+00  0.000000000000000E+00 0
 647   12920.00   12940.00  0.000000000000000E+00  0.000000000000000E+00 0
 648   12940.00   12960.00  0.000000000000000E+00  0.000000000000000E+00 0
 649   12960.00   12980.00  0.000000000000000E+00  0.000000000000000E+00 0
 650   12980.00   13000.00  0.000000000000000E+00  0.000000000000000E+00 0
# Underflow:                 0.0000000000000000E+00  0.0000000000000000E+00 0
# Overflow:                  0.0000000000000000E+00  0.0000000000000000E+00 0
#-------------------------------------------------------------------------------------
# Sum:                       1.1970448380183042E-19  1.2231899359069950E-19 1001
#=====================================================================================
