# title = Transverse Momentum Softer Jet
# xlabel = $p_{\text{T},\text{j}_2}\,$[GeV]
# ylabel = $\frac{\text{d}\sigma}{\text{d}p_{\text{T},\text{j}_2}}\,\left[\frac{\text{fb}}{\text{GeV}}\right]$
# xmin=  0.000E+00
# xmax=  8.000E+02
# ymin=  1.000E-06
# ymax=  1.000E-02
# kmin=  0.000E+00
# kmax=  1.000E+02
# logscale = true
# Renormalization and factorization scale scaled by: .5000000000
# Renormalization scaled by: .5000000000
# Number of generated events: 1658404060
#
#=====================================================================================
# No.       Left      Right                   Value                   Error Hits
#-------------------------------------------------------------------------------------
   1      10.00      30.00  0.000000000000000E+00  0.000000000000000E+00 0
   2      30.00      50.00  1.452376104875904E-02  6.702073093540014E-06 326884858
   3      50.00      70.00  9.130916727648057E-03  4.382318220604644E-06 286267700
   4      70.00      90.00  6.108529993459900E-03  3.235481232751222E-06 249167337
   5      90.00     110.00  4.170136242195248E-03  2.422849120166741E-06 213998148
   6     110.00     130.00  2.803825892137662E-03  1.834889987019010E-06 179198823
   7     130.00     150.00  1.794266302603314E-03  1.334697579414978E-06 146782862
   8     150.00     170.00  1.135452809243578E-03  9.507480906042008E-07 120658272
   9     170.00     190.00  7.373599309965089E-04  6.891479349148708E-07 100663598
  10     190.00     210.00  4.944311089173651E-04  5.160753755350674E-07 85120008
  11     210.00     230.00  3.392654058405370E-04  3.925369527267014E-07 72783923
  12     230.00     250.00  2.381127370231040E-04  3.011258239157450E-07 62802482
  13     250.00     270.00  1.699956456258295E-04  2.353876645378634E-07 54607190
  14     270.00     290.00  1.227954106832920E-04  1.839437213818444E-07 47835015
  15     290.00     310.00  9.036589523130943E-05  1.476059256614538E-07 42133868
  16     310.00     330.00  6.759348768884249E-05  1.211297912785733E-07 37311632
  17     330.00     350.00  5.070324365016395E-05  9.661146450498603E-08 33183233
  18     350.00     370.00  3.858814657961987E-05  8.006593062291309E-08 29636593
  19     370.00     390.00  2.951429971635648E-05  6.630069010528420E-08 26589583
  20     390.00     410.00  2.276247308937683E-05  5.470670213206279E-08 23912714
  21     410.00     430.00  1.768658298871988E-05  4.777937661076569E-08 21580944
  22     430.00     450.00  1.387000970205854E-05  3.857088357428469E-08 19521192
  23     450.00     470.00  1.094210392471776E-05  3.292967994378182E-08 17719604
  24     470.00     490.00  8.638826964043514E-06  2.774165835202737E-08 16105516
  25     490.00     510.00  6.910625892891482E-06  2.362713611816193E-08 14674013
  26     510.00     530.00  5.500408429174648E-06  1.967203179445064E-08 13404574
  27     530.00     550.00  4.454428748643904E-06  1.739940942288179E-08 12261726
  28     550.00     570.00  3.593756876947012E-06  1.479520753271115E-08 11240175
  29     570.00     590.00  2.885514773826390E-06  1.318905987896023E-08 10313743
  30     590.00     610.00  2.315051807498032E-06  1.037965603854232E-08 9487524
  31     610.00     630.00  1.926615635097980E-06  9.787291744471828E-09 8731303
  32     630.00     650.00  1.587657202630147E-06  8.326414797966366E-09 8045229
  33     650.00     670.00  1.278897363285171E-06  7.169690792047717E-09 7431239
  34     670.00     690.00  1.058522164132617E-06  6.653920829360667E-09 6860263
  35     690.00     710.00  8.663110226167287E-07  5.189960884498418E-09 6349922
  36     710.00     730.00  7.205797967190454E-07  4.900228288963687E-09 5878470
  37     730.00     750.00  5.911699501667059E-07  3.929217832332088E-09 5450320
  38     750.00     770.00  4.862935709991916E-07  3.310987884613558E-09 5050094
  39     770.00     790.00  4.031997190351259E-07  3.063296254812443E-09 4693308
  40     790.00     810.00  3.365765599008096E-07  2.592929551456602E-09 4358202
  41     810.00     830.00  2.810109515948236E-07  2.255221056656238E-09 4056534
  42     830.00     850.00  2.348624876967992E-07  2.033626233190382E-09 3779374
  43     850.00     870.00  1.946605579442059E-07  1.773349546166937E-09 3512708
  44     870.00     890.00  1.656535528165596E-07  1.750082945924288E-09 3278410
  45     890.00     910.00  1.366485738642236E-07  1.352546282458623E-09 3054531
  46     910.00     930.00  1.135045680741651E-07  1.189619375164330E-09 2851853
  47     930.00     950.00  9.572023690350734E-08  1.008990367786784E-09 2662807
  48     950.00     970.00  8.026027525677179E-08  8.762744030717380E-10 2486723
  49     970.00     990.00  6.610314380427168E-08  7.169549794231745E-10 2326352
  50     990.00    1010.00  5.755945474661728E-08  7.770900565587744E-10 2171021
  51    1010.00    1030.00  4.751760767659437E-08  5.610163539475051E-10 2031978
  52    1030.00    1050.00  4.109719128185324E-08  5.753287825243759E-10 1901514
  53    1050.00    1070.00  3.398782885472050E-08  4.401837537929037E-10 1781060
  54    1070.00    1090.00  2.828361462136162E-08  3.650893343707769E-10 1665526
  55    1090.00    1110.00  2.378667433871935E-08  3.672191898697309E-10 1560633
  56    1110.00    1130.00  2.006071633071561E-08  3.339315593115265E-10 1461772
  57    1130.00    1150.00  1.735414063246141E-08  3.373521112849270E-10 1370873
  58    1150.00    1170.00  1.439884144502746E-08  2.010168086669606E-10 1286715
  59    1170.00    1190.00  1.236155234807391E-08  2.174453509255700E-10 1205099
  60    1190.00    1210.00  1.062922270047783E-08  1.917446774765936E-10 1131103
  61    1210.00    1230.00  8.636133107270457E-09  1.484437203350459E-10 1060024
  62    1230.00    1250.00  7.236801859939923E-09  1.119231484799248E-10 993723
  63    1250.00    1270.00  6.357027550952294E-09  1.126385191205288E-10 933590
  64    1270.00    1290.00  5.324536830937028E-09  1.066613436927756E-10 874673
  65    1290.00    1310.00  4.384176020033283E-09  7.492487130495377E-11 821340
  66    1310.00    1330.00  3.846083603042405E-09  7.456976337954684E-11 771462
  67    1330.00    1350.00  3.317566647730716E-09  8.115638833267959E-11 725395
  68    1350.00    1370.00  2.700594823921419E-09  5.697440388516265E-11 679441
  69    1370.00    1390.00  2.284299664542916E-09  4.810811513852188E-11 639895
  70    1390.00    1410.00  1.988374686908256E-09  5.239637039788333E-11 600512
  71    1410.00    1430.00  1.631681112773631E-09  4.074448568692802E-11 562465
  72    1430.00    1450.00  1.332155582445278E-09  2.900349455726110E-11 529439
  73    1450.00    1470.00  1.183271487167784E-09  3.237211877294551E-11 498343
  74    1470.00    1490.00  1.002773190991001E-09  2.472619996456132E-11 466849
  75    1490.00    1510.00  8.234818488623166E-10  1.994054099695284E-11 438268
  76    1510.00    1530.00  6.880576665452140E-10  1.665693275354096E-11 411694
  77    1530.00    1550.00  6.314931901946196E-10  2.001287151527221E-11 386739
  78    1550.00    1570.00  5.167465771393275E-10  1.338076738156285E-11 363524
  79    1570.00    1590.00  4.350231003618678E-10  1.137062864713908E-11 340358
  80    1590.00    1610.00  3.689127447278753E-10  1.234810038241218E-11 320182
  81    1610.00    1630.00  3.089248023088324E-10  9.305979981115682E-12 300869
  82    1630.00    1650.00  2.458461166439332E-10  6.602676268074175E-12 282562
  83    1650.00    1670.00  2.314570583339521E-10  7.348100611365135E-12 264564
  84    1670.00    1690.00  1.912139017539329E-10  5.573845640016580E-12 248492
  85    1690.00    1710.00  1.600169062672080E-10  5.111155979618025E-12 233362
  86    1710.00    1730.00  1.370574784394351E-10  4.971279935220433E-12 219308
  87    1730.00    1750.00  1.139767184105112E-10  3.896488827407702E-12 205275
  88    1750.00    1770.00  9.360997854143033E-11  3.140794624846864E-12 191939
  89    1770.00    1790.00  7.648399967792416E-11  2.180331221806622E-12 179706
  90    1790.00    1810.00  6.944070836026238E-11  2.235433183740118E-12 169317
  91    1810.00    1830.00  6.087607753701111E-11  2.767580395554951E-12 158719
  92    1830.00    1850.00  4.679446739060675E-11  1.782504445147597E-12 148439
  93    1850.00    1870.00  3.913549399402252E-11  1.510414628338115E-12 138987
  94    1870.00    1890.00  3.561082552552857E-11  1.451316796070009E-12 130489
  95    1890.00    1910.00  2.802750155613131E-11  9.950652564353240E-13 122277
  96    1910.00    1930.00  2.417084998897625E-11  8.961447356164170E-13 113755
  97    1930.00    1950.00  1.881363835388553E-11  6.709555547470234E-13 106778
  98    1950.00    1970.00  1.584570569346483E-11  6.788847075166242E-13 99313
  99    1970.00    1990.00  1.415225476481916E-11  7.416833160051112E-13 93061
 100    1990.00    2010.00  1.188943585271614E-11  4.733207434014052E-13 87368
 101    2010.00    2030.00  9.580941461564127E-12  4.142929461150241E-13 81356
 102    2030.00    2050.00  8.800978217595749E-12  5.112981983386697E-13 75431
 103    2050.00    2070.00  6.514939511593404E-12  5.525230793550214E-13 70543
 104    2070.00    2090.00  6.111412845133159E-12  3.652567685741506E-13 66140
 105    2090.00    2110.00  4.805943452273688E-12  3.767261690543351E-13 61656
 106    2110.00    2130.00  3.744315026073385E-12  1.704214510464580E-13 57642
 107    2130.00    2150.00  3.328854575758982E-12  1.774581243345414E-13 53275
 108    2150.00    2170.00  2.556257032408471E-12  1.318723233458660E-13 49517
 109    2170.00    2190.00  2.565190343073586E-12  3.818444027182756E-13 46069
 110    2190.00    2210.00  1.688313871511234E-12  8.203489951657008E-14 42760
 111    2210.00    2230.00  1.314595503988185E-12  6.772037552663313E-14 40026
 112    2230.00    2250.00  1.209449650971210E-12  7.395373370738829E-14 37007
 113    2250.00    2270.00  1.032661469654734E-12  6.143398589418779E-14 34051
 114    2270.00    2290.00  8.813675900564709E-13  8.161358300186842E-14 31596
 115    2290.00    2310.00  8.469674270494286E-13  9.844812012203610E-14 29576
 116    2310.00    2330.00  4.800702920365610E-13  2.267273810418296E-14 26993
 117    2330.00    2350.00  4.283849753104680E-13  2.482503456289488E-14 25143
 118    2350.00    2370.00  4.814387914547549E-13  9.482829846265449E-14 23173
 119    2370.00    2390.00  3.126472505640000E-13  2.651296466736109E-14 21310
 120    2390.00    2410.00  2.237497549328348E-13  1.353567914205213E-14 19685
 121    2410.00    2430.00  2.136219583450156E-13  1.921208735632332E-14 18053
 122    2430.00    2450.00  1.864886593173992E-13  2.937065405821850E-14 16600
 123    2450.00    2470.00  1.297895358711195E-13  9.035237990013749E-15 15290
 124    2470.00    2490.00  9.062413789866181E-14  5.714610996439503E-15 13791
 125    2490.00    2510.00  7.835687150290045E-14  8.840223634226864E-15 12774
 126    2510.00    2530.00  6.477007835156429E-14  4.609762606235660E-15 11765
 127    2530.00    2550.00  5.332638286113172E-14  6.863531344383651E-15 10557
 128    2550.00    2570.00  3.967122347205385E-14  3.321292131374946E-15 9578
 129    2570.00    2590.00  2.596567917618348E-14  1.614334317111553E-15 8860
 130    2590.00    2610.00  2.726821841358614E-14  3.370656706714011E-15 7975
 131    2610.00    2630.00  1.797476195995835E-14  2.324314436181912E-15 7368
 132    2630.00    2650.00  1.466010821257114E-14  1.541065681411524E-15 6503
 133    2650.00    2670.00  1.011630142396386E-14  9.578878287214766E-16 5867
 134    2670.00    2690.00  8.034185296121782E-15  7.113727769029856E-16 5423
 135    2690.00    2710.00  5.935786764840540E-15  4.768302492904960E-16 4773
 136    2710.00    2730.00  4.366579067298084E-15  3.738343247681516E-16 4141
 137    2730.00    2750.00  3.371192318804542E-15  3.148829024901923E-16 3804
 138    2750.00    2770.00  2.964667731695175E-15  3.916225637165284E-16 3388
 139    2770.00    2790.00  1.908960056661394E-15  2.366480152508334E-16 3067
 140    2790.00    2810.00  1.334014939511029E-15  1.483097891862660E-16 2613
 141    2810.00    2830.00  8.484207366064057E-16  8.823992686116165E-17 2379
 142    2830.00    2850.00  7.010621955724947E-16  8.305969521931847E-17 2055
 143    2850.00    2870.00  6.928052960239334E-16  1.780906584783480E-16 1697
 144    2870.00    2890.00  5.012992606673319E-16  8.416492401620673E-17 1573
 145    2890.00    2910.00  2.188353983026280E-16  3.170392908473375E-17 1342
 146    2910.00    2930.00  1.642472748302724E-16  2.332308519029594E-17 1117
 147    2930.00    2950.00  1.054966720039608E-16  1.461402047994638E-17 1020
 148    2950.00    2970.00  7.347317482677528E-17  1.068203556956748E-17 892
 149    2970.00    2990.00  3.785538393687784E-17  5.821966904922154E-18 695
 150    2990.00    3010.00  2.347004967912611E-17  3.419747506073742E-18 587
 151    3010.00    3030.00  1.814114765213358E-17  3.902744645103755E-18 485
 152    3030.00    3050.00  1.075944027538733E-17  3.067108095497910E-18 402
 153    3050.00    3070.00  7.303353796330377E-18  1.846229861097731E-18 307
 154    3070.00    3090.00  2.551006867231866E-18  5.833679106710766E-19 250
 155    3090.00    3110.00  1.409033947695668E-18  3.332120422582847E-19 194
 156    3110.00    3130.00  1.034276218569450E-18  2.953291894271908E-19 162
 157    3130.00    3150.00  4.452632391332061E-19  1.867229803470315E-19 121
 158    3150.00    3170.00  3.749921499247467E-19  2.007310964094454E-19 88
 159    3170.00    3190.00  8.904112092629263E-20  5.348327620670571E-20 66
 160    3190.00    3210.00  7.413359321412456E-20  4.189889382074265E-20 56
 161    3210.00    3230.00  8.835309605752283E-21  3.951699173709043E-21 33
 162    3230.00    3250.00  2.980688456145910E-21  1.807476364938618E-21 19
 163    3250.00    3270.00  1.170166439129224E-21  1.035778673812911E-21 17
 164    3270.00    3290.00  1.031640700225470E-21  8.106710514252383E-22 12
 165    3290.00    3310.00  5.294292783039840E-23  3.691240832764135E-23 6
 166    3310.00    3330.00  1.179088358236061E-23  9.558129815339875E-24 3
 167    3330.00    3350.00  1.182602231578099E-27  1.182602231199084E-27 1
 168    3350.00    3370.00  0.000000000000000E+00  0.000000000000000E+00 0
 169    3370.00    3390.00  0.000000000000000E+00  0.000000000000000E+00 0
 170    3390.00    3410.00  0.000000000000000E+00  0.000000000000000E+00 0
 171    3410.00    3430.00  0.000000000000000E+00  0.000000000000000E+00 0
 172    3430.00    3450.00  0.000000000000000E+00  0.000000000000000E+00 0
 173    3450.00    3470.00  0.000000000000000E+00  0.000000000000000E+00 0
 174    3470.00    3490.00  0.000000000000000E+00  0.000000000000000E+00 0
 175    3490.00    3510.00  0.000000000000000E+00  0.000000000000000E+00 0
 176    3510.00    3530.00  0.000000000000000E+00  0.000000000000000E+00 0
 177    3530.00    3550.00  0.000000000000000E+00  0.000000000000000E+00 0
 178    3550.00    3570.00  0.000000000000000E+00  0.000000000000000E+00 0
 179    3570.00    3590.00  0.000000000000000E+00  0.000000000000000E+00 0
 180    3590.00    3610.00  0.000000000000000E+00  0.000000000000000E+00 0
 181    3610.00    3630.00  0.000000000000000E+00  0.000000000000000E+00 0
 182    3630.00    3650.00  0.000000000000000E+00  0.000000000000000E+00 0
 183    3650.00    3670.00  0.000000000000000E+00  0.000000000000000E+00 0
 184    3670.00    3690.00  0.000000000000000E+00  0.000000000000000E+00 0
 185    3690.00    3710.00  0.000000000000000E+00  0.000000000000000E+00 0
 186    3710.00    3730.00  0.000000000000000E+00  0.000000000000000E+00 0
 187    3730.00    3750.00  0.000000000000000E+00  0.000000000000000E+00 0
 188    3750.00    3770.00  0.000000000000000E+00  0.000000000000000E+00 0
 189    3770.00    3790.00  0.000000000000000E+00  0.000000000000000E+00 0
 190    3790.00    3810.00  0.000000000000000E+00  0.000000000000000E+00 0
 191    3810.00    3830.00  0.000000000000000E+00  0.000000000000000E+00 0
 192    3830.00    3850.00  0.000000000000000E+00  0.000000000000000E+00 0
 193    3850.00    3870.00  0.000000000000000E+00  0.000000000000000E+00 0
 194    3870.00    3890.00  0.000000000000000E+00  0.000000000000000E+00 0
 195    3890.00    3910.00  0.000000000000000E+00  0.000000000000000E+00 0
 196    3910.00    3930.00  0.000000000000000E+00  0.000000000000000E+00 0
 197    3930.00    3950.00  0.000000000000000E+00  0.000000000000000E+00 0
 198    3950.00    3970.00  0.000000000000000E+00  0.000000000000000E+00 0
 199    3970.00    3990.00  0.000000000000000E+00  0.000000000000000E+00 0
 200    3990.00    4010.00  0.000000000000000E+00  0.000000000000000E+00 0
 201    4010.00    4030.00  0.000000000000000E+00  0.000000000000000E+00 0
 202    4030.00    4050.00  0.000000000000000E+00  0.000000000000000E+00 0
 203    4050.00    4070.00  0.000000000000000E+00  0.000000000000000E+00 0
 204    4070.00    4090.00  0.000000000000000E+00  0.000000000000000E+00 0
 205    4090.00    4110.00  0.000000000000000E+00  0.000000000000000E+00 0
 206    4110.00    4130.00  0.000000000000000E+00  0.000000000000000E+00 0
 207    4130.00    4150.00  0.000000000000000E+00  0.000000000000000E+00 0
 208    4150.00    4170.00  0.000000000000000E+00  0.000000000000000E+00 0
 209    4170.00    4190.00  0.000000000000000E+00  0.000000000000000E+00 0
 210    4190.00    4210.00  0.000000000000000E+00  0.000000000000000E+00 0
 211    4210.00    4230.00  0.000000000000000E+00  0.000000000000000E+00 0
 212    4230.00    4250.00  0.000000000000000E+00  0.000000000000000E+00 0
 213    4250.00    4270.00  0.000000000000000E+00  0.000000000000000E+00 0
 214    4270.00    4290.00  0.000000000000000E+00  0.000000000000000E+00 0
 215    4290.00    4310.00  0.000000000000000E+00  0.000000000000000E+00 0
 216    4310.00    4330.00  0.000000000000000E+00  0.000000000000000E+00 0
 217    4330.00    4350.00  0.000000000000000E+00  0.000000000000000E+00 0
 218    4350.00    4370.00  0.000000000000000E+00  0.000000000000000E+00 0
 219    4370.00    4390.00  0.000000000000000E+00  0.000000000000000E+00 0
 220    4390.00    4410.00  0.000000000000000E+00  0.000000000000000E+00 0
 221    4410.00    4430.00  0.000000000000000E+00  0.000000000000000E+00 0
 222    4430.00    4450.00  0.000000000000000E+00  0.000000000000000E+00 0
 223    4450.00    4470.00  0.000000000000000E+00  0.000000000000000E+00 0
 224    4470.00    4490.00  0.000000000000000E+00  0.000000000000000E+00 0
 225    4490.00    4510.00  0.000000000000000E+00  0.000000000000000E+00 0
 226    4510.00    4530.00  0.000000000000000E+00  0.000000000000000E+00 0
 227    4530.00    4550.00  0.000000000000000E+00  0.000000000000000E+00 0
 228    4550.00    4570.00  0.000000000000000E+00  0.000000000000000E+00 0
 229    4570.00    4590.00  0.000000000000000E+00  0.000000000000000E+00 0
 230    4590.00    4610.00  0.000000000000000E+00  0.000000000000000E+00 0
 231    4610.00    4630.00  0.000000000000000E+00  0.000000000000000E+00 0
 232    4630.00    4650.00  0.000000000000000E+00  0.000000000000000E+00 0
 233    4650.00    4670.00  0.000000000000000E+00  0.000000000000000E+00 0
 234    4670.00    4690.00  0.000000000000000E+00  0.000000000000000E+00 0
 235    4690.00    4710.00  0.000000000000000E+00  0.000000000000000E+00 0
 236    4710.00    4730.00  0.000000000000000E+00  0.000000000000000E+00 0
 237    4730.00    4750.00  0.000000000000000E+00  0.000000000000000E+00 0
 238    4750.00    4770.00  0.000000000000000E+00  0.000000000000000E+00 0
 239    4770.00    4790.00  0.000000000000000E+00  0.000000000000000E+00 0
 240    4790.00    4810.00  0.000000000000000E+00  0.000000000000000E+00 0
 241    4810.00    4830.00  0.000000000000000E+00  0.000000000000000E+00 0
 242    4830.00    4850.00  0.000000000000000E+00  0.000000000000000E+00 0
 243    4850.00    4870.00  0.000000000000000E+00  0.000000000000000E+00 0
 244    4870.00    4890.00  0.000000000000000E+00  0.000000000000000E+00 0
 245    4890.00    4910.00  0.000000000000000E+00  0.000000000000000E+00 0
 246    4910.00    4930.00  0.000000000000000E+00  0.000000000000000E+00 0
 247    4930.00    4950.00  0.000000000000000E+00  0.000000000000000E+00 0
 248    4950.00    4970.00  0.000000000000000E+00  0.000000000000000E+00 0
 249    4970.00    4990.00  0.000000000000000E+00  0.000000000000000E+00 0
 250    4990.00    5010.00  0.000000000000000E+00  0.000000000000000E+00 0
 251    5010.00    5030.00  0.000000000000000E+00  0.000000000000000E+00 0
 252    5030.00    5050.00  0.000000000000000E+00  0.000000000000000E+00 0
 253    5050.00    5070.00  0.000000000000000E+00  0.000000000000000E+00 0
 254    5070.00    5090.00  0.000000000000000E+00  0.000000000000000E+00 0
 255    5090.00    5110.00  0.000000000000000E+00  0.000000000000000E+00 0
 256    5110.00    5130.00  0.000000000000000E+00  0.000000000000000E+00 0
 257    5130.00    5150.00  0.000000000000000E+00  0.000000000000000E+00 0
 258    5150.00    5170.00  0.000000000000000E+00  0.000000000000000E+00 0
 259    5170.00    5190.00  0.000000000000000E+00  0.000000000000000E+00 0
 260    5190.00    5210.00  0.000000000000000E+00  0.000000000000000E+00 0
 261    5210.00    5230.00  0.000000000000000E+00  0.000000000000000E+00 0
 262    5230.00    5250.00  0.000000000000000E+00  0.000000000000000E+00 0
 263    5250.00    5270.00  0.000000000000000E+00  0.000000000000000E+00 0
 264    5270.00    5290.00  0.000000000000000E+00  0.000000000000000E+00 0
 265    5290.00    5310.00  0.000000000000000E+00  0.000000000000000E+00 0
 266    5310.00    5330.00  0.000000000000000E+00  0.000000000000000E+00 0
 267    5330.00    5350.00  0.000000000000000E+00  0.000000000000000E+00 0
 268    5350.00    5370.00  0.000000000000000E+00  0.000000000000000E+00 0
 269    5370.00    5390.00  0.000000000000000E+00  0.000000000000000E+00 0
 270    5390.00    5410.00  0.000000000000000E+00  0.000000000000000E+00 0
 271    5410.00    5430.00  0.000000000000000E+00  0.000000000000000E+00 0
 272    5430.00    5450.00  0.000000000000000E+00  0.000000000000000E+00 0
 273    5450.00    5470.00  0.000000000000000E+00  0.000000000000000E+00 0
 274    5470.00    5490.00  0.000000000000000E+00  0.000000000000000E+00 0
 275    5490.00    5510.00  0.000000000000000E+00  0.000000000000000E+00 0
 276    5510.00    5530.00  0.000000000000000E+00  0.000000000000000E+00 0
 277    5530.00    5550.00  0.000000000000000E+00  0.000000000000000E+00 0
 278    5550.00    5570.00  0.000000000000000E+00  0.000000000000000E+00 0
 279    5570.00    5590.00  0.000000000000000E+00  0.000000000000000E+00 0
 280    5590.00    5610.00  0.000000000000000E+00  0.000000000000000E+00 0
 281    5610.00    5630.00  0.000000000000000E+00  0.000000000000000E+00 0
 282    5630.00    5650.00  0.000000000000000E+00  0.000000000000000E+00 0
 283    5650.00    5670.00  0.000000000000000E+00  0.000000000000000E+00 0
 284    5670.00    5690.00  0.000000000000000E+00  0.000000000000000E+00 0
 285    5690.00    5710.00  0.000000000000000E+00  0.000000000000000E+00 0
 286    5710.00    5730.00  0.000000000000000E+00  0.000000000000000E+00 0
 287    5730.00    5750.00  0.000000000000000E+00  0.000000000000000E+00 0
 288    5750.00    5770.00  0.000000000000000E+00  0.000000000000000E+00 0
 289    5770.00    5790.00  0.000000000000000E+00  0.000000000000000E+00 0
 290    5790.00    5810.00  0.000000000000000E+00  0.000000000000000E+00 0
 291    5810.00    5830.00  0.000000000000000E+00  0.000000000000000E+00 0
 292    5830.00    5850.00  0.000000000000000E+00  0.000000000000000E+00 0
 293    5850.00    5870.00  0.000000000000000E+00  0.000000000000000E+00 0
 294    5870.00    5890.00  0.000000000000000E+00  0.000000000000000E+00 0
 295    5890.00    5910.00  0.000000000000000E+00  0.000000000000000E+00 0
 296    5910.00    5930.00  0.000000000000000E+00  0.000000000000000E+00 0
 297    5930.00    5950.00  0.000000000000000E+00  0.000000000000000E+00 0
 298    5950.00    5970.00  0.000000000000000E+00  0.000000000000000E+00 0
 299    5970.00    5990.00  0.000000000000000E+00  0.000000000000000E+00 0
 300    5990.00    6010.00  0.000000000000000E+00  0.000000000000000E+00 0
 301    6010.00    6030.00  0.000000000000000E+00  0.000000000000000E+00 0
 302    6030.00    6050.00  0.000000000000000E+00  0.000000000000000E+00 0
 303    6050.00    6070.00  0.000000000000000E+00  0.000000000000000E+00 0
 304    6070.00    6090.00  0.000000000000000E+00  0.000000000000000E+00 0
 305    6090.00    6110.00  0.000000000000000E+00  0.000000000000000E+00 0
 306    6110.00    6130.00  0.000000000000000E+00  0.000000000000000E+00 0
 307    6130.00    6150.00  0.000000000000000E+00  0.000000000000000E+00 0
 308    6150.00    6170.00  0.000000000000000E+00  0.000000000000000E+00 0
 309    6170.00    6190.00  0.000000000000000E+00  0.000000000000000E+00 0
 310    6190.00    6210.00  0.000000000000000E+00  0.000000000000000E+00 0
 311    6210.00    6230.00  0.000000000000000E+00  0.000000000000000E+00 0
 312    6230.00    6250.00  0.000000000000000E+00  0.000000000000000E+00 0
 313    6250.00    6270.00  0.000000000000000E+00  0.000000000000000E+00 0
 314    6270.00    6290.00  0.000000000000000E+00  0.000000000000000E+00 0
 315    6290.00    6310.00  0.000000000000000E+00  0.000000000000000E+00 0
 316    6310.00    6330.00  0.000000000000000E+00  0.000000000000000E+00 0
 317    6330.00    6350.00  0.000000000000000E+00  0.000000000000000E+00 0
 318    6350.00    6370.00  0.000000000000000E+00  0.000000000000000E+00 0
 319    6370.00    6390.00  0.000000000000000E+00  0.000000000000000E+00 0
 320    6390.00    6410.00  0.000000000000000E+00  0.000000000000000E+00 0
 321    6410.00    6430.00  0.000000000000000E+00  0.000000000000000E+00 0
 322    6430.00    6450.00  0.000000000000000E+00  0.000000000000000E+00 0
 323    6450.00    6470.00  0.000000000000000E+00  0.000000000000000E+00 0
 324    6470.00    6490.00  0.000000000000000E+00  0.000000000000000E+00 0
 325    6490.00    6510.00  0.000000000000000E+00  0.000000000000000E+00 0
 326    6510.00    6530.00  0.000000000000000E+00  0.000000000000000E+00 0
 327    6530.00    6550.00  0.000000000000000E+00  0.000000000000000E+00 0
 328    6550.00    6570.00  0.000000000000000E+00  0.000000000000000E+00 0
 329    6570.00    6590.00  0.000000000000000E+00  0.000000000000000E+00 0
 330    6590.00    6610.00  0.000000000000000E+00  0.000000000000000E+00 0
 331    6610.00    6630.00  0.000000000000000E+00  0.000000000000000E+00 0
 332    6630.00    6650.00  0.000000000000000E+00  0.000000000000000E+00 0
 333    6650.00    6670.00  0.000000000000000E+00  0.000000000000000E+00 0
 334    6670.00    6690.00  0.000000000000000E+00  0.000000000000000E+00 0
 335    6690.00    6710.00  0.000000000000000E+00  0.000000000000000E+00 0
 336    6710.00    6730.00  0.000000000000000E+00  0.000000000000000E+00 0
 337    6730.00    6750.00  0.000000000000000E+00  0.000000000000000E+00 0
 338    6750.00    6770.00  0.000000000000000E+00  0.000000000000000E+00 0
 339    6770.00    6790.00  0.000000000000000E+00  0.000000000000000E+00 0
 340    6790.00    6810.00  0.000000000000000E+00  0.000000000000000E+00 0
 341    6810.00    6830.00  0.000000000000000E+00  0.000000000000000E+00 0
 342    6830.00    6850.00  0.000000000000000E+00  0.000000000000000E+00 0
 343    6850.00    6870.00  0.000000000000000E+00  0.000000000000000E+00 0
 344    6870.00    6890.00  0.000000000000000E+00  0.000000000000000E+00 0
 345    6890.00    6910.00  0.000000000000000E+00  0.000000000000000E+00 0
 346    6910.00    6930.00  0.000000000000000E+00  0.000000000000000E+00 0
 347    6930.00    6950.00  0.000000000000000E+00  0.000000000000000E+00 0
 348    6950.00    6970.00  0.000000000000000E+00  0.000000000000000E+00 0
 349    6970.00    6990.00  0.000000000000000E+00  0.000000000000000E+00 0
 350    6990.00    7010.00  0.000000000000000E+00  0.000000000000000E+00 0
 351    7010.00    7030.00  0.000000000000000E+00  0.000000000000000E+00 0
 352    7030.00    7050.00  0.000000000000000E+00  0.000000000000000E+00 0
 353    7050.00    7070.00  0.000000000000000E+00  0.000000000000000E+00 0
 354    7070.00    7090.00  0.000000000000000E+00  0.000000000000000E+00 0
 355    7090.00    7110.00  0.000000000000000E+00  0.000000000000000E+00 0
 356    7110.00    7130.00  0.000000000000000E+00  0.000000000000000E+00 0
 357    7130.00    7150.00  0.000000000000000E+00  0.000000000000000E+00 0
 358    7150.00    7170.00  0.000000000000000E+00  0.000000000000000E+00 0
 359    7170.00    7190.00  0.000000000000000E+00  0.000000000000000E+00 0
 360    7190.00    7210.00  0.000000000000000E+00  0.000000000000000E+00 0
 361    7210.00    7230.00  0.000000000000000E+00  0.000000000000000E+00 0
 362    7230.00    7250.00  0.000000000000000E+00  0.000000000000000E+00 0
 363    7250.00    7270.00  0.000000000000000E+00  0.000000000000000E+00 0
 364    7270.00    7290.00  0.000000000000000E+00  0.000000000000000E+00 0
 365    7290.00    7310.00  0.000000000000000E+00  0.000000000000000E+00 0
 366    7310.00    7330.00  0.000000000000000E+00  0.000000000000000E+00 0
 367    7330.00    7350.00  0.000000000000000E+00  0.000000000000000E+00 0
 368    7350.00    7370.00  0.000000000000000E+00  0.000000000000000E+00 0
 369    7370.00    7390.00  0.000000000000000E+00  0.000000000000000E+00 0
 370    7390.00    7410.00  0.000000000000000E+00  0.000000000000000E+00 0
 371    7410.00    7430.00  0.000000000000000E+00  0.000000000000000E+00 0
 372    7430.00    7450.00  0.000000000000000E+00  0.000000000000000E+00 0
 373    7450.00    7470.00  0.000000000000000E+00  0.000000000000000E+00 0
 374    7470.00    7490.00  0.000000000000000E+00  0.000000000000000E+00 0
 375    7490.00    7510.00  0.000000000000000E+00  0.000000000000000E+00 0
 376    7510.00    7530.00  0.000000000000000E+00  0.000000000000000E+00 0
 377    7530.00    7550.00  0.000000000000000E+00  0.000000000000000E+00 0
 378    7550.00    7570.00  0.000000000000000E+00  0.000000000000000E+00 0
 379    7570.00    7590.00  0.000000000000000E+00  0.000000000000000E+00 0
 380    7590.00    7610.00  0.000000000000000E+00  0.000000000000000E+00 0
 381    7610.00    7630.00  0.000000000000000E+00  0.000000000000000E+00 0
 382    7630.00    7650.00  0.000000000000000E+00  0.000000000000000E+00 0
 383    7650.00    7670.00  0.000000000000000E+00  0.000000000000000E+00 0
 384    7670.00    7690.00  0.000000000000000E+00  0.000000000000000E+00 0
 385    7690.00    7710.00  0.000000000000000E+00  0.000000000000000E+00 0
 386    7710.00    7730.00  0.000000000000000E+00  0.000000000000000E+00 0
 387    7730.00    7750.00  0.000000000000000E+00  0.000000000000000E+00 0
 388    7750.00    7770.00  0.000000000000000E+00  0.000000000000000E+00 0
 389    7770.00    7790.00  0.000000000000000E+00  0.000000000000000E+00 0
 390    7790.00    7810.00  0.000000000000000E+00  0.000000000000000E+00 0
 391    7810.00    7830.00  0.000000000000000E+00  0.000000000000000E+00 0
 392    7830.00    7850.00  0.000000000000000E+00  0.000000000000000E+00 0
 393    7850.00    7870.00  0.000000000000000E+00  0.000000000000000E+00 0
 394    7870.00    7890.00  0.000000000000000E+00  0.000000000000000E+00 0
 395    7890.00    7910.00  0.000000000000000E+00  0.000000000000000E+00 0
 396    7910.00    7930.00  0.000000000000000E+00  0.000000000000000E+00 0
 397    7930.00    7950.00  0.000000000000000E+00  0.000000000000000E+00 0
 398    7950.00    7970.00  0.000000000000000E+00  0.000000000000000E+00 0
 399    7970.00    7990.00  0.000000000000000E+00  0.000000000000000E+00 0
 400    7990.00    8010.00  0.000000000000000E+00  0.000000000000000E+00 0
 401    8010.00    8030.00  0.000000000000000E+00  0.000000000000000E+00 0
 402    8030.00    8050.00  0.000000000000000E+00  0.000000000000000E+00 0
 403    8050.00    8070.00  0.000000000000000E+00  0.000000000000000E+00 0
 404    8070.00    8090.00  0.000000000000000E+00  0.000000000000000E+00 0
 405    8090.00    8110.00  0.000000000000000E+00  0.000000000000000E+00 0
 406    8110.00    8130.00  0.000000000000000E+00  0.000000000000000E+00 0
 407    8130.00    8150.00  0.000000000000000E+00  0.000000000000000E+00 0
 408    8150.00    8170.00  0.000000000000000E+00  0.000000000000000E+00 0
 409    8170.00    8190.00  0.000000000000000E+00  0.000000000000000E+00 0
 410    8190.00    8210.00  0.000000000000000E+00  0.000000000000000E+00 0
 411    8210.00    8230.00  0.000000000000000E+00  0.000000000000000E+00 0
 412    8230.00    8250.00  0.000000000000000E+00  0.000000000000000E+00 0
 413    8250.00    8270.00  0.000000000000000E+00  0.000000000000000E+00 0
 414    8270.00    8290.00  0.000000000000000E+00  0.000000000000000E+00 0
 415    8290.00    8310.00  0.000000000000000E+00  0.000000000000000E+00 0
 416    8310.00    8330.00  0.000000000000000E+00  0.000000000000000E+00 0
 417    8330.00    8350.00  0.000000000000000E+00  0.000000000000000E+00 0
 418    8350.00    8370.00  0.000000000000000E+00  0.000000000000000E+00 0
 419    8370.00    8390.00  0.000000000000000E+00  0.000000000000000E+00 0
 420    8390.00    8410.00  0.000000000000000E+00  0.000000000000000E+00 0
 421    8410.00    8430.00  0.000000000000000E+00  0.000000000000000E+00 0
 422    8430.00    8450.00  0.000000000000000E+00  0.000000000000000E+00 0
 423    8450.00    8470.00  0.000000000000000E+00  0.000000000000000E+00 0
 424    8470.00    8490.00  0.000000000000000E+00  0.000000000000000E+00 0
 425    8490.00    8510.00  0.000000000000000E+00  0.000000000000000E+00 0
 426    8510.00    8530.00  0.000000000000000E+00  0.000000000000000E+00 0
 427    8530.00    8550.00  0.000000000000000E+00  0.000000000000000E+00 0
 428    8550.00    8570.00  0.000000000000000E+00  0.000000000000000E+00 0
 429    8570.00    8590.00  0.000000000000000E+00  0.000000000000000E+00 0
 430    8590.00    8610.00  0.000000000000000E+00  0.000000000000000E+00 0
 431    8610.00    8630.00  0.000000000000000E+00  0.000000000000000E+00 0
 432    8630.00    8650.00  0.000000000000000E+00  0.000000000000000E+00 0
 433    8650.00    8670.00  0.000000000000000E+00  0.000000000000000E+00 0
 434    8670.00    8690.00  0.000000000000000E+00  0.000000000000000E+00 0
 435    8690.00    8710.00  0.000000000000000E+00  0.000000000000000E+00 0
 436    8710.00    8730.00  0.000000000000000E+00  0.000000000000000E+00 0
 437    8730.00    8750.00  0.000000000000000E+00  0.000000000000000E+00 0
 438    8750.00    8770.00  0.000000000000000E+00  0.000000000000000E+00 0
 439    8770.00    8790.00  0.000000000000000E+00  0.000000000000000E+00 0
 440    8790.00    8810.00  0.000000000000000E+00  0.000000000000000E+00 0
 441    8810.00    8830.00  0.000000000000000E+00  0.000000000000000E+00 0
 442    8830.00    8850.00  0.000000000000000E+00  0.000000000000000E+00 0
 443    8850.00    8870.00  0.000000000000000E+00  0.000000000000000E+00 0
 444    8870.00    8890.00  0.000000000000000E+00  0.000000000000000E+00 0
 445    8890.00    8910.00  0.000000000000000E+00  0.000000000000000E+00 0
 446    8910.00    8930.00  0.000000000000000E+00  0.000000000000000E+00 0
 447    8930.00    8950.00  0.000000000000000E+00  0.000000000000000E+00 0
 448    8950.00    8970.00  0.000000000000000E+00  0.000000000000000E+00 0
 449    8970.00    8990.00  0.000000000000000E+00  0.000000000000000E+00 0
 450    8990.00    9010.00  0.000000000000000E+00  0.000000000000000E+00 0
 451    9010.00    9030.00  0.000000000000000E+00  0.000000000000000E+00 0
 452    9030.00    9050.00  0.000000000000000E+00  0.000000000000000E+00 0
 453    9050.00    9070.00  0.000000000000000E+00  0.000000000000000E+00 0
 454    9070.00    9090.00  0.000000000000000E+00  0.000000000000000E+00 0
 455    9090.00    9110.00  0.000000000000000E+00  0.000000000000000E+00 0
 456    9110.00    9130.00  0.000000000000000E+00  0.000000000000000E+00 0
 457    9130.00    9150.00  0.000000000000000E+00  0.000000000000000E+00 0
 458    9150.00    9170.00  0.000000000000000E+00  0.000000000000000E+00 0
 459    9170.00    9190.00  0.000000000000000E+00  0.000000000000000E+00 0
 460    9190.00    9210.00  0.000000000000000E+00  0.000000000000000E+00 0
 461    9210.00    9230.00  0.000000000000000E+00  0.000000000000000E+00 0
 462    9230.00    9250.00  0.000000000000000E+00  0.000000000000000E+00 0
 463    9250.00    9270.00  0.000000000000000E+00  0.000000000000000E+00 0
 464    9270.00    9290.00  0.000000000000000E+00  0.000000000000000E+00 0
 465    9290.00    9310.00  0.000000000000000E+00  0.000000000000000E+00 0
 466    9310.00    9330.00  0.000000000000000E+00  0.000000000000000E+00 0
 467    9330.00    9350.00  0.000000000000000E+00  0.000000000000000E+00 0
 468    9350.00    9370.00  0.000000000000000E+00  0.000000000000000E+00 0
 469    9370.00    9390.00  0.000000000000000E+00  0.000000000000000E+00 0
 470    9390.00    9410.00  0.000000000000000E+00  0.000000000000000E+00 0
 471    9410.00    9430.00  0.000000000000000E+00  0.000000000000000E+00 0
 472    9430.00    9450.00  0.000000000000000E+00  0.000000000000000E+00 0
 473    9450.00    9470.00  0.000000000000000E+00  0.000000000000000E+00 0
 474    9470.00    9490.00  0.000000000000000E+00  0.000000000000000E+00 0
 475    9490.00    9510.00  0.000000000000000E+00  0.000000000000000E+00 0
 476    9510.00    9530.00  0.000000000000000E+00  0.000000000000000E+00 0
 477    9530.00    9550.00  0.000000000000000E+00  0.000000000000000E+00 0
 478    9550.00    9570.00  0.000000000000000E+00  0.000000000000000E+00 0
 479    9570.00    9590.00  0.000000000000000E+00  0.000000000000000E+00 0
 480    9590.00    9610.00  0.000000000000000E+00  0.000000000000000E+00 0
 481    9610.00    9630.00  0.000000000000000E+00  0.000000000000000E+00 0
 482    9630.00    9650.00  0.000000000000000E+00  0.000000000000000E+00 0
 483    9650.00    9670.00  0.000000000000000E+00  0.000000000000000E+00 0
 484    9670.00    9690.00  0.000000000000000E+00  0.000000000000000E+00 0
 485    9690.00    9710.00  0.000000000000000E+00  0.000000000000000E+00 0
 486    9710.00    9730.00  0.000000000000000E+00  0.000000000000000E+00 0
 487    9730.00    9750.00  0.000000000000000E+00  0.000000000000000E+00 0
 488    9750.00    9770.00  0.000000000000000E+00  0.000000000000000E+00 0
 489    9770.00    9790.00  0.000000000000000E+00  0.000000000000000E+00 0
 490    9790.00    9810.00  0.000000000000000E+00  0.000000000000000E+00 0
 491    9810.00    9830.00  0.000000000000000E+00  0.000000000000000E+00 0
 492    9830.00    9850.00  0.000000000000000E+00  0.000000000000000E+00 0
 493    9850.00    9870.00  0.000000000000000E+00  0.000000000000000E+00 0
 494    9870.00    9890.00  0.000000000000000E+00  0.000000000000000E+00 0
 495    9890.00    9910.00  0.000000000000000E+00  0.000000000000000E+00 0
 496    9910.00    9930.00  0.000000000000000E+00  0.000000000000000E+00 0
 497    9930.00    9950.00  0.000000000000000E+00  0.000000000000000E+00 0
 498    9950.00    9970.00  0.000000000000000E+00  0.000000000000000E+00 0
 499    9970.00    9990.00  0.000000000000000E+00  0.000000000000000E+00 0
 500    9990.00   10010.00  0.000000000000000E+00  0.000000000000000E+00 0
 501   10010.00   10030.00  0.000000000000000E+00  0.000000000000000E+00 0
 502   10030.00   10050.00  0.000000000000000E+00  0.000000000000000E+00 0
 503   10050.00   10070.00  0.000000000000000E+00  0.000000000000000E+00 0
 504   10070.00   10090.00  0.000000000000000E+00  0.000000000000000E+00 0
 505   10090.00   10110.00  0.000000000000000E+00  0.000000000000000E+00 0
 506   10110.00   10130.00  0.000000000000000E+00  0.000000000000000E+00 0
 507   10130.00   10150.00  0.000000000000000E+00  0.000000000000000E+00 0
 508   10150.00   10170.00  0.000000000000000E+00  0.000000000000000E+00 0
 509   10170.00   10190.00  0.000000000000000E+00  0.000000000000000E+00 0
 510   10190.00   10210.00  0.000000000000000E+00  0.000000000000000E+00 0
 511   10210.00   10230.00  0.000000000000000E+00  0.000000000000000E+00 0
 512   10230.00   10250.00  0.000000000000000E+00  0.000000000000000E+00 0
 513   10250.00   10270.00  0.000000000000000E+00  0.000000000000000E+00 0
 514   10270.00   10290.00  0.000000000000000E+00  0.000000000000000E+00 0
 515   10290.00   10310.00  0.000000000000000E+00  0.000000000000000E+00 0
 516   10310.00   10330.00  0.000000000000000E+00  0.000000000000000E+00 0
 517   10330.00   10350.00  0.000000000000000E+00  0.000000000000000E+00 0
 518   10350.00   10370.00  0.000000000000000E+00  0.000000000000000E+00 0
 519   10370.00   10390.00  0.000000000000000E+00  0.000000000000000E+00 0
 520   10390.00   10410.00  0.000000000000000E+00  0.000000000000000E+00 0
 521   10410.00   10430.00  0.000000000000000E+00  0.000000000000000E+00 0
 522   10430.00   10450.00  0.000000000000000E+00  0.000000000000000E+00 0
 523   10450.00   10470.00  0.000000000000000E+00  0.000000000000000E+00 0
 524   10470.00   10490.00  0.000000000000000E+00  0.000000000000000E+00 0
 525   10490.00   10510.00  0.000000000000000E+00  0.000000000000000E+00 0
 526   10510.00   10530.00  0.000000000000000E+00  0.000000000000000E+00 0
 527   10530.00   10550.00  0.000000000000000E+00  0.000000000000000E+00 0
 528   10550.00   10570.00  0.000000000000000E+00  0.000000000000000E+00 0
 529   10570.00   10590.00  0.000000000000000E+00  0.000000000000000E+00 0
 530   10590.00   10610.00  0.000000000000000E+00  0.000000000000000E+00 0
 531   10610.00   10630.00  0.000000000000000E+00  0.000000000000000E+00 0
 532   10630.00   10650.00  0.000000000000000E+00  0.000000000000000E+00 0
 533   10650.00   10670.00  0.000000000000000E+00  0.000000000000000E+00 0
 534   10670.00   10690.00  0.000000000000000E+00  0.000000000000000E+00 0
 535   10690.00   10710.00  0.000000000000000E+00  0.000000000000000E+00 0
 536   10710.00   10730.00  0.000000000000000E+00  0.000000000000000E+00 0
 537   10730.00   10750.00  0.000000000000000E+00  0.000000000000000E+00 0
 538   10750.00   10770.00  0.000000000000000E+00  0.000000000000000E+00 0
 539   10770.00   10790.00  0.000000000000000E+00  0.000000000000000E+00 0
 540   10790.00   10810.00  0.000000000000000E+00  0.000000000000000E+00 0
 541   10810.00   10830.00  0.000000000000000E+00  0.000000000000000E+00 0
 542   10830.00   10850.00  0.000000000000000E+00  0.000000000000000E+00 0
 543   10850.00   10870.00  0.000000000000000E+00  0.000000000000000E+00 0
 544   10870.00   10890.00  0.000000000000000E+00  0.000000000000000E+00 0
 545   10890.00   10910.00  0.000000000000000E+00  0.000000000000000E+00 0
 546   10910.00   10930.00  0.000000000000000E+00  0.000000000000000E+00 0
 547   10930.00   10950.00  0.000000000000000E+00  0.000000000000000E+00 0
 548   10950.00   10970.00  0.000000000000000E+00  0.000000000000000E+00 0
 549   10970.00   10990.00  0.000000000000000E+00  0.000000000000000E+00 0
 550   10990.00   11010.00  0.000000000000000E+00  0.000000000000000E+00 0
 551   11010.00   11030.00  0.000000000000000E+00  0.000000000000000E+00 0
 552   11030.00   11050.00  0.000000000000000E+00  0.000000000000000E+00 0
 553   11050.00   11070.00  0.000000000000000E+00  0.000000000000000E+00 0
 554   11070.00   11090.00  0.000000000000000E+00  0.000000000000000E+00 0
 555   11090.00   11110.00  0.000000000000000E+00  0.000000000000000E+00 0
 556   11110.00   11130.00  0.000000000000000E+00  0.000000000000000E+00 0
 557   11130.00   11150.00  0.000000000000000E+00  0.000000000000000E+00 0
 558   11150.00   11170.00  0.000000000000000E+00  0.000000000000000E+00 0
 559   11170.00   11190.00  0.000000000000000E+00  0.000000000000000E+00 0
 560   11190.00   11210.00  0.000000000000000E+00  0.000000000000000E+00 0
 561   11210.00   11230.00  0.000000000000000E+00  0.000000000000000E+00 0
 562   11230.00   11250.00  0.000000000000000E+00  0.000000000000000E+00 0
 563   11250.00   11270.00  0.000000000000000E+00  0.000000000000000E+00 0
 564   11270.00   11290.00  0.000000000000000E+00  0.000000000000000E+00 0
 565   11290.00   11310.00  0.000000000000000E+00  0.000000000000000E+00 0
 566   11310.00   11330.00  0.000000000000000E+00  0.000000000000000E+00 0
 567   11330.00   11350.00  0.000000000000000E+00  0.000000000000000E+00 0
 568   11350.00   11370.00  0.000000000000000E+00  0.000000000000000E+00 0
 569   11370.00   11390.00  0.000000000000000E+00  0.000000000000000E+00 0
 570   11390.00   11410.00  0.000000000000000E+00  0.000000000000000E+00 0
 571   11410.00   11430.00  0.000000000000000E+00  0.000000000000000E+00 0
 572   11430.00   11450.00  0.000000000000000E+00  0.000000000000000E+00 0
 573   11450.00   11470.00  0.000000000000000E+00  0.000000000000000E+00 0
 574   11470.00   11490.00  0.000000000000000E+00  0.000000000000000E+00 0
 575   11490.00   11510.00  0.000000000000000E+00  0.000000000000000E+00 0
 576   11510.00   11530.00  0.000000000000000E+00  0.000000000000000E+00 0
 577   11530.00   11550.00  0.000000000000000E+00  0.000000000000000E+00 0
 578   11550.00   11570.00  0.000000000000000E+00  0.000000000000000E+00 0
 579   11570.00   11590.00  0.000000000000000E+00  0.000000000000000E+00 0
 580   11590.00   11610.00  0.000000000000000E+00  0.000000000000000E+00 0
 581   11610.00   11630.00  0.000000000000000E+00  0.000000000000000E+00 0
 582   11630.00   11650.00  0.000000000000000E+00  0.000000000000000E+00 0
 583   11650.00   11670.00  0.000000000000000E+00  0.000000000000000E+00 0
 584   11670.00   11690.00  0.000000000000000E+00  0.000000000000000E+00 0
 585   11690.00   11710.00  0.000000000000000E+00  0.000000000000000E+00 0
 586   11710.00   11730.00  0.000000000000000E+00  0.000000000000000E+00 0
 587   11730.00   11750.00  0.000000000000000E+00  0.000000000000000E+00 0
 588   11750.00   11770.00  0.000000000000000E+00  0.000000000000000E+00 0
 589   11770.00   11790.00  0.000000000000000E+00  0.000000000000000E+00 0
 590   11790.00   11810.00  0.000000000000000E+00  0.000000000000000E+00 0
 591   11810.00   11830.00  0.000000000000000E+00  0.000000000000000E+00 0
 592   11830.00   11850.00  0.000000000000000E+00  0.000000000000000E+00 0
 593   11850.00   11870.00  0.000000000000000E+00  0.000000000000000E+00 0
 594   11870.00   11890.00  0.000000000000000E+00  0.000000000000000E+00 0
 595   11890.00   11910.00  0.000000000000000E+00  0.000000000000000E+00 0
 596   11910.00   11930.00  0.000000000000000E+00  0.000000000000000E+00 0
 597   11930.00   11950.00  0.000000000000000E+00  0.000000000000000E+00 0
 598   11950.00   11970.00  0.000000000000000E+00  0.000000000000000E+00 0
 599   11970.00   11990.00  0.000000000000000E+00  0.000000000000000E+00 0
 600   11990.00   12010.00  0.000000000000000E+00  0.000000000000000E+00 0
 601   12010.00   12030.00  0.000000000000000E+00  0.000000000000000E+00 0
 602   12030.00   12050.00  0.000000000000000E+00  0.000000000000000E+00 0
 603   12050.00   12070.00  0.000000000000000E+00  0.000000000000000E+00 0
 604   12070.00   12090.00  0.000000000000000E+00  0.000000000000000E+00 0
 605   12090.00   12110.00  0.000000000000000E+00  0.000000000000000E+00 0
 606   12110.00   12130.00  0.000000000000000E+00  0.000000000000000E+00 0
 607   12130.00   12150.00  0.000000000000000E+00  0.000000000000000E+00 0
 608   12150.00   12170.00  0.000000000000000E+00  0.000000000000000E+00 0
 609   12170.00   12190.00  0.000000000000000E+00  0.000000000000000E+00 0
 610   12190.00   12210.00  0.000000000000000E+00  0.000000000000000E+00 0
 611   12210.00   12230.00  0.000000000000000E+00  0.000000000000000E+00 0
 612   12230.00   12250.00  0.000000000000000E+00  0.000000000000000E+00 0
 613   12250.00   12270.00  0.000000000000000E+00  0.000000000000000E+00 0
 614   12270.00   12290.00  0.000000000000000E+00  0.000000000000000E+00 0
 615   12290.00   12310.00  0.000000000000000E+00  0.000000000000000E+00 0
 616   12310.00   12330.00  0.000000000000000E+00  0.000000000000000E+00 0
 617   12330.00   12350.00  0.000000000000000E+00  0.000000000000000E+00 0
 618   12350.00   12370.00  0.000000000000000E+00  0.000000000000000E+00 0
 619   12370.00   12390.00  0.000000000000000E+00  0.000000000000000E+00 0
 620   12390.00   12410.00  0.000000000000000E+00  0.000000000000000E+00 0
 621   12410.00   12430.00  0.000000000000000E+00  0.000000000000000E+00 0
 622   12430.00   12450.00  0.000000000000000E+00  0.000000000000000E+00 0
 623   12450.00   12470.00  0.000000000000000E+00  0.000000000000000E+00 0
 624   12470.00   12490.00  0.000000000000000E+00  0.000000000000000E+00 0
 625   12490.00   12510.00  0.000000000000000E+00  0.000000000000000E+00 0
 626   12510.00   12530.00  0.000000000000000E+00  0.000000000000000E+00 0
 627   12530.00   12550.00  0.000000000000000E+00  0.000000000000000E+00 0
 628   12550.00   12570.00  0.000000000000000E+00  0.000000000000000E+00 0
 629   12570.00   12590.00  0.000000000000000E+00  0.000000000000000E+00 0
 630   12590.00   12610.00  0.000000000000000E+00  0.000000000000000E+00 0
 631   12610.00   12630.00  0.000000000000000E+00  0.000000000000000E+00 0
 632   12630.00   12650.00  0.000000000000000E+00  0.000000000000000E+00 0
 633   12650.00   12670.00  0.000000000000000E+00  0.000000000000000E+00 0
 634   12670.00   12690.00  0.000000000000000E+00  0.000000000000000E+00 0
 635   12690.00   12710.00  0.000000000000000E+00  0.000000000000000E+00 0
 636   12710.00   12730.00  0.000000000000000E+00  0.000000000000000E+00 0
 637   12730.00   12750.00  0.000000000000000E+00  0.000000000000000E+00 0
 638   12750.00   12770.00  0.000000000000000E+00  0.000000000000000E+00 0
 639   12770.00   12790.00  0.000000000000000E+00  0.000000000000000E+00 0
 640   12790.00   12810.00  0.000000000000000E+00  0.000000000000000E+00 0
 641   12810.00   12830.00  0.000000000000000E+00  0.000000000000000E+00 0
 642   12830.00   12850.00  0.000000000000000E+00  0.000000000000000E+00 0
 643   12850.00   12870.00  0.000000000000000E+00  0.000000000000000E+00 0
 644   12870.00   12890.00  0.000000000000000E+00  0.000000000000000E+00 0
 645   12890.00   12910.00  0.000000000000000E+00  0.000000000000000E+00 0
 646   12910.00   12930.00  0.000000000000000E+00  0.000000000000000E+00 0
 647   12930.00   12950.00  0.000000000000000E+00  0.000000000000000E+00 0
 648   12950.00   12970.00  0.000000000000000E+00  0.000000000000000E+00 0
 649   12970.00   12990.00  0.000000000000000E+00  0.000000000000000E+00 0
 650   12990.00   13010.00  0.000000000000000E+00  0.000000000000000E+00 0
# Underflow:                 0.0000000000000000E+00  0.0000000000000000E+00 0
# Overflow:                  0.0000000000000000E+00  0.0000000000000000E+00 0
#-------------------------------------------------------------------------------------
# Sum:                       5.6705304893998394E-02  2.5694555612689929E-05 53479000
#=====================================================================================
