# title = Missing Transverse Momentum
# xlabel = $p_{\text{T},\text{miss}}\,$[GeV]
# ylabel = $\frac{\text{d}\sigma}{\text{d}p_{\text{T},\text{miss}}}\,\left[\frac{\text{fb}}{\text{GeV}}\right]$
# xmin=  0.000E+00
# xmax=  8.000E+02
# ymin=  1.000E-06
# ymax=  1.000E-02
# kmin= -5.000E+01
# kmax=  1.000E+01
# logscale = true
# Renormalization and factorization scale scaled by: .5000000000
# Renormalization scaled by: .5000000000
# Number of generated events: 517624991
#
#=====================================================================================
# No.       Left      Right                   Value                   Error Hits
#-------------------------------------------------------------------------------------
   1      10.00      30.00  4.680517527312947E-06  5.643612358421101E-09 8568179
   2      30.00      50.00  4.200056249140871E-06  4.899032820302755E-09 9432923
   3      50.00      70.00  2.439025076017391E-06  3.477725649746551E-09 5707775
   4      70.00      90.00  1.278151277961187E-06  2.390240708823318E-09 3567454
   5      90.00     110.00  6.882235106092590E-07  1.648061444223194E-09 2424916
   6     110.00     130.00  4.113362149570312E-07  1.177805536601845E-09 1797284
   7     130.00     150.00  2.566932625221780E-07  8.550121121174518E-10 1388992
   8     150.00     170.00  1.664846956570097E-07  6.427317981201391E-10 1105540
   9     170.00     190.00  1.108408186195635E-07  4.929358087313901E-10 896794
  10     190.00     210.00  7.600001343273889E-08  3.792804223876581E-10 738762
  11     210.00     230.00  5.232837460855335E-08  2.877505053265627E-10 616875
  12     230.00     250.00  3.644141331204117E-08  2.314721201743987E-10 521129
  13     250.00     270.00  2.557140139985127E-08  1.710212543097433E-10 443984
  14     270.00     290.00  1.874664551565311E-08  1.435988936003320E-10 383906
  15     290.00     310.00  1.363950061012355E-08  1.209120761797462E-10 333841
  16     310.00     330.00  1.000725378213084E-08  9.293950033803772E-11 290274
  17     330.00     350.00  7.399157155517286E-09  7.437334894081269E-11 255186
  18     350.00     370.00  5.596769351233086E-09  6.272155607910487E-11 225522
  19     370.00     390.00  4.188326121442367E-09  4.926792712398951E-11 200340
  20     390.00     410.00  3.099191172672923E-09  3.788598624438524E-11 178380
  21     410.00     430.00  2.386075066818444E-09  3.132802226387343E-11 159542
  22     430.00     450.00  1.840519908674783E-09  2.573594535731615E-11 142795
  23     450.00     470.00  1.409916458730353E-09  2.086912194231019E-11 128757
  24     470.00     490.00  1.078139349870174E-09  1.714263789161481E-11 116337
  25     490.00     510.00  8.388260910846853E-10  1.427651421859872E-11 105248
  26     510.00     530.00  6.695514211689998E-10  1.138418980841922E-11 95699
  27     530.00     550.00  5.364106207783188E-10  1.008142445125483E-11 87008
  28     550.00     570.00  4.129525513985330E-10  7.559338591282556E-12 79689
  29     570.00     590.00  3.426784340405572E-10  9.613944777720602E-12 72860
  30     590.00     610.00  2.616843360922981E-10  6.286190216511644E-12 66615
  31     610.00     630.00  2.233133390987045E-10  5.194022591828186E-12 60823
  32     630.00     650.00  1.711737976866445E-10  5.042603174229410E-12 56274
  33     650.00     670.00  1.410749075435585E-10  3.441727211656740E-12 52025
  34     670.00     690.00  1.134892758910756E-10  2.881388166418734E-12 47945
  35     690.00     710.00  9.011304913543450E-11  2.149666038368270E-12 44334
  36     710.00     730.00  7.794747344171589E-11  2.034091212232788E-12 40693
  37     730.00     750.00  6.430552828097964E-11  1.730240100902336E-12 38141
  38     750.00     770.00  5.476604166293520E-11  1.616119282693040E-12 35010
  39     770.00     790.00  4.293717849824918E-11  1.221855575954938E-12 32726
  40     790.00     810.00  3.455838771977435E-11  9.389902457931886E-13 30338
  41     810.00     830.00  2.966771253478106E-11  9.596095766514719E-13 28554
  42     830.00     850.00  2.585025462436723E-11  8.962139710074274E-13 26585
  43     850.00     870.00  2.138855706519226E-11  9.449092989945059E-13 24640
  44     870.00     890.00  1.732728788978596E-11  6.019623722748705E-13 23058
  45     890.00     910.00  1.437906306320135E-11  4.975540245975020E-13 21255
  46     910.00     930.00  1.183336857663352E-11  4.651847949464751E-13 19839
  47     930.00     950.00  1.034791143722863E-11  4.290557608089138E-13 18604
  48     950.00     970.00  9.552203375399624E-12  3.766724554852744E-13 17678
  49     970.00     990.00  7.905818269337088E-12  3.388489619777073E-13 16617
  50     990.00    1010.00  6.834810727225551E-12  3.185003763455488E-13 15644
  51    1010.00    1030.00  5.600404806009036E-12  2.352504984325932E-13 14412
  52    1030.00    1050.00  4.732160159224857E-12  2.015406243485480E-13 13565
  53    1050.00    1070.00  3.892526153990701E-12  1.889279912848210E-13 12750
  54    1070.00    1090.00  3.613390930123751E-12  1.595156100616203E-13 12027
  55    1090.00    1110.00  3.083925275427856E-12  1.565866440011900E-13 11542
  56    1110.00    1130.00  2.837574048054925E-12  2.618943682547763E-13 10605
  57    1130.00    1150.00  2.178933408558448E-12  1.073177755448584E-13 9931
  58    1150.00    1170.00  2.263914870374965E-12  2.208562178957889E-13 9565
  59    1170.00    1190.00  1.887018543721056E-12  1.258756802217125E-13 9195
  60    1190.00    1210.00  1.445026993363395E-12  8.944915117326515E-14 8459
  61    1210.00    1230.00  1.181006838926814E-12  7.321671768426924E-14 7930
  62    1230.00    1250.00  1.146289906892610E-12  7.646366131250233E-14 7496
  63    1250.00    1270.00  1.394666986662853E-12  3.092731556342398E-13 7001
  64    1270.00    1290.00  7.958591398169896E-13  5.307199583254766E-14 6725
  65    1290.00    1310.00  8.549718685585995E-13  1.057408310866158E-13 6421
  66    1310.00    1330.00  7.133919123170906E-13  6.617548646061670E-14 6072
  67    1330.00    1350.00  5.773160202172637E-13  4.401666605350929E-14 5761
  68    1350.00    1370.00  4.894468068897512E-13  3.913571164218524E-14 5397
  69    1370.00    1390.00  4.166506303432120E-13  2.926023195183631E-14 5041
  70    1390.00    1410.00  3.463369602636549E-13  1.962009532565364E-14 4913
  71    1410.00    1430.00  3.926618570770073E-13  2.945650810803643E-14 4715
  72    1430.00    1450.00  2.960352001337151E-13  2.138294753513164E-14 4510
  73    1450.00    1470.00  2.555265374890871E-13  2.050164658616789E-14 4074
  74    1470.00    1490.00  2.487779131078882E-13  2.562696947433974E-14 3977
  75    1490.00    1510.00  2.128995330183583E-13  2.435381444862511E-14 3806
  76    1510.00    1530.00  1.971096435600638E-13  1.605504441923425E-14 3556
  77    1530.00    1550.00  1.624980188268536E-13  1.374094740490823E-14 3402
  78    1550.00    1570.00  1.380462639533686E-13  1.051942786056546E-14 3221
  79    1570.00    1590.00  1.360436045328794E-13  1.324547757901944E-14 3031
  80    1590.00    1610.00  1.101103206739344E-13  1.035389564160222E-14 3001
  81    1610.00    1630.00  1.137067501995897E-13  9.712612583129822E-15 2805
  82    1630.00    1650.00  8.452532074617302E-14  8.091798184362423E-15 2550
  83    1650.00    1670.00  7.009885270408947E-14  7.172295289355062E-15 2396
  84    1670.00    1690.00  8.234420736048464E-14  1.122888772595162E-14 2397
  85    1690.00    1710.00  5.833622584598048E-14  5.097447494994873E-15 2325
  86    1710.00    1730.00  5.524319354543255E-14  6.096148773061839E-15 2195
  87    1730.00    1750.00  5.238982237352487E-14  5.424459395671379E-15 2014
  88    1750.00    1770.00  3.295781442353463E-14  2.528052388965281E-15 1912
  89    1770.00    1790.00  3.781968082183051E-14  4.392367105166041E-15 1859
  90    1790.00    1810.00  4.568681784327007E-14  6.849876720032555E-15 1778
  91    1810.00    1830.00  3.758598624645656E-14  6.638886775486245E-15 1706
  92    1830.00    1850.00  2.634754570231101E-14  2.237073304013464E-15 1626
  93    1850.00    1870.00  3.187348998529911E-14  4.151706745496989E-15 1630
  94    1870.00    1890.00  4.937608966087628E-14  2.125737427920435E-14 1423
  95    1890.00    1910.00  2.382789711253554E-14  3.138652230087051E-15 1411
  96    1910.00    1930.00  2.088453424743001E-14  3.832577368891169E-15 1278
  97    1930.00    1950.00  1.793948427113428E-14  2.101244166801070E-15 1256
  98    1950.00    1970.00  1.702348770080124E-14  2.026689278600372E-15 1195
  99    1970.00    1990.00  1.555179034908029E-14  3.741599158058830E-15 1104
 100    1990.00    2010.00  1.629659522097473E-14  4.483033702135823E-15 1106
 101    2010.00    2030.00  1.266839667004446E-14  1.799052247711781E-15 1013
 102    2030.00    2050.00  9.934012199212452E-15  2.053982760773649E-15 956
 103    2050.00    2070.00  1.043863635781362E-14  1.352071369472225E-15 961
 104    2070.00    2090.00  7.875260124794575E-15  9.851067976403125E-16 906
 105    2090.00    2110.00  6.912167461077313E-15  7.546501655092348E-16 889
 106    2110.00    2130.00  6.538434929466982E-15  8.099705029934168E-16 856
 107    2130.00    2150.00  9.296820801983886E-15  1.426152249811368E-15 796
 108    2150.00    2170.00  4.950582880906885E-15  5.854182431468030E-16 718
 109    2170.00    2190.00  5.496408534671390E-15  7.984595280040448E-16 743
 110    2190.00    2210.00  6.465097291276467E-15  1.268918398712740E-15 717
 111    2210.00    2230.00  4.388352289470266E-15  5.421365430625552E-16 653
 112    2230.00    2250.00  4.234919725264999E-15  8.604045488859389E-16 637
 113    2250.00    2270.00  5.317936859888954E-15  9.911727704114537E-16 639
 114    2270.00    2290.00  3.953904901131905E-15  9.030506323038786E-16 570
 115    2290.00    2310.00  2.716119443003892E-15  5.477841316076710E-16 517
 116    2310.00    2330.00  3.883998225112673E-15  8.221350123721458E-16 523
 117    2330.00    2350.00  3.662687819510745E-15  1.073863163243770E-15 524
 118    2350.00    2370.00  5.126804394642254E-15  2.894315454608779E-15 481
 119    2370.00    2390.00  3.609480234260814E-15  1.147700176203733E-15 464
 120    2390.00    2410.00  1.804510897783334E-15  4.234943149890418E-16 429
 121    2410.00    2430.00  2.157784976970874E-15  5.086759813902992E-16 438
 122    2430.00    2450.00  2.574528908128542E-15  6.818432466978831E-16 405
 123    2450.00    2470.00  1.321454385391896E-15  2.331206752507601E-16 380
 124    2470.00    2490.00  1.151198261410454E-15  1.866656631816657E-16 378
 125    2490.00    2510.00  2.100426048345212E-15  4.981619987750811E-16 348
 126    2510.00    2530.00  1.377261732169821E-15  3.885000146213093E-16 329
 127    2530.00    2550.00  8.829826135819539E-16  1.517952420572062E-16 327
 128    2550.00    2570.00  9.142087288019796E-16  1.613693611168891E-16 285
 129    2570.00    2590.00  1.135007525547422E-15  2.629355421419709E-16 302
 130    2590.00    2610.00  7.087571744141912E-16  1.137677483399759E-16 262
 131    2610.00    2630.00  6.146353464341467E-16  1.158889940823199E-16 253
 132    2630.00    2650.00  5.895199952935406E-16  1.080762087612314E-16 265
 133    2650.00    2670.00  7.687756908621054E-16  1.585447899758465E-16 242
 134    2670.00    2690.00  6.256031876787825E-16  1.589570478415527E-16 217
 135    2690.00    2710.00  5.753737315079685E-16  1.124282470638968E-16 223
 136    2710.00    2730.00  7.507026367802969E-16  2.864208752047499E-16 195
 137    2730.00    2750.00  6.934364596848283E-16  2.047242814601903E-16 209
 138    2750.00    2770.00  5.350664898242408E-16  1.387455359601852E-16 206
 139    2770.00    2790.00  3.722261069446687E-16  8.519738483904894E-17 185
 140    2790.00    2810.00  4.709044922699384E-16  1.064148049092145E-16 184
 141    2810.00    2830.00  5.193353247268120E-16  1.557613696169376E-16 176
 142    2830.00    2850.00  5.106714040479446E-16  1.870762818770719E-16 169
 143    2850.00    2870.00  3.179105278465893E-16  1.398239127158117E-16 161
 144    2870.00    2890.00  2.889440900913293E-16  6.284220095238067E-17 156
 145    2890.00    2910.00  2.478306026441469E-16  6.786213353747526E-17 137
 146    2910.00    2930.00  2.500618398557768E-16  1.072882090326845E-16 127
 147    2930.00    2950.00  1.432824407925052E-16  4.671750929425221E-17 111
 148    2950.00    2970.00  1.269071103866602E-16  3.282561658296957E-17 122
 149    2970.00    2990.00  1.353087143219392E-16  2.764217439486221E-17 126
 150    2990.00    3010.00  1.701073445139783E-16  7.557361491081489E-17 99
 151    3010.00    3030.00  1.246748466979434E-16  3.948805317778276E-17 90
 152    3030.00    3050.00  1.291004135612698E-16  4.179345658497871E-17 110
 153    3050.00    3070.00  5.966492316100771E-17  1.407432514837522E-17 92
 154    3070.00    3090.00  1.017243385213450E-16  3.799856577787487E-17 89
 155    3090.00    3110.00  6.454438823997162E-17  3.004843178773359E-17 68
 156    3110.00    3130.00  2.247769387747961E-16  9.302499647913309E-17 74
 157    3130.00    3150.00  8.083405503315227E-17  2.707786862708640E-17 89
 158    3150.00    3170.00  2.362659068349241E-16  1.115055177816554E-16 72
 159    3170.00    3190.00  5.735707392134813E-17  1.674543449346877E-17 73
 160    3190.00    3210.00  1.130390724083397E-16  4.859489609359650E-17 77
 161    3210.00    3230.00  8.695387215195583E-17  4.939944527247619E-17 74
 162    3230.00    3250.00  5.059250795802655E-17  1.452254228892039E-17 85
 163    3250.00    3270.00  7.007639271238215E-17  3.805777269724495E-17 46
 164    3270.00    3290.00  4.825684830236744E-17  1.449976925612490E-17 74
 165    3290.00    3310.00  1.567247063894663E-16  9.426333378997134E-17 65
 166    3310.00    3330.00  2.893192322931125E-17  9.375572917741204E-18 59
 167    3330.00    3350.00  8.636728078918163E-17  3.536772315964877E-17 62
 168    3350.00    3370.00  3.823839677218957E-17  1.655474685542866E-17 53
 169    3370.00    3390.00  4.480589884301274E-17  2.406179837117108E-17 38
 170    3390.00    3410.00  5.088554013212346E-17  2.444546603954219E-17 49
 171    3410.00    3430.00  1.495489773127471E-17  4.986435519208486E-18 50
 172    3430.00    3450.00  1.599546195210056E-17  5.249809110867323E-18 42
 173    3450.00    3470.00  1.211077480852669E-17  3.842550720117114E-18 45
 174    3470.00    3490.00  9.584407273241313E-18  5.332618742695945E-18 34
 175    3490.00    3510.00  1.760968321975289E-17  7.983139668659556E-18 35
 176    3510.00    3530.00  7.916321953383907E-18  2.758518147790475E-18 27
 177    3530.00    3550.00  3.541500440578704E-18  1.266052564881356E-18 23
 178    3550.00    3570.00  7.536885134695913E-18  4.664099836904294E-18 27
 179    3570.00    3590.00  1.205979643498806E-17  6.365114218808612E-18 24
 180    3590.00    3610.00  6.246199033211027E-18  2.200748293294522E-18 33
 181    3610.00    3630.00  1.130635639573520E-17  4.594366687500213E-18 28
 182    3630.00    3650.00  3.979049737884491E-18  1.874468462123647E-18 16
 183    3650.00    3670.00  1.057091949064941E-17  6.417267256060927E-18 33
 184    3670.00    3690.00  9.163341799425772E-18  3.737830364439975E-18 28
 185    3690.00    3710.00  2.437411037996232E-18  1.043850748028262E-18 25
 186    3710.00    3730.00  4.763677128564809E-18  2.357782036653589E-18 18
 187    3730.00    3750.00  8.964009286424894E-19  4.526372824139347E-19 15
 188    3750.00    3770.00  5.720512858429628E-18  3.841137038699196E-18 19
 189    3770.00    3790.00  1.863914287556829E-18  1.105925914787121E-18 16
 190    3790.00    3810.00  4.440067071608070E-18  2.208499757670380E-18 21
 191    3810.00    3830.00  1.804197195310687E-18  1.159733549257212E-18 15
 192    3830.00    3850.00  4.632962247374350E-18  3.686454586083836E-18 18
 193    3850.00    3870.00  3.022664004651487E-19  1.826080779411567E-19 11
 194    3870.00    3890.00  1.067768236662502E-17  4.426569852371412E-18 20
 195    3890.00    3910.00  1.237598445844280E-18  6.785912815743478E-19 9
 196    3910.00    3930.00  2.882765909858339E-18  1.353610355118989E-18 15
 197    3930.00    3950.00  1.245625028436810E-18  5.986396097950850E-19 15
 198    3950.00    3970.00  2.029232716009703E-19  1.246524608769637E-19 6
 199    3970.00    3990.00  2.936508882357155E-19  1.525934515634556E-19 10
 200    3990.00    4010.00  7.055684133014106E-19  6.541618298864999E-19 8
 201    4010.00    4030.00  1.586688771290266E-18  1.280236394454977E-18 13
 202    4030.00    4050.00  2.560434885574690E-19  2.167000233867658E-19 8
 203    4050.00    4070.00  7.119437941598577E-19  5.514530612755557E-19 9
 204    4070.00    4090.00  1.664972475781319E-19  1.350673741696244E-19 7
 205    4090.00    4110.00  4.843973430437589E-19  3.708322651115975E-19 5
 206    4110.00    4130.00  1.867401213903046E-18  1.684028994499912E-18 10
 207    4130.00    4150.00  6.091537635324306E-20  4.279610106001790E-20 6
 208    4150.00    4170.00  2.777323490836540E-19  1.672476065525093E-19 5
 209    4170.00    4190.00  2.735650004748265E-19  1.831421469958080E-19 11
 210    4190.00    4210.00  1.935355601951981E-19  1.840633919163383E-19 5
 211    4210.00    4230.00  2.520204890699664E-19  1.667178196588973E-19 7
 212    4230.00    4250.00  7.460535181597041E-20  6.032639524849838E-20 5
 213    4250.00    4270.00  1.028914823803405E-18  1.011974503163251E-18 6
 214    4270.00    4290.00  1.295755180922416E-21  1.295755179670781E-21 1
 215    4290.00    4310.00  4.510961111217002E-20  3.446730075535089E-20 5
 216    4310.00    4330.00  1.616893144036006E-19  1.189082724522359E-19 6
 217    4330.00    4350.00  4.553100377557969E-20  4.019634877568436E-20 4
 218    4350.00    4370.00  9.929179234067057E-20  9.710911879358421E-20 2
 219    4370.00    4390.00  2.787470470926791E-18  2.783642675960387E-18 4
 220    4390.00    4410.00  3.162612951588045E-20  2.784865488260750E-20 5
 221    4410.00    4430.00  3.199423984210582E-19  2.760905025494705E-19 7
 222    4430.00    4450.00  1.043174864837783E-19  1.043045714330663E-19 2
 223    4450.00    4470.00  7.950276991677806E-20  5.881775770324008E-20 6
 224    4470.00    4490.00  1.235787727575250E-21  1.174575749529019E-21 3
 225    4490.00    4510.00  2.385573157886356E-19  2.383648455567883E-19 3
 226    4510.00    4530.00  3.174444834010639E-20  2.746399526866598E-20 3
 227    4530.00    4550.00  1.898293414809574E-20  1.708697814331439E-20 3
 228    4550.00    4570.00  3.028099393392780E-20  3.010138928927715E-20 2
 229    4570.00    4590.00  7.595592447791384E-21  7.322611151635030E-21 2
 230    4590.00    4610.00  9.471489616593648E-21  9.471489607444661E-21 1
 231    4610.00    4630.00  7.275331803374112E-23  7.275331796346502E-23 1
 232    4630.00    4650.00  4.428456561181795E-21  4.428456556904126E-21 1
 233    4650.00    4670.00  3.022943337504154E-22  3.022943334584141E-22 1
 234    4670.00    4690.00  0.000000000000000E+00  0.000000000000000E+00 0
 235    4690.00    4710.00  1.845897465370271E-20  1.287955866237354E-20 3
 236    4710.00    4730.00  0.000000000000000E+00  0.000000000000000E+00 0
 237    4730.00    4750.00  0.000000000000000E+00  0.000000000000000E+00 0
 238    4750.00    4770.00  0.000000000000000E+00  0.000000000000000E+00 0
 239    4770.00    4790.00  4.594649031253085E-21  4.594649026814882E-21 1
 240    4790.00    4810.00  4.590474554816641E-22  4.590474550382470E-22 1
 241    4810.00    4830.00  3.849284558625147E-22  3.849284554906930E-22 1
 242    4830.00    4850.00  3.870187439947180E-21  3.870187436208771E-21 1
 243    4850.00    4870.00  0.000000000000000E+00  0.000000000000000E+00 0
 244    4870.00    4890.00  3.918592597343569E-22  3.918592593558403E-22 1
 245    4890.00    4910.00  0.000000000000000E+00  0.000000000000000E+00 0
 246    4910.00    4930.00  2.444455129336537E-21  2.347439899944578E-21 2
 247    4930.00    4950.00  0.000000000000000E+00  0.000000000000000E+00 0
 248    4950.00    4970.00  0.000000000000000E+00  0.000000000000000E+00 0
 249    4970.00    4990.00  5.256141374795336E-22  5.256141369718164E-22 1
 250    4990.00    5010.00  0.000000000000000E+00  0.000000000000000E+00 0
 251    5010.00    5030.00  0.000000000000000E+00  0.000000000000000E+00 0
 252    5030.00    5050.00  2.977125300544989E-22  2.977125297669234E-22 1
 253    5050.00    5070.00  1.559026809899941E-21  1.559026808393999E-21 1
 254    5070.00    5090.00  0.000000000000000E+00  0.000000000000000E+00 0
 255    5090.00    5110.00  4.656066566775133E-24  4.656066562277604E-24 1
 256    5110.00    5130.00  0.000000000000000E+00  0.000000000000000E+00 0
 257    5130.00    5150.00  0.000000000000000E+00  0.000000000000000E+00 0
 258    5150.00    5170.00  5.015089760107405E-24  5.015089755263078E-24 1
 259    5170.00    5190.00  0.000000000000000E+00  0.000000000000000E+00 0
 260    5190.00    5210.00  0.000000000000000E+00  0.000000000000000E+00 0
 261    5210.00    5230.00  3.530573066483898E-25  3.530573063073540E-25 1
 262    5230.00    5250.00  0.000000000000000E+00  0.000000000000000E+00 0
 263    5250.00    5270.00  0.000000000000000E+00  0.000000000000000E+00 0
 264    5270.00    5290.00  0.000000000000000E+00  0.000000000000000E+00 0
 265    5290.00    5310.00  0.000000000000000E+00  0.000000000000000E+00 0
 266    5310.00    5330.00  0.000000000000000E+00  0.000000000000000E+00 0
 267    5330.00    5350.00  0.000000000000000E+00  0.000000000000000E+00 0
 268    5350.00    5370.00  0.000000000000000E+00  0.000000000000000E+00 0
 269    5370.00    5390.00  0.000000000000000E+00  0.000000000000000E+00 0
 270    5390.00    5410.00  0.000000000000000E+00  0.000000000000000E+00 0
 271    5410.00    5430.00  0.000000000000000E+00  0.000000000000000E+00 0
 272    5430.00    5450.00  0.000000000000000E+00  0.000000000000000E+00 0
 273    5450.00    5470.00  0.000000000000000E+00  0.000000000000000E+00 0
 274    5470.00    5490.00  5.684429078464474E-22  5.684429072973598E-22 1
 275    5490.00    5510.00  0.000000000000000E+00  0.000000000000000E+00 0
 276    5510.00    5530.00  5.630426038214971E-22  5.630426032776260E-22 1
 277    5530.00    5550.00  0.000000000000000E+00  0.000000000000000E+00 0
 278    5550.00    5570.00  0.000000000000000E+00  0.000000000000000E+00 0
 279    5570.00    5590.00  0.000000000000000E+00  0.000000000000000E+00 0
 280    5590.00    5610.00  0.000000000000000E+00  0.000000000000000E+00 0
 281    5610.00    5630.00  0.000000000000000E+00  0.000000000000000E+00 0
 282    5630.00    5650.00  0.000000000000000E+00  0.000000000000000E+00 0
 283    5650.00    5670.00  0.000000000000000E+00  0.000000000000000E+00 0
 284    5670.00    5690.00  0.000000000000000E+00  0.000000000000000E+00 0
 285    5690.00    5710.00  0.000000000000000E+00  0.000000000000000E+00 0
 286    5710.00    5730.00  0.000000000000000E+00  0.000000000000000E+00 0
 287    5730.00    5750.00  0.000000000000000E+00  0.000000000000000E+00 0
 288    5750.00    5770.00  0.000000000000000E+00  0.000000000000000E+00 0
 289    5770.00    5790.00  0.000000000000000E+00  0.000000000000000E+00 0
 290    5790.00    5810.00  0.000000000000000E+00  0.000000000000000E+00 0
 291    5810.00    5830.00  0.000000000000000E+00  0.000000000000000E+00 0
 292    5830.00    5850.00  0.000000000000000E+00  0.000000000000000E+00 0
 293    5850.00    5870.00  0.000000000000000E+00  0.000000000000000E+00 0
 294    5870.00    5890.00  0.000000000000000E+00  0.000000000000000E+00 0
 295    5890.00    5910.00  0.000000000000000E+00  0.000000000000000E+00 0
 296    5910.00    5930.00  0.000000000000000E+00  0.000000000000000E+00 0
 297    5930.00    5950.00  0.000000000000000E+00  0.000000000000000E+00 0
 298    5950.00    5970.00  0.000000000000000E+00  0.000000000000000E+00 0
 299    5970.00    5990.00  0.000000000000000E+00  0.000000000000000E+00 0
 300    5990.00    6010.00  0.000000000000000E+00  0.000000000000000E+00 0
 301    6010.00    6030.00  0.000000000000000E+00  0.000000000000000E+00 0
 302    6030.00    6050.00  0.000000000000000E+00  0.000000000000000E+00 0
 303    6050.00    6070.00  0.000000000000000E+00  0.000000000000000E+00 0
 304    6070.00    6090.00  0.000000000000000E+00  0.000000000000000E+00 0
 305    6090.00    6110.00  0.000000000000000E+00  0.000000000000000E+00 0
 306    6110.00    6130.00  0.000000000000000E+00  0.000000000000000E+00 0
 307    6130.00    6150.00  0.000000000000000E+00  0.000000000000000E+00 0
 308    6150.00    6170.00  0.000000000000000E+00  0.000000000000000E+00 0
 309    6170.00    6190.00  0.000000000000000E+00  0.000000000000000E+00 0
 310    6190.00    6210.00  0.000000000000000E+00  0.000000000000000E+00 0
 311    6210.00    6230.00  0.000000000000000E+00  0.000000000000000E+00 0
 312    6230.00    6250.00  0.000000000000000E+00  0.000000000000000E+00 0
 313    6250.00    6270.00  0.000000000000000E+00  0.000000000000000E+00 0
 314    6270.00    6290.00  0.000000000000000E+00  0.000000000000000E+00 0
 315    6290.00    6310.00  0.000000000000000E+00  0.000000000000000E+00 0
 316    6310.00    6330.00  0.000000000000000E+00  0.000000000000000E+00 0
 317    6330.00    6350.00  0.000000000000000E+00  0.000000000000000E+00 0
 318    6350.00    6370.00  0.000000000000000E+00  0.000000000000000E+00 0
 319    6370.00    6390.00  0.000000000000000E+00  0.000000000000000E+00 0
 320    6390.00    6410.00  0.000000000000000E+00  0.000000000000000E+00 0
 321    6410.00    6430.00  0.000000000000000E+00  0.000000000000000E+00 0
 322    6430.00    6450.00  0.000000000000000E+00  0.000000000000000E+00 0
 323    6450.00    6470.00  0.000000000000000E+00  0.000000000000000E+00 0
 324    6470.00    6490.00  0.000000000000000E+00  0.000000000000000E+00 0
 325    6490.00    6510.00  0.000000000000000E+00  0.000000000000000E+00 0
 326    6510.00    6530.00  0.000000000000000E+00  0.000000000000000E+00 0
 327    6530.00    6550.00  0.000000000000000E+00  0.000000000000000E+00 0
 328    6550.00    6570.00  0.000000000000000E+00  0.000000000000000E+00 0
 329    6570.00    6590.00  0.000000000000000E+00  0.000000000000000E+00 0
 330    6590.00    6610.00  0.000000000000000E+00  0.000000000000000E+00 0
 331    6610.00    6630.00  0.000000000000000E+00  0.000000000000000E+00 0
 332    6630.00    6650.00  0.000000000000000E+00  0.000000000000000E+00 0
 333    6650.00    6670.00  0.000000000000000E+00  0.000000000000000E+00 0
 334    6670.00    6690.00  0.000000000000000E+00  0.000000000000000E+00 0
 335    6690.00    6710.00  0.000000000000000E+00  0.000000000000000E+00 0
 336    6710.00    6730.00  0.000000000000000E+00  0.000000000000000E+00 0
 337    6730.00    6750.00  0.000000000000000E+00  0.000000000000000E+00 0
 338    6750.00    6770.00  0.000000000000000E+00  0.000000000000000E+00 0
 339    6770.00    6790.00  0.000000000000000E+00  0.000000000000000E+00 0
 340    6790.00    6810.00  0.000000000000000E+00  0.000000000000000E+00 0
 341    6810.00    6830.00  0.000000000000000E+00  0.000000000000000E+00 0
 342    6830.00    6850.00  0.000000000000000E+00  0.000000000000000E+00 0
 343    6850.00    6870.00  0.000000000000000E+00  0.000000000000000E+00 0
 344    6870.00    6890.00  0.000000000000000E+00  0.000000000000000E+00 0
 345    6890.00    6910.00  0.000000000000000E+00  0.000000000000000E+00 0
 346    6910.00    6930.00  0.000000000000000E+00  0.000000000000000E+00 0
 347    6930.00    6950.00  0.000000000000000E+00  0.000000000000000E+00 0
 348    6950.00    6970.00  0.000000000000000E+00  0.000000000000000E+00 0
 349    6970.00    6990.00  0.000000000000000E+00  0.000000000000000E+00 0
 350    6990.00    7010.00  0.000000000000000E+00  0.000000000000000E+00 0
 351    7010.00    7030.00  0.000000000000000E+00  0.000000000000000E+00 0
 352    7030.00    7050.00  0.000000000000000E+00  0.000000000000000E+00 0
 353    7050.00    7070.00  0.000000000000000E+00  0.000000000000000E+00 0
 354    7070.00    7090.00  0.000000000000000E+00  0.000000000000000E+00 0
 355    7090.00    7110.00  0.000000000000000E+00  0.000000000000000E+00 0
 356    7110.00    7130.00  0.000000000000000E+00  0.000000000000000E+00 0
 357    7130.00    7150.00  0.000000000000000E+00  0.000000000000000E+00 0
 358    7150.00    7170.00  0.000000000000000E+00  0.000000000000000E+00 0
 359    7170.00    7190.00  0.000000000000000E+00  0.000000000000000E+00 0
 360    7190.00    7210.00  0.000000000000000E+00  0.000000000000000E+00 0
 361    7210.00    7230.00  0.000000000000000E+00  0.000000000000000E+00 0
 362    7230.00    7250.00  0.000000000000000E+00  0.000000000000000E+00 0
 363    7250.00    7270.00  0.000000000000000E+00  0.000000000000000E+00 0
 364    7270.00    7290.00  0.000000000000000E+00  0.000000000000000E+00 0
 365    7290.00    7310.00  0.000000000000000E+00  0.000000000000000E+00 0
 366    7310.00    7330.00  0.000000000000000E+00  0.000000000000000E+00 0
 367    7330.00    7350.00  0.000000000000000E+00  0.000000000000000E+00 0
 368    7350.00    7370.00  0.000000000000000E+00  0.000000000000000E+00 0
 369    7370.00    7390.00  0.000000000000000E+00  0.000000000000000E+00 0
 370    7390.00    7410.00  0.000000000000000E+00  0.000000000000000E+00 0
 371    7410.00    7430.00  0.000000000000000E+00  0.000000000000000E+00 0
 372    7430.00    7450.00  0.000000000000000E+00  0.000000000000000E+00 0
 373    7450.00    7470.00  0.000000000000000E+00  0.000000000000000E+00 0
 374    7470.00    7490.00  0.000000000000000E+00  0.000000000000000E+00 0
 375    7490.00    7510.00  0.000000000000000E+00  0.000000000000000E+00 0
 376    7510.00    7530.00  0.000000000000000E+00  0.000000000000000E+00 0
 377    7530.00    7550.00  0.000000000000000E+00  0.000000000000000E+00 0
 378    7550.00    7570.00  0.000000000000000E+00  0.000000000000000E+00 0
 379    7570.00    7590.00  0.000000000000000E+00  0.000000000000000E+00 0
 380    7590.00    7610.00  0.000000000000000E+00  0.000000000000000E+00 0
 381    7610.00    7630.00  0.000000000000000E+00  0.000000000000000E+00 0
 382    7630.00    7650.00  0.000000000000000E+00  0.000000000000000E+00 0
 383    7650.00    7670.00  0.000000000000000E+00  0.000000000000000E+00 0
 384    7670.00    7690.00  0.000000000000000E+00  0.000000000000000E+00 0
 385    7690.00    7710.00  0.000000000000000E+00  0.000000000000000E+00 0
 386    7710.00    7730.00  0.000000000000000E+00  0.000000000000000E+00 0
 387    7730.00    7750.00  0.000000000000000E+00  0.000000000000000E+00 0
 388    7750.00    7770.00  0.000000000000000E+00  0.000000000000000E+00 0
 389    7770.00    7790.00  0.000000000000000E+00  0.000000000000000E+00 0
 390    7790.00    7810.00  0.000000000000000E+00  0.000000000000000E+00 0
 391    7810.00    7830.00  0.000000000000000E+00  0.000000000000000E+00 0
 392    7830.00    7850.00  0.000000000000000E+00  0.000000000000000E+00 0
 393    7850.00    7870.00  0.000000000000000E+00  0.000000000000000E+00 0
 394    7870.00    7890.00  0.000000000000000E+00  0.000000000000000E+00 0
 395    7890.00    7910.00  0.000000000000000E+00  0.000000000000000E+00 0
 396    7910.00    7930.00  0.000000000000000E+00  0.000000000000000E+00 0
 397    7930.00    7950.00  0.000000000000000E+00  0.000000000000000E+00 0
 398    7950.00    7970.00  0.000000000000000E+00  0.000000000000000E+00 0
 399    7970.00    7990.00  0.000000000000000E+00  0.000000000000000E+00 0
 400    7990.00    8010.00  0.000000000000000E+00  0.000000000000000E+00 0
 401    8010.00    8030.00  0.000000000000000E+00  0.000000000000000E+00 0
 402    8030.00    8050.00  0.000000000000000E+00  0.000000000000000E+00 0
 403    8050.00    8070.00  0.000000000000000E+00  0.000000000000000E+00 0
 404    8070.00    8090.00  0.000000000000000E+00  0.000000000000000E+00 0
 405    8090.00    8110.00  0.000000000000000E+00  0.000000000000000E+00 0
 406    8110.00    8130.00  0.000000000000000E+00  0.000000000000000E+00 0
 407    8130.00    8150.00  0.000000000000000E+00  0.000000000000000E+00 0
 408    8150.00    8170.00  0.000000000000000E+00  0.000000000000000E+00 0
 409    8170.00    8190.00  0.000000000000000E+00  0.000000000000000E+00 0
 410    8190.00    8210.00  0.000000000000000E+00  0.000000000000000E+00 0
 411    8210.00    8230.00  0.000000000000000E+00  0.000000000000000E+00 0
 412    8230.00    8250.00  0.000000000000000E+00  0.000000000000000E+00 0
 413    8250.00    8270.00  0.000000000000000E+00  0.000000000000000E+00 0
 414    8270.00    8290.00  0.000000000000000E+00  0.000000000000000E+00 0
 415    8290.00    8310.00  0.000000000000000E+00  0.000000000000000E+00 0
 416    8310.00    8330.00  0.000000000000000E+00  0.000000000000000E+00 0
 417    8330.00    8350.00  0.000000000000000E+00  0.000000000000000E+00 0
 418    8350.00    8370.00  0.000000000000000E+00  0.000000000000000E+00 0
 419    8370.00    8390.00  0.000000000000000E+00  0.000000000000000E+00 0
 420    8390.00    8410.00  0.000000000000000E+00  0.000000000000000E+00 0
 421    8410.00    8430.00  0.000000000000000E+00  0.000000000000000E+00 0
 422    8430.00    8450.00  0.000000000000000E+00  0.000000000000000E+00 0
 423    8450.00    8470.00  0.000000000000000E+00  0.000000000000000E+00 0
 424    8470.00    8490.00  0.000000000000000E+00  0.000000000000000E+00 0
 425    8490.00    8510.00  0.000000000000000E+00  0.000000000000000E+00 0
 426    8510.00    8530.00  0.000000000000000E+00  0.000000000000000E+00 0
 427    8530.00    8550.00  0.000000000000000E+00  0.000000000000000E+00 0
 428    8550.00    8570.00  0.000000000000000E+00  0.000000000000000E+00 0
 429    8570.00    8590.00  0.000000000000000E+00  0.000000000000000E+00 0
 430    8590.00    8610.00  0.000000000000000E+00  0.000000000000000E+00 0
 431    8610.00    8630.00  0.000000000000000E+00  0.000000000000000E+00 0
 432    8630.00    8650.00  0.000000000000000E+00  0.000000000000000E+00 0
 433    8650.00    8670.00  0.000000000000000E+00  0.000000000000000E+00 0
 434    8670.00    8690.00  0.000000000000000E+00  0.000000000000000E+00 0
 435    8690.00    8710.00  0.000000000000000E+00  0.000000000000000E+00 0
 436    8710.00    8730.00  0.000000000000000E+00  0.000000000000000E+00 0
 437    8730.00    8750.00  0.000000000000000E+00  0.000000000000000E+00 0
 438    8750.00    8770.00  0.000000000000000E+00  0.000000000000000E+00 0
 439    8770.00    8790.00  0.000000000000000E+00  0.000000000000000E+00 0
 440    8790.00    8810.00  0.000000000000000E+00  0.000000000000000E+00 0
 441    8810.00    8830.00  0.000000000000000E+00  0.000000000000000E+00 0
 442    8830.00    8850.00  0.000000000000000E+00  0.000000000000000E+00 0
 443    8850.00    8870.00  0.000000000000000E+00  0.000000000000000E+00 0
 444    8870.00    8890.00  0.000000000000000E+00  0.000000000000000E+00 0
 445    8890.00    8910.00  0.000000000000000E+00  0.000000000000000E+00 0
 446    8910.00    8930.00  0.000000000000000E+00  0.000000000000000E+00 0
 447    8930.00    8950.00  0.000000000000000E+00  0.000000000000000E+00 0
 448    8950.00    8970.00  0.000000000000000E+00  0.000000000000000E+00 0
 449    8970.00    8990.00  0.000000000000000E+00  0.000000000000000E+00 0
 450    8990.00    9010.00  0.000000000000000E+00  0.000000000000000E+00 0
 451    9010.00    9030.00  0.000000000000000E+00  0.000000000000000E+00 0
 452    9030.00    9050.00  0.000000000000000E+00  0.000000000000000E+00 0
 453    9050.00    9070.00  0.000000000000000E+00  0.000000000000000E+00 0
 454    9070.00    9090.00  0.000000000000000E+00  0.000000000000000E+00 0
 455    9090.00    9110.00  0.000000000000000E+00  0.000000000000000E+00 0
 456    9110.00    9130.00  0.000000000000000E+00  0.000000000000000E+00 0
 457    9130.00    9150.00  0.000000000000000E+00  0.000000000000000E+00 0
 458    9150.00    9170.00  0.000000000000000E+00  0.000000000000000E+00 0
 459    9170.00    9190.00  0.000000000000000E+00  0.000000000000000E+00 0
 460    9190.00    9210.00  0.000000000000000E+00  0.000000000000000E+00 0
 461    9210.00    9230.00  0.000000000000000E+00  0.000000000000000E+00 0
 462    9230.00    9250.00  0.000000000000000E+00  0.000000000000000E+00 0
 463    9250.00    9270.00  0.000000000000000E+00  0.000000000000000E+00 0
 464    9270.00    9290.00  0.000000000000000E+00  0.000000000000000E+00 0
 465    9290.00    9310.00  0.000000000000000E+00  0.000000000000000E+00 0
 466    9310.00    9330.00  0.000000000000000E+00  0.000000000000000E+00 0
 467    9330.00    9350.00  0.000000000000000E+00  0.000000000000000E+00 0
 468    9350.00    9370.00  0.000000000000000E+00  0.000000000000000E+00 0
 469    9370.00    9390.00  0.000000000000000E+00  0.000000000000000E+00 0
 470    9390.00    9410.00  0.000000000000000E+00  0.000000000000000E+00 0
 471    9410.00    9430.00  0.000000000000000E+00  0.000000000000000E+00 0
 472    9430.00    9450.00  0.000000000000000E+00  0.000000000000000E+00 0
 473    9450.00    9470.00  0.000000000000000E+00  0.000000000000000E+00 0
 474    9470.00    9490.00  0.000000000000000E+00  0.000000000000000E+00 0
 475    9490.00    9510.00  0.000000000000000E+00  0.000000000000000E+00 0
 476    9510.00    9530.00  0.000000000000000E+00  0.000000000000000E+00 0
 477    9530.00    9550.00  0.000000000000000E+00  0.000000000000000E+00 0
 478    9550.00    9570.00  0.000000000000000E+00  0.000000000000000E+00 0
 479    9570.00    9590.00  0.000000000000000E+00  0.000000000000000E+00 0
 480    9590.00    9610.00  0.000000000000000E+00  0.000000000000000E+00 0
 481    9610.00    9630.00  0.000000000000000E+00  0.000000000000000E+00 0
 482    9630.00    9650.00  0.000000000000000E+00  0.000000000000000E+00 0
 483    9650.00    9670.00  0.000000000000000E+00  0.000000000000000E+00 0
 484    9670.00    9690.00  0.000000000000000E+00  0.000000000000000E+00 0
 485    9690.00    9710.00  0.000000000000000E+00  0.000000000000000E+00 0
 486    9710.00    9730.00  0.000000000000000E+00  0.000000000000000E+00 0
 487    9730.00    9750.00  0.000000000000000E+00  0.000000000000000E+00 0
 488    9750.00    9770.00  0.000000000000000E+00  0.000000000000000E+00 0
 489    9770.00    9790.00  0.000000000000000E+00  0.000000000000000E+00 0
 490    9790.00    9810.00  0.000000000000000E+00  0.000000000000000E+00 0
 491    9810.00    9830.00  0.000000000000000E+00  0.000000000000000E+00 0
 492    9830.00    9850.00  0.000000000000000E+00  0.000000000000000E+00 0
 493    9850.00    9870.00  0.000000000000000E+00  0.000000000000000E+00 0
 494    9870.00    9890.00  0.000000000000000E+00  0.000000000000000E+00 0
 495    9890.00    9910.00  0.000000000000000E+00  0.000000000000000E+00 0
 496    9910.00    9930.00  0.000000000000000E+00  0.000000000000000E+00 0
 497    9930.00    9950.00  0.000000000000000E+00  0.000000000000000E+00 0
 498    9950.00    9970.00  0.000000000000000E+00  0.000000000000000E+00 0
 499    9970.00    9990.00  0.000000000000000E+00  0.000000000000000E+00 0
 500    9990.00   10010.00  0.000000000000000E+00  0.000000000000000E+00 0
 501   10010.00   10030.00  0.000000000000000E+00  0.000000000000000E+00 0
 502   10030.00   10050.00  0.000000000000000E+00  0.000000000000000E+00 0
 503   10050.00   10070.00  0.000000000000000E+00  0.000000000000000E+00 0
 504   10070.00   10090.00  0.000000000000000E+00  0.000000000000000E+00 0
 505   10090.00   10110.00  0.000000000000000E+00  0.000000000000000E+00 0
 506   10110.00   10130.00  0.000000000000000E+00  0.000000000000000E+00 0
 507   10130.00   10150.00  0.000000000000000E+00  0.000000000000000E+00 0
 508   10150.00   10170.00  0.000000000000000E+00  0.000000000000000E+00 0
 509   10170.00   10190.00  0.000000000000000E+00  0.000000000000000E+00 0
 510   10190.00   10210.00  0.000000000000000E+00  0.000000000000000E+00 0
 511   10210.00   10230.00  0.000000000000000E+00  0.000000000000000E+00 0
 512   10230.00   10250.00  0.000000000000000E+00  0.000000000000000E+00 0
 513   10250.00   10270.00  0.000000000000000E+00  0.000000000000000E+00 0
 514   10270.00   10290.00  0.000000000000000E+00  0.000000000000000E+00 0
 515   10290.00   10310.00  0.000000000000000E+00  0.000000000000000E+00 0
 516   10310.00   10330.00  0.000000000000000E+00  0.000000000000000E+00 0
 517   10330.00   10350.00  0.000000000000000E+00  0.000000000000000E+00 0
 518   10350.00   10370.00  0.000000000000000E+00  0.000000000000000E+00 0
 519   10370.00   10390.00  0.000000000000000E+00  0.000000000000000E+00 0
 520   10390.00   10410.00  0.000000000000000E+00  0.000000000000000E+00 0
 521   10410.00   10430.00  0.000000000000000E+00  0.000000000000000E+00 0
 522   10430.00   10450.00  0.000000000000000E+00  0.000000000000000E+00 0
 523   10450.00   10470.00  0.000000000000000E+00  0.000000000000000E+00 0
 524   10470.00   10490.00  0.000000000000000E+00  0.000000000000000E+00 0
 525   10490.00   10510.00  0.000000000000000E+00  0.000000000000000E+00 0
 526   10510.00   10530.00  0.000000000000000E+00  0.000000000000000E+00 0
 527   10530.00   10550.00  0.000000000000000E+00  0.000000000000000E+00 0
 528   10550.00   10570.00  0.000000000000000E+00  0.000000000000000E+00 0
 529   10570.00   10590.00  0.000000000000000E+00  0.000000000000000E+00 0
 530   10590.00   10610.00  0.000000000000000E+00  0.000000000000000E+00 0
 531   10610.00   10630.00  0.000000000000000E+00  0.000000000000000E+00 0
 532   10630.00   10650.00  0.000000000000000E+00  0.000000000000000E+00 0
 533   10650.00   10670.00  0.000000000000000E+00  0.000000000000000E+00 0
 534   10670.00   10690.00  0.000000000000000E+00  0.000000000000000E+00 0
 535   10690.00   10710.00  0.000000000000000E+00  0.000000000000000E+00 0
 536   10710.00   10730.00  0.000000000000000E+00  0.000000000000000E+00 0
 537   10730.00   10750.00  0.000000000000000E+00  0.000000000000000E+00 0
 538   10750.00   10770.00  0.000000000000000E+00  0.000000000000000E+00 0
 539   10770.00   10790.00  0.000000000000000E+00  0.000000000000000E+00 0
 540   10790.00   10810.00  0.000000000000000E+00  0.000000000000000E+00 0
 541   10810.00   10830.00  0.000000000000000E+00  0.000000000000000E+00 0
 542   10830.00   10850.00  0.000000000000000E+00  0.000000000000000E+00 0
 543   10850.00   10870.00  0.000000000000000E+00  0.000000000000000E+00 0
 544   10870.00   10890.00  0.000000000000000E+00  0.000000000000000E+00 0
 545   10890.00   10910.00  0.000000000000000E+00  0.000000000000000E+00 0
 546   10910.00   10930.00  0.000000000000000E+00  0.000000000000000E+00 0
 547   10930.00   10950.00  0.000000000000000E+00  0.000000000000000E+00 0
 548   10950.00   10970.00  0.000000000000000E+00  0.000000000000000E+00 0
 549   10970.00   10990.00  0.000000000000000E+00  0.000000000000000E+00 0
 550   10990.00   11010.00  0.000000000000000E+00  0.000000000000000E+00 0
 551   11010.00   11030.00  0.000000000000000E+00  0.000000000000000E+00 0
 552   11030.00   11050.00  0.000000000000000E+00  0.000000000000000E+00 0
 553   11050.00   11070.00  0.000000000000000E+00  0.000000000000000E+00 0
 554   11070.00   11090.00  0.000000000000000E+00  0.000000000000000E+00 0
 555   11090.00   11110.00  0.000000000000000E+00  0.000000000000000E+00 0
 556   11110.00   11130.00  0.000000000000000E+00  0.000000000000000E+00 0
 557   11130.00   11150.00  0.000000000000000E+00  0.000000000000000E+00 0
 558   11150.00   11170.00  0.000000000000000E+00  0.000000000000000E+00 0
 559   11170.00   11190.00  0.000000000000000E+00  0.000000000000000E+00 0
 560   11190.00   11210.00  0.000000000000000E+00  0.000000000000000E+00 0
 561   11210.00   11230.00  0.000000000000000E+00  0.000000000000000E+00 0
 562   11230.00   11250.00  0.000000000000000E+00  0.000000000000000E+00 0
 563   11250.00   11270.00  0.000000000000000E+00  0.000000000000000E+00 0
 564   11270.00   11290.00  0.000000000000000E+00  0.000000000000000E+00 0
 565   11290.00   11310.00  0.000000000000000E+00  0.000000000000000E+00 0
 566   11310.00   11330.00  0.000000000000000E+00  0.000000000000000E+00 0
 567   11330.00   11350.00  0.000000000000000E+00  0.000000000000000E+00 0
 568   11350.00   11370.00  0.000000000000000E+00  0.000000000000000E+00 0
 569   11370.00   11390.00  0.000000000000000E+00  0.000000000000000E+00 0
 570   11390.00   11410.00  0.000000000000000E+00  0.000000000000000E+00 0
 571   11410.00   11430.00  0.000000000000000E+00  0.000000000000000E+00 0
 572   11430.00   11450.00  0.000000000000000E+00  0.000000000000000E+00 0
 573   11450.00   11470.00  0.000000000000000E+00  0.000000000000000E+00 0
 574   11470.00   11490.00  0.000000000000000E+00  0.000000000000000E+00 0
 575   11490.00   11510.00  0.000000000000000E+00  0.000000000000000E+00 0
 576   11510.00   11530.00  0.000000000000000E+00  0.000000000000000E+00 0
 577   11530.00   11550.00  0.000000000000000E+00  0.000000000000000E+00 0
 578   11550.00   11570.00  0.000000000000000E+00  0.000000000000000E+00 0
 579   11570.00   11590.00  0.000000000000000E+00  0.000000000000000E+00 0
 580   11590.00   11610.00  0.000000000000000E+00  0.000000000000000E+00 0
 581   11610.00   11630.00  0.000000000000000E+00  0.000000000000000E+00 0
 582   11630.00   11650.00  0.000000000000000E+00  0.000000000000000E+00 0
 583   11650.00   11670.00  0.000000000000000E+00  0.000000000000000E+00 0
 584   11670.00   11690.00  0.000000000000000E+00  0.000000000000000E+00 0
 585   11690.00   11710.00  0.000000000000000E+00  0.000000000000000E+00 0
 586   11710.00   11730.00  0.000000000000000E+00  0.000000000000000E+00 0
 587   11730.00   11750.00  0.000000000000000E+00  0.000000000000000E+00 0
 588   11750.00   11770.00  0.000000000000000E+00  0.000000000000000E+00 0
 589   11770.00   11790.00  0.000000000000000E+00  0.000000000000000E+00 0
 590   11790.00   11810.00  0.000000000000000E+00  0.000000000000000E+00 0
 591   11810.00   11830.00  0.000000000000000E+00  0.000000000000000E+00 0
 592   11830.00   11850.00  0.000000000000000E+00  0.000000000000000E+00 0
 593   11850.00   11870.00  0.000000000000000E+00  0.000000000000000E+00 0
 594   11870.00   11890.00  0.000000000000000E+00  0.000000000000000E+00 0
 595   11890.00   11910.00  0.000000000000000E+00  0.000000000000000E+00 0
 596   11910.00   11930.00  0.000000000000000E+00  0.000000000000000E+00 0
 597   11930.00   11950.00  0.000000000000000E+00  0.000000000000000E+00 0
 598   11950.00   11970.00  0.000000000000000E+00  0.000000000000000E+00 0
 599   11970.00   11990.00  0.000000000000000E+00  0.000000000000000E+00 0
 600   11990.00   12010.00  0.000000000000000E+00  0.000000000000000E+00 0
 601   12010.00   12030.00  0.000000000000000E+00  0.000000000000000E+00 0
 602   12030.00   12050.00  0.000000000000000E+00  0.000000000000000E+00 0
 603   12050.00   12070.00  0.000000000000000E+00  0.000000000000000E+00 0
 604   12070.00   12090.00  0.000000000000000E+00  0.000000000000000E+00 0
 605   12090.00   12110.00  0.000000000000000E+00  0.000000000000000E+00 0
 606   12110.00   12130.00  0.000000000000000E+00  0.000000000000000E+00 0
 607   12130.00   12150.00  0.000000000000000E+00  0.000000000000000E+00 0
 608   12150.00   12170.00  0.000000000000000E+00  0.000000000000000E+00 0
 609   12170.00   12190.00  0.000000000000000E+00  0.000000000000000E+00 0
 610   12190.00   12210.00  0.000000000000000E+00  0.000000000000000E+00 0
 611   12210.00   12230.00  0.000000000000000E+00  0.000000000000000E+00 0
 612   12230.00   12250.00  0.000000000000000E+00  0.000000000000000E+00 0
 613   12250.00   12270.00  0.000000000000000E+00  0.000000000000000E+00 0
 614   12270.00   12290.00  0.000000000000000E+00  0.000000000000000E+00 0
 615   12290.00   12310.00  0.000000000000000E+00  0.000000000000000E+00 0
 616   12310.00   12330.00  0.000000000000000E+00  0.000000000000000E+00 0
 617   12330.00   12350.00  0.000000000000000E+00  0.000000000000000E+00 0
 618   12350.00   12370.00  0.000000000000000E+00  0.000000000000000E+00 0
 619   12370.00   12390.00  0.000000000000000E+00  0.000000000000000E+00 0
 620   12390.00   12410.00  0.000000000000000E+00  0.000000000000000E+00 0
 621   12410.00   12430.00  0.000000000000000E+00  0.000000000000000E+00 0
 622   12430.00   12450.00  0.000000000000000E+00  0.000000000000000E+00 0
 623   12450.00   12470.00  0.000000000000000E+00  0.000000000000000E+00 0
 624   12470.00   12490.00  0.000000000000000E+00  0.000000000000000E+00 0
 625   12490.00   12510.00  0.000000000000000E+00  0.000000000000000E+00 0
 626   12510.00   12530.00  0.000000000000000E+00  0.000000000000000E+00 0
 627   12530.00   12550.00  0.000000000000000E+00  0.000000000000000E+00 0
 628   12550.00   12570.00  0.000000000000000E+00  0.000000000000000E+00 0
 629   12570.00   12590.00  0.000000000000000E+00  0.000000000000000E+00 0
 630   12590.00   12610.00  0.000000000000000E+00  0.000000000000000E+00 0
 631   12610.00   12630.00  0.000000000000000E+00  0.000000000000000E+00 0
 632   12630.00   12650.00  0.000000000000000E+00  0.000000000000000E+00 0
 633   12650.00   12670.00  0.000000000000000E+00  0.000000000000000E+00 0
 634   12670.00   12690.00  0.000000000000000E+00  0.000000000000000E+00 0
 635   12690.00   12710.00  0.000000000000000E+00  0.000000000000000E+00 0
 636   12710.00   12730.00  0.000000000000000E+00  0.000000000000000E+00 0
 637   12730.00   12750.00  0.000000000000000E+00  0.000000000000000E+00 0
 638   12750.00   12770.00  0.000000000000000E+00  0.000000000000000E+00 0
 639   12770.00   12790.00  0.000000000000000E+00  0.000000000000000E+00 0
 640   12790.00   12810.00  0.000000000000000E+00  0.000000000000000E+00 0
 641   12810.00   12830.00  0.000000000000000E+00  0.000000000000000E+00 0
 642   12830.00   12850.00  0.000000000000000E+00  0.000000000000000E+00 0
 643   12850.00   12870.00  0.000000000000000E+00  0.000000000000000E+00 0
 644   12870.00   12890.00  0.000000000000000E+00  0.000000000000000E+00 0
 645   12890.00   12910.00  0.000000000000000E+00  0.000000000000000E+00 0
 646   12910.00   12930.00  0.000000000000000E+00  0.000000000000000E+00 0
 647   12930.00   12950.00  0.000000000000000E+00  0.000000000000000E+00 0
 648   12950.00   12970.00  0.000000000000000E+00  0.000000000000000E+00 0
 649   12970.00   12990.00  0.000000000000000E+00  0.000000000000000E+00 0
 650   12990.00   13010.00  0.000000000000000E+00  0.000000000000000E+00 0
# Underflow:                 7.3978006991385147E-07  2.2048699265237871E-09 1424233
# Overflow:                  0.0000000000000000E+00  0.0000000000000000E+00 0
#-------------------------------------------------------------------------------------
# Sum:                       3.0470229808143384E-04  1.8371761767362550E-07 42479000
#=====================================================================================
