# title = W boson Transverse Momentum
# xlabel = $p_{\text{T},\text{W}}\,$[GeV]
# ylabel = $\frac{\text{d}\sigma}{\text{d}p_{\text{T},\text{W}}}\,\left[\frac{\text{fb}}{\text{GeV}}\right]$
# xmin=  0.000E+00
# xmax=  8.000E+02
# ymin=  1.000E-06
# ymax=  1.000E-02
# kmin= -5.000E+01
# kmax=  1.000E+01
# logscale = true
# Renormalization and factorization scale scaled by: .5000000000
# Renormalization scaled by: .5000000000
# Number of generated events: 1694941002
#
#=====================================================================================
# No.       Left      Right                   Value                   Error Hits
#-------------------------------------------------------------------------------------
   1       0.00      20.00  5.481067296400169E-04  6.844910026559462E-07 100553798
   2      20.00      40.00  1.373606104304124E-03  9.712468605954642E-07 173912661
   3      40.00      60.00  1.672403917175574E-03  1.131928755719931E-06 187934405
   4      60.00      80.00  1.582922973843289E-03  1.088511925472055E-06 176604919
   5      80.00     100.00  1.396663271466880E-03  9.731498572907682E-07 160246811
   6     100.00     120.00  1.195913202964892E-03  9.852925018648654E-07 142235331
   7     120.00     140.00  1.002746085176125E-03  8.871294298495753E-07 124427981
   8     140.00     160.00  8.305601131419204E-04  7.603258543675240E-07 108060879
   9     160.00     180.00  6.856511386247501E-04  7.251275153096994E-07 93708241
  10     180.00     200.00  5.660240009131062E-04  6.371305691289494E-07 81373999
  11     200.00     220.00  4.663657762349986E-04  5.582266259138415E-07 70900342
  12     220.00     240.00  3.852537780236238E-04  4.999353844236838E-07 62050437
  13     240.00     260.00  3.190419444225186E-04  4.426301088164543E-07 54566122
  14     260.00     280.00  2.647728723859856E-04  4.089990422446815E-07 48235329
  15     280.00     300.00  2.199361688691779E-04  3.727221159925400E-07 42843730
  16     300.00     320.00  1.836111376567975E-04  3.254476844916225E-07 38229438
  17     320.00     340.00  1.533051101956608E-04  2.987676389947282E-07 34264771
  18     340.00     360.00  1.283142694487858E-04  2.637798349349909E-07 30853926
  19     360.00     380.00  1.082721009892433E-04  2.413014279759207E-07 27877173
  20     380.00     400.00  9.118316692210960E-05  2.190412940614972E-07 25285413
  21     400.00     420.00  7.733846751167923E-05  2.008665852999273E-07 23008619
  22     420.00     440.00  6.541254238228178E-05  1.867324940317944E-07 21013196
  23     440.00     460.00  5.552829349093888E-05  1.689818124226171E-07 19242377
  24     460.00     480.00  4.720805235016318E-05  1.589379471694565E-07 17662669
  25     480.00     500.00  4.016309495003616E-05  1.338191526576453E-07 16254548
  26     500.00     520.00  3.450205559281645E-05  1.234780483084808E-07 14987279
  27     520.00     540.00  2.951760284024080E-05  1.150542750282072E-07 13853892
  28     540.00     560.00  2.522051595041617E-05  1.032937734793700E-07 12834922
  29     560.00     580.00  2.176956148822604E-05  9.647143631517794E-08 11911864
  30     580.00     600.00  1.886693301760975E-05  8.709148130191261E-08 11074170
  31     600.00     620.00  1.616606095704427E-05  7.885483534622559E-08 10314544
  32     620.00     640.00  1.416109792773253E-05  7.432517861999980E-08 9606825
  33     640.00     660.00  1.225582386310554E-05  6.537633216181462E-08 8973961
  34     660.00     680.00  1.067706403361698E-05  6.089694564205296E-08 8393663
  35     680.00     700.00  9.209024358146928E-06  5.407537487014661E-08 7859114
  36     700.00     720.00  8.018837512920311E-06  4.943865312131156E-08 7363466
  37     720.00     740.00  7.075934548068762E-06  4.979336378806120E-08 6912734
  38     740.00     760.00  6.140219274449763E-06  4.346638635327323E-08 6499120
  39     760.00     780.00  5.354790853505600E-06  4.119666432071783E-08 6107657
  40     780.00     800.00  4.703058578489752E-06  3.876694587041491E-08 5743440
  41     800.00     820.00  4.154339716682739E-06  3.358958420820856E-08 5416072
  42     820.00     840.00  3.652137926092039E-06  2.971319140280033E-08 5107398
  43     840.00     860.00  3.190641360220037E-06  2.755401507693929E-08 4820856
  44     860.00     880.00  2.818130720726965E-06  2.436096581835547E-08 4550393
  45     880.00     900.00  2.502033542429150E-06  2.302003798703017E-08 4302132
  46     900.00     920.00  2.228754733877528E-06  2.389173039923077E-08 4071433
  47     920.00     940.00  1.987795575125669E-06  2.115699831865283E-08 3855927
  48     940.00     960.00  1.720160882270269E-06  1.849986175681850E-08 3652771
  49     960.00     980.00  1.542085883996690E-06  1.752323537000646E-08 3459554
  50     980.00    1000.00  1.400013439500456E-06  1.667430584174666E-08 3284161
  51    1000.00    1020.00  1.229781178598731E-06  1.531385556396924E-08 3114436
  52    1020.00    1040.00  1.047502956965849E-06  1.287981855490977E-08 2956800
  53    1040.00    1060.00  9.490021284291322E-07  1.197757256466560E-08 2814260
  54    1060.00    1080.00  8.447850143831379E-07  1.113385922190793E-08 2674965
  55    1080.00    1100.00  7.584826392645839E-07  1.120001669110934E-08 2543031
  56    1100.00    1120.00  6.820033004398856E-07  9.994705866706336E-09 2422678
  57    1120.00    1140.00  6.162694000773553E-07  9.401562987775047E-09 2308194
  58    1140.00    1160.00  5.484688104705622E-07  9.511349715567148E-09 2198360
  59    1160.00    1180.00  4.833819777692344E-07  7.775899481300886E-09 2096506
  60    1180.00    1200.00  4.321585647890053E-07  7.335341372383538E-09 1999796
  61    1200.00    1220.00  3.846830922216721E-07  6.312023401162848E-09 1909563
  62    1220.00    1240.00  3.611750102521794E-07  6.718586739088448E-09 1822250
  63    1240.00    1260.00  3.023398324625307E-07  5.411581188782193E-09 1740651
  64    1260.00    1280.00  2.797099422209410E-07  5.239251343071061E-09 1662608
  65    1280.00    1300.00  2.494159003757176E-07  4.728839287411568E-09 1589157
  66    1300.00    1320.00  2.335000875910816E-07  4.966258933831861E-09 1517319
  67    1320.00    1340.00  2.035382442574805E-07  4.038810738463237E-09 1456904
  68    1340.00    1360.00  1.868417479211811E-07  4.055133991644149E-09 1388630
  69    1360.00    1380.00  1.649796395218772E-07  3.736068652445603E-09 1329357
  70    1380.00    1400.00  1.493064113014063E-07  3.323502176451959E-09 1273722
  71    1400.00    1420.00  1.352288542210094E-07  3.209992727259661E-09 1220181
  72    1420.00    1440.00  1.188882921981091E-07  2.833665015699619E-09 1169345
  73    1440.00    1460.00  1.072270277448998E-07  2.607362967986495E-09 1121902
  74    1460.00    1480.00  9.733045220176212E-08  2.309516035573434E-09 1076381
  75    1480.00    1500.00  8.832541238825606E-08  2.147449562445404E-09 1030117
  76    1500.00    1520.00  8.398623852487041E-08  2.323663080108642E-09 987230
  77    1520.00    1540.00  7.827927212599008E-08  2.573284410177649E-09 949600
  78    1540.00    1560.00  6.754931073805870E-08  1.985582657938182E-09 911112
  79    1560.00    1580.00  5.695142368352052E-08  1.687211849191230E-09 874175
  80    1580.00    1600.00  5.289198702529379E-08  1.780692758099507E-09 838197
  81    1600.00    1620.00  4.893873605417083E-08  1.655158251115586E-09 806629
  82    1620.00    1640.00  4.233571454576656E-08  1.355027087497459E-09 774215
  83    1640.00    1660.00  3.943241048756827E-08  1.163818381862489E-09 745090
  84    1660.00    1680.00  3.412564401028658E-08  1.133360840534090E-09 714899
  85    1680.00    1700.00  3.189414365410645E-08  1.135174878966475E-09 687511
  86    1700.00    1720.00  2.843038947107602E-08  1.015755028729071E-09 662129
  87    1720.00    1740.00  2.520968072302443E-08  9.106708378844052E-10 635883
  88    1740.00    1760.00  2.364174390677876E-08  8.323480077782677E-10 611101
  89    1760.00    1780.00  2.128481903208577E-08  7.897400278544478E-10 588912
  90    1780.00    1800.00  1.953314908094662E-08  7.575824101453685E-10 566468
  91    1800.00    1820.00  1.905387514590521E-08  1.156889432760101E-09 543369
  92    1820.00    1840.00  1.637628525210394E-08  6.611695425477816E-10 525817
  93    1840.00    1860.00  1.495253411182672E-08  6.472614901496665E-10 505654
  94    1860.00    1880.00  1.283241870070869E-08  5.072098583829485E-10 486959
  95    1880.00    1900.00  1.155631598318060E-08  5.387314262069696E-10 467775
  96    1900.00    1920.00  1.086995915080468E-08  4.577025678962129E-10 450356
  97    1920.00    1940.00  9.662953549227634E-09  4.069278289518175E-10 435751
  98    1940.00    1960.00  9.524000177377537E-09  4.723419908250024E-10 418909
  99    1960.00    1980.00  8.650114390699159E-09  4.410942715114848E-10 403957
 100    1980.00    2000.00  8.065846365881106E-09  5.175246163640171E-10 389886
 101    2000.00    2020.00  6.818127864926208E-09  3.281505494219251E-10 374764
 102    2020.00    2040.00  6.516398269183281E-09  3.779830491422475E-10 363024
 103    2040.00    2060.00  5.608498962512553E-09  3.489050278099092E-10 347836
 104    2060.00    2080.00  4.963373655784741E-09  2.503110590937096E-10 337157
 105    2080.00    2100.00  4.727047006178478E-09  2.688008589925014E-10 323629
 106    2100.00    2120.00  4.564602011388779E-09  2.670041041990247E-10 311924
 107    2120.00    2140.00  3.835516818853590E-09  2.261375401064532E-10 300659
 108    2140.00    2160.00  3.554436812294118E-09  2.303028982450011E-10 290503
 109    2160.00    2180.00  3.231721400427268E-09  1.927831973349479E-10 280183
 110    2180.00    2200.00  3.249456024372162E-09  3.286305892365858E-10 270505
 111    2200.00    2220.00  2.631182049566424E-09  1.515240300608745E-10 260750
 112    2220.00    2240.00  2.469465432286857E-09  1.847232887095005E-10 251331
 113    2240.00    2260.00  2.358155755934128E-09  1.721795309666603E-10 243290
 114    2260.00    2280.00  2.144156247212505E-09  1.476172863040544E-10 234342
 115    2280.00    2300.00  1.730364818554195E-09  1.038921874283384E-10 226417
 116    2300.00    2320.00  1.520458295929347E-09  9.605248528722557E-11 218741
 117    2320.00    2340.00  1.453862594934902E-09  8.540072810672177E-11 211108
 118    2340.00    2360.00  1.357460625425684E-09  1.010916799903878E-10 203967
 119    2360.00    2380.00  1.264159609824926E-09  1.216640056222257E-10 196693
 120    2380.00    2400.00  1.145735349078813E-09  7.892594786328399E-11 189707
 121    2400.00    2420.00  1.003376184684084E-09  8.906767224441530E-11 183949
 122    2420.00    2440.00  9.270147518266101E-10  6.645831841215637E-11 177039
 123    2440.00    2460.00  7.460824145149563E-10  6.126754129402098E-11 171321
 124    2460.00    2480.00  6.954663093875421E-10  7.146140395164231E-11 164032
 125    2480.00    2500.00  6.989302231170162E-10  5.287246474230890E-11 159559
 126    2500.00    2520.00  6.838423563791635E-10  6.250466394123281E-11 154208
 127    2520.00    2540.00  6.490032062542941E-10  8.389981794827286E-11 149284
 128    2540.00    2560.00  4.955112887674623E-10  4.011130348782188E-11 143988
 129    2560.00    2580.00  5.356610779469484E-10  5.092633405375799E-11 138104
 130    2580.00    2600.00  4.226436662259939E-10  4.359892400534416E-11 134429
 131    2600.00    2620.00  3.485043514367710E-10  2.174717166916222E-11 129395
 132    2620.00    2640.00  3.646165945273585E-10  3.441581084339645E-11 125148
 133    2640.00    2660.00  3.237960016500551E-10  2.721425108976110E-11 120582
 134    2660.00    2680.00  2.855328445446839E-10  2.185795642421778E-11 116593
 135    2680.00    2700.00  2.568583710067668E-10  2.541727238091567E-11 112547
 136    2700.00    2720.00  2.456585908128474E-10  2.223096321709901E-11 108864
 137    2720.00    2740.00  2.208446980331018E-10  1.737275506177538E-11 104830
 138    2740.00    2760.00  1.808740840169519E-10  2.558014193290714E-11 101705
 139    2760.00    2780.00  2.084551758183560E-10  2.335400646083486E-11 98066
 140    2780.00    2800.00  1.623568006352071E-10  1.804711423310194E-11 95291
 141    2800.00    2820.00  1.839807698843875E-10  2.181373312351777E-11 91833
 142    2820.00    2840.00  1.465554940783453E-10  1.884940887759730E-11 88771
 143    2840.00    2860.00  1.363321482179395E-10  1.715640260843083E-11 85733
 144    2860.00    2880.00  1.110156746773421E-10  1.060378755184052E-11 83090
 145    2880.00    2900.00  9.299843197932332E-11  9.559767578512186E-12 79941
 146    2900.00    2920.00  9.865448705186129E-11  1.078410230517238E-11 77293
 147    2920.00    2940.00  6.812455042680577E-11  7.166109648138916E-12 75179
 148    2940.00    2960.00  7.272379379908133E-11  9.621210079749690E-12 72155
 149    2960.00    2980.00  6.369973323739203E-11  7.814045237009769E-12 69589
 150    2980.00    3000.00  7.168131299319608E-11  7.358868033496967E-12 67441
 151    3000.00    3020.00  5.876587617559247E-11  7.048030988519908E-12 65141
 152    3020.00    3040.00  4.177652184378098E-11  4.367618310969797E-12 62414
 153    3040.00    3060.00  3.824608666795198E-11  3.804430248421664E-12 60368
 154    3060.00    3080.00  4.052856151965193E-11  9.024087526601215E-12 58771
 155    3080.00    3100.00  3.803570161175356E-11  5.580870149507000E-12 56583
 156    3100.00    3120.00  4.002072918223032E-11  6.013703798290221E-12 54313
 157    3120.00    3140.00  3.514464910209381E-11  5.346938339345871E-12 52396
 158    3140.00    3160.00  4.047146299745784E-11  6.971124744216844E-12 50966
 159    3160.00    3180.00  2.958290394712738E-11  4.189326470769354E-12 49109
 160    3180.00    3200.00  1.967324390911523E-11  3.575867718989114E-12 47554
 161    3200.00    3220.00  1.906503286990235E-11  2.139610571764737E-12 45586
 162    3220.00    3240.00  2.558947284757882E-11  5.144810721961413E-12 44117
 163    3240.00    3260.00  2.091201481583995E-11  4.800696692006180E-12 42882
 164    3260.00    3280.00  1.476977406323408E-11  2.060388667513410E-12 41405
 165    3280.00    3300.00  1.188407366606998E-11  1.192297964062214E-12 39885
 166    3300.00    3320.00  8.454733180558888E-12  1.171515749743071E-12 38606
 167    3320.00    3340.00  9.004648034433365E-12  1.176730417345839E-12 37060
 168    3340.00    3360.00  8.879849371150572E-12  1.466712425640326E-12 35685
 169    3360.00    3380.00  9.263924585372627E-12  1.340633921196033E-12 34614
 170    3380.00    3400.00  9.287627917462413E-12  2.671997654177763E-12 33585
 171    3400.00    3420.00  8.172489301165816E-12  1.422954050076474E-12 32477
 172    3420.00    3440.00  6.226801289957155E-12  9.757270402660217E-13 31154
 173    3440.00    3460.00  5.756904671307705E-12  8.162861245529214E-13 30064
 174    3460.00    3480.00  4.305557904057665E-12  6.140690337797567E-13 28943
 175    3480.00    3500.00  8.330992595540761E-12  3.370374204351015E-12 27937
 176    3500.00    3520.00  4.913643992150407E-12  9.380246880259342E-13 26831
 177    3520.00    3540.00  3.887257955152904E-12  7.694279593811747E-13 26083
 178    3540.00    3560.00  3.646676773189013E-12  1.039989046202365E-12 24928
 179    3560.00    3580.00  3.729837202242641E-12  1.162196231060987E-12 24185
 180    3580.00    3600.00  2.784291662328149E-12  4.584161418972137E-13 23437
 181    3600.00    3620.00  2.465012574875902E-12  3.786117078577100E-13 22160
 182    3620.00    3640.00  2.222411696826153E-12  3.715673102142661E-13 21770
 183    3640.00    3660.00  1.484887585860699E-12  2.111251885200152E-13 21343
 184    3660.00    3680.00  1.920414593096100E-12  3.114251125854023E-13 20356
 185    3680.00    3700.00  1.161811181641110E-12  1.657440970976414E-13 19426
 186    3700.00    3720.00  1.685399976351863E-12  4.083596668842060E-13 18815
 187    3720.00    3740.00  1.385023078266517E-12  3.442659494811702E-13 18386
 188    3740.00    3760.00  1.863940217700852E-12  8.768996620175566E-13 17617
 189    3760.00    3780.00  9.004524297987776E-13  1.366447655363086E-13 16823
 190    3780.00    3800.00  1.247591018265567E-12  2.403989956959433E-13 16147
 191    3800.00    3820.00  8.653106500963387E-13  1.764314638842532E-13 15631
 192    3820.00    3840.00  7.046450570242817E-13  1.333781098006590E-13 14998
 193    3840.00    3860.00  7.921868750599092E-13  2.333356614411073E-13 14663
 194    3860.00    3880.00  6.719901919086863E-13  1.152878420315820E-13 14000
 195    3880.00    3900.00  8.332228177748666E-13  2.149922979692688E-13 13569
 196    3900.00    3920.00  6.008308920327452E-13  1.061029331356844E-13 12979
 197    3920.00    3940.00  4.842966706664521E-13  9.957853007059041E-14 12205
 198    3940.00    3960.00  4.158944262379053E-13  8.247313613265814E-14 11874
 199    3960.00    3980.00  3.184275407941565E-13  5.789462122715124E-14 11341
 200    3980.00    4000.00  2.593043081095487E-13  3.673471910746156E-14 11140
 201    4000.00    4020.00  2.945904086041561E-13  8.025877808944142E-14 10504
 202    4020.00    4040.00  3.757440166481459E-13  1.024693513868155E-13 10141
 203    4040.00    4060.00  2.365066232998048E-13  7.844780581941615E-14 9719
 204    4060.00    4080.00  2.122517030913831E-13  4.316677675128041E-14 9375
 205    4080.00    4100.00  1.736480523753189E-13  3.207366227277806E-14 9156
 206    4100.00    4120.00  4.518110975717586E-13  2.113258372821451E-13 8622
 207    4120.00    4140.00  1.326374663593253E-13  3.168105522556412E-14 8338
 208    4140.00    4160.00  9.532716331900255E-14  1.408898873381029E-14 7932
 209    4160.00    4180.00  7.972689202076664E-14  1.122962422210383E-14 7784
 210    4180.00    4200.00  5.744009977810005E-14  7.061821216078190E-15 7414
 211    4200.00    4220.00  1.010650278805437E-13  2.839334565916913E-14 7114
 212    4220.00    4240.00  5.751507212166402E-14  9.794071326709634E-15 6713
 213    4240.00    4260.00  5.582358701606625E-14  1.535177116379241E-14 6614
 214    4260.00    4280.00  4.394982490947767E-14  6.720826580695267E-15 6275
 215    4280.00    4300.00  3.284570543623763E-14  5.206712474388560E-15 6026
 216    4300.00    4320.00  3.596137894512386E-14  8.965492778105132E-15 5797
 217    4320.00    4340.00  3.069062566811901E-14  4.145889883596312E-15 5578
 218    4340.00    4360.00  3.440682764491671E-14  7.099967953049472E-15 5362
 219    4360.00    4380.00  3.304042995499181E-14  9.565023950828162E-15 5181
 220    4380.00    4400.00  3.129845210085279E-14  9.252962121430927E-15 4854
 221    4400.00    4420.00  2.749727250280232E-14  9.014637905425346E-15 4634
 222    4420.00    4440.00  2.503149850311933E-14  9.581005765902730E-15 4499
 223    4440.00    4460.00  1.484544901352192E-14  2.549459856175774E-15 4285
 224    4460.00    4480.00  1.455504346882368E-14  3.280854812805309E-15 4014
 225    4480.00    4500.00  9.647208737751020E-15  1.364868146690784E-15 3974
 226    4500.00    4520.00  1.073238711881872E-14  2.696977351032129E-15 3727
 227    4520.00    4540.00  7.919660035444509E-15  1.379339239768335E-15 3422
 228    4540.00    4560.00  1.840759659486661E-14  6.621337228788709E-15 3374
 229    4560.00    4580.00  1.199010757341788E-14  3.769280069920225E-15 3254
 230    4580.00    4600.00  8.468602190891572E-15  1.884803679707378E-15 3069
 231    4600.00    4620.00  4.028908512260105E-15  6.186520401874156E-16 3029
 232    4620.00    4640.00  3.835009980528734E-15  8.747150457589735E-16 2757
 233    4640.00    4660.00  6.542843786675091E-15  2.336020721898977E-15 2652
 234    4660.00    4680.00  3.809522321506824E-15  1.022877642357474E-15 2567
 235    4680.00    4700.00  6.015084263853365E-15  2.298732046639599E-15 2420
 236    4700.00    4720.00  2.188777857302370E-15  4.298529738639811E-16 2363
 237    4720.00    4740.00  7.430188465777753E-15  6.167510026994829E-15 2224
 238    4740.00    4760.00  2.074156353643592E-15  3.605163861344792E-16 2103
 239    4760.00    4780.00  4.985563482872489E-15  3.816953917425005E-15 2063
 240    4780.00    4800.00  1.047864199868272E-15  1.790458410323211E-16 1839
 241    4800.00    4820.00  7.753921032011876E-15  6.430349573068817E-15 1779
 242    4820.00    4840.00  3.874598476010449E-15  2.845537763495818E-15 1674
 243    4840.00    4860.00  8.100318935000080E-16  1.478292331412262E-16 1648
 244    4860.00    4880.00  6.209770782199939E-16  1.089369271167223E-16 1567
 245    4880.00    4900.00  9.055439409177351E-16  4.459895157442406E-16 1444
 246    4900.00    4920.00  5.394161147784132E-16  8.927401249590527E-17 1445
 247    4920.00    4940.00  5.903222058318758E-16  2.149312430066444E-16 1291
 248    4940.00    4960.00  1.053501685479297E-15  3.723251123293886E-16 1210
 249    4960.00    4980.00  1.904412361191698E-16  3.569370050484076E-17 1175
 250    4980.00    5000.00  2.580590040895853E-16  7.074778777742416E-17 1106
 251    5000.00    5020.00  2.400514556580602E-16  5.268418707186005E-17 979
 252    5020.00    5040.00  1.912422992067514E-16  5.809839281515649E-17 957
 253    5040.00    5060.00  2.500981512226288E-16  7.838004816718898E-17 888
 254    5060.00    5080.00  1.648351754708602E-16  5.075753587958975E-17 904
 255    5080.00    5100.00  1.700143590202383E-16  6.153344194149822E-17 809
 256    5100.00    5120.00  1.630137615812938E-16  5.397857444233216E-17 797
 257    5120.00    5140.00  8.837796087379594E-17  2.501673825194002E-17 755
 258    5140.00    5160.00  7.683918693362921E-17  1.586573629745164E-17 693
 259    5160.00    5180.00  6.538285577172991E-17  2.202254737698539E-17 622
 260    5180.00    5200.00  5.545865768090046E-17  2.059141657109773E-17 597
 261    5200.00    5220.00  3.417774769039409E-17  1.136959060414002E-17 539
 262    5220.00    5240.00  5.325553950747089E-17  1.345692731928712E-17 581
 263    5240.00    5260.00  4.327512295395258E-17  1.292129552264309E-17 515
 264    5260.00    5280.00  1.158735416811680E-17  2.362266002468648E-18 443
 265    5280.00    5300.00  2.708100217080394E-17  8.999308138289004E-18 412
 266    5300.00    5320.00  1.222321592409067E-17  3.061933499708302E-18 352
 267    5320.00    5340.00  8.169436982539468E-18  2.315661916327011E-18 378
 268    5340.00    5360.00  1.497502493918486E-17  4.595246550838746E-18 332
 269    5360.00    5380.00  1.388155552407055E-17  4.617232018155184E-18 306
 270    5380.00    5400.00  7.831715983952617E-18  2.275539320561999E-18 270
 271    5400.00    5420.00  6.655269657381947E-18  2.532340728645712E-18 252
 272    5420.00    5440.00  5.106682430054501E-18  1.941895736083449E-18 256
 273    5440.00    5460.00  1.392906307114488E-17  1.083627763671672E-17 208
 274    5460.00    5480.00  4.781148826006095E-18  1.763681453826987E-18 212
 275    5480.00    5500.00  9.040814456123996E-18  6.338374428303925E-18 199
 276    5500.00    5520.00  4.253251526556347E-18  3.342348573942090E-18 180
 277    5520.00    5540.00  4.669527663285399E-19  1.527831075532381E-19 162
 278    5540.00    5560.00  9.396628480847580E-19  3.007932208402443E-19 158
 279    5560.00    5580.00  1.045618046828808E-17  7.828441955343250E-18 123
 280    5580.00    5600.00  4.461273373051029E-19  1.890253269563146E-19 125
 281    5600.00    5620.00  3.939551257393825E-19  1.446314019010677E-19 103
 282    5620.00    5640.00  1.576113910359347E-18  7.750643981597812E-19 100
 283    5640.00    5660.00  3.735145556081698E-19  2.379969029062185E-19 87
 284    5660.00    5680.00  2.565864343904648E-19  9.693545754916629E-20 80
 285    5680.00    5700.00  1.805834404088042E-19  9.066673808626693E-20 63
 286    5700.00    5720.00  5.998018955141099E-19  4.226851005583905E-19 70
 287    5720.00    5740.00  1.542236805526228E-19  7.992892714354912E-20 55
 288    5740.00    5760.00  9.571512477867525E-20  4.181311943955663E-20 60
 289    5760.00    5780.00  9.434007206006669E-21  3.609104164805567E-21 36
 290    5780.00    5800.00  8.032073091915459E-20  6.390322850944364E-20 34
 291    5800.00    5820.00  1.469165716015490E-20  6.716617483775369E-21 32
 292    5820.00    5840.00  3.554950081555736E-20  2.254149054045500E-20 35
 293    5840.00    5860.00  9.705976317534619E-21  7.028367988519846E-21 22
 294    5860.00    5880.00  7.879128790742505E-20  6.855333700702008E-20 21
 295    5880.00    5900.00  3.962119323143155E-20  2.394175757333166E-20 18
 296    5900.00    5920.00  1.324258007160598E-20  1.259283614943858E-20 11
 297    5920.00    5940.00  2.766226641657461E-21  2.146501385079465E-21 16
 298    5940.00    5960.00  4.202391429450895E-21  2.919529231176681E-21 16
 299    5960.00    5980.00  4.074077510431117E-21  3.016223561512437E-21 12
 300    5980.00    6000.00  2.628527430260092E-22  1.839450450182743E-22 12
 301    6000.00    6020.00  1.923456792690035E-21  1.382126061162652E-21 8
 302    6020.00    6040.00  4.132161764784402E-22  2.730906791753035E-22 8
 303    6040.00    6060.00  4.067709771006499E-22  2.911303736166260E-22 3
 304    6060.00    6080.00  1.561390519708244E-23  1.111300377581548E-23 5
 305    6080.00    6100.00  2.355191787482186E-24  2.355191786536084E-24 1
 306    6100.00    6120.00  4.731822512303333E-24  4.293797861305327E-24 3
 307    6120.00    6140.00  2.648644526307840E-24  2.048224072835824E-24 4
 308    6140.00    6160.00  2.129973232042568E-28  2.129973231161924E-28 1
 309    6160.00    6180.00  0.000000000000000E+00  0.000000000000000E+00 0
 310    6180.00    6200.00  5.089018403150964E-25  5.089018401660074E-25 1
 311    6200.00    6220.00  0.000000000000000E+00  0.000000000000000E+00 0
 312    6220.00    6240.00  1.404177898125316E-25  1.404177897521782E-25 1
 313    6240.00    6260.00  0.000000000000000E+00  0.000000000000000E+00 0
 314    6260.00    6280.00  0.000000000000000E+00  0.000000000000000E+00 0
 315    6280.00    6300.00  0.000000000000000E+00  0.000000000000000E+00 0
 316    6300.00    6320.00  0.000000000000000E+00  0.000000000000000E+00 0
 317    6320.00    6340.00  0.000000000000000E+00  0.000000000000000E+00 0
 318    6340.00    6360.00  0.000000000000000E+00  0.000000000000000E+00 0
 319    6360.00    6380.00  0.000000000000000E+00  0.000000000000000E+00 0
 320    6380.00    6400.00  0.000000000000000E+00  0.000000000000000E+00 0
 321    6400.00    6420.00  0.000000000000000E+00  0.000000000000000E+00 0
 322    6420.00    6440.00  0.000000000000000E+00  0.000000000000000E+00 0
 323    6440.00    6460.00  0.000000000000000E+00  0.000000000000000E+00 0
 324    6460.00    6480.00  0.000000000000000E+00  0.000000000000000E+00 0
 325    6480.00    6500.00  0.000000000000000E+00  0.000000000000000E+00 0
 326    6500.00    6520.00  0.000000000000000E+00  0.000000000000000E+00 0
 327    6520.00    6540.00  0.000000000000000E+00  0.000000000000000E+00 0
 328    6540.00    6560.00  0.000000000000000E+00  0.000000000000000E+00 0
 329    6560.00    6580.00  0.000000000000000E+00  0.000000000000000E+00 0
 330    6580.00    6600.00  0.000000000000000E+00  0.000000000000000E+00 0
 331    6600.00    6620.00  0.000000000000000E+00  0.000000000000000E+00 0
 332    6620.00    6640.00  0.000000000000000E+00  0.000000000000000E+00 0
 333    6640.00    6660.00  0.000000000000000E+00  0.000000000000000E+00 0
 334    6660.00    6680.00  0.000000000000000E+00  0.000000000000000E+00 0
 335    6680.00    6700.00  0.000000000000000E+00  0.000000000000000E+00 0
 336    6700.00    6720.00  0.000000000000000E+00  0.000000000000000E+00 0
 337    6720.00    6740.00  0.000000000000000E+00  0.000000000000000E+00 0
 338    6740.00    6760.00  0.000000000000000E+00  0.000000000000000E+00 0
 339    6760.00    6780.00  0.000000000000000E+00  0.000000000000000E+00 0
 340    6780.00    6800.00  0.000000000000000E+00  0.000000000000000E+00 0
 341    6800.00    6820.00  0.000000000000000E+00  0.000000000000000E+00 0
 342    6820.00    6840.00  0.000000000000000E+00  0.000000000000000E+00 0
 343    6840.00    6860.00  0.000000000000000E+00  0.000000000000000E+00 0
 344    6860.00    6880.00  0.000000000000000E+00  0.000000000000000E+00 0
 345    6880.00    6900.00  0.000000000000000E+00  0.000000000000000E+00 0
 346    6900.00    6920.00  0.000000000000000E+00  0.000000000000000E+00 0
 347    6920.00    6940.00  0.000000000000000E+00  0.000000000000000E+00 0
 348    6940.00    6960.00  0.000000000000000E+00  0.000000000000000E+00 0
 349    6960.00    6980.00  0.000000000000000E+00  0.000000000000000E+00 0
 350    6980.00    7000.00  0.000000000000000E+00  0.000000000000000E+00 0
 351    7000.00    7020.00  0.000000000000000E+00  0.000000000000000E+00 0
 352    7020.00    7040.00  0.000000000000000E+00  0.000000000000000E+00 0
 353    7040.00    7060.00  0.000000000000000E+00  0.000000000000000E+00 0
 354    7060.00    7080.00  0.000000000000000E+00  0.000000000000000E+00 0
 355    7080.00    7100.00  0.000000000000000E+00  0.000000000000000E+00 0
 356    7100.00    7120.00  0.000000000000000E+00  0.000000000000000E+00 0
 357    7120.00    7140.00  0.000000000000000E+00  0.000000000000000E+00 0
 358    7140.00    7160.00  0.000000000000000E+00  0.000000000000000E+00 0
 359    7160.00    7180.00  0.000000000000000E+00  0.000000000000000E+00 0
 360    7180.00    7200.00  0.000000000000000E+00  0.000000000000000E+00 0
 361    7200.00    7220.00  0.000000000000000E+00  0.000000000000000E+00 0
 362    7220.00    7240.00  0.000000000000000E+00  0.000000000000000E+00 0
 363    7240.00    7260.00  0.000000000000000E+00  0.000000000000000E+00 0
 364    7260.00    7280.00  0.000000000000000E+00  0.000000000000000E+00 0
 365    7280.00    7300.00  0.000000000000000E+00  0.000000000000000E+00 0
 366    7300.00    7320.00  0.000000000000000E+00  0.000000000000000E+00 0
 367    7320.00    7340.00  0.000000000000000E+00  0.000000000000000E+00 0
 368    7340.00    7360.00  0.000000000000000E+00  0.000000000000000E+00 0
 369    7360.00    7380.00  0.000000000000000E+00  0.000000000000000E+00 0
 370    7380.00    7400.00  0.000000000000000E+00  0.000000000000000E+00 0
 371    7400.00    7420.00  0.000000000000000E+00  0.000000000000000E+00 0
 372    7420.00    7440.00  0.000000000000000E+00  0.000000000000000E+00 0
 373    7440.00    7460.00  0.000000000000000E+00  0.000000000000000E+00 0
 374    7460.00    7480.00  0.000000000000000E+00  0.000000000000000E+00 0
 375    7480.00    7500.00  0.000000000000000E+00  0.000000000000000E+00 0
 376    7500.00    7520.00  0.000000000000000E+00  0.000000000000000E+00 0
 377    7520.00    7540.00  0.000000000000000E+00  0.000000000000000E+00 0
 378    7540.00    7560.00  0.000000000000000E+00  0.000000000000000E+00 0
 379    7560.00    7580.00  0.000000000000000E+00  0.000000000000000E+00 0
 380    7580.00    7600.00  0.000000000000000E+00  0.000000000000000E+00 0
 381    7600.00    7620.00  0.000000000000000E+00  0.000000000000000E+00 0
 382    7620.00    7640.00  0.000000000000000E+00  0.000000000000000E+00 0
 383    7640.00    7660.00  0.000000000000000E+00  0.000000000000000E+00 0
 384    7660.00    7680.00  0.000000000000000E+00  0.000000000000000E+00 0
 385    7680.00    7700.00  0.000000000000000E+00  0.000000000000000E+00 0
 386    7700.00    7720.00  0.000000000000000E+00  0.000000000000000E+00 0
 387    7720.00    7740.00  0.000000000000000E+00  0.000000000000000E+00 0
 388    7740.00    7760.00  0.000000000000000E+00  0.000000000000000E+00 0
 389    7760.00    7780.00  0.000000000000000E+00  0.000000000000000E+00 0
 390    7780.00    7800.00  0.000000000000000E+00  0.000000000000000E+00 0
 391    7800.00    7820.00  0.000000000000000E+00  0.000000000000000E+00 0
 392    7820.00    7840.00  0.000000000000000E+00  0.000000000000000E+00 0
 393    7840.00    7860.00  0.000000000000000E+00  0.000000000000000E+00 0
 394    7860.00    7880.00  0.000000000000000E+00  0.000000000000000E+00 0
 395    7880.00    7900.00  0.000000000000000E+00  0.000000000000000E+00 0
 396    7900.00    7920.00  0.000000000000000E+00  0.000000000000000E+00 0
 397    7920.00    7940.00  0.000000000000000E+00  0.000000000000000E+00 0
 398    7940.00    7960.00  0.000000000000000E+00  0.000000000000000E+00 0
 399    7960.00    7980.00  0.000000000000000E+00  0.000000000000000E+00 0
 400    7980.00    8000.00  0.000000000000000E+00  0.000000000000000E+00 0
 401    8000.00    8020.00  0.000000000000000E+00  0.000000000000000E+00 0
 402    8020.00    8040.00  0.000000000000000E+00  0.000000000000000E+00 0
 403    8040.00    8060.00  0.000000000000000E+00  0.000000000000000E+00 0
 404    8060.00    8080.00  0.000000000000000E+00  0.000000000000000E+00 0
 405    8080.00    8100.00  0.000000000000000E+00  0.000000000000000E+00 0
 406    8100.00    8120.00  0.000000000000000E+00  0.000000000000000E+00 0
 407    8120.00    8140.00  0.000000000000000E+00  0.000000000000000E+00 0
 408    8140.00    8160.00  0.000000000000000E+00  0.000000000000000E+00 0
 409    8160.00    8180.00  0.000000000000000E+00  0.000000000000000E+00 0
 410    8180.00    8200.00  0.000000000000000E+00  0.000000000000000E+00 0
 411    8200.00    8220.00  0.000000000000000E+00  0.000000000000000E+00 0
 412    8220.00    8240.00  0.000000000000000E+00  0.000000000000000E+00 0
 413    8240.00    8260.00  0.000000000000000E+00  0.000000000000000E+00 0
 414    8260.00    8280.00  0.000000000000000E+00  0.000000000000000E+00 0
 415    8280.00    8300.00  0.000000000000000E+00  0.000000000000000E+00 0
 416    8300.00    8320.00  0.000000000000000E+00  0.000000000000000E+00 0
 417    8320.00    8340.00  0.000000000000000E+00  0.000000000000000E+00 0
 418    8340.00    8360.00  0.000000000000000E+00  0.000000000000000E+00 0
 419    8360.00    8380.00  0.000000000000000E+00  0.000000000000000E+00 0
 420    8380.00    8400.00  0.000000000000000E+00  0.000000000000000E+00 0
 421    8400.00    8420.00  0.000000000000000E+00  0.000000000000000E+00 0
 422    8420.00    8440.00  0.000000000000000E+00  0.000000000000000E+00 0
 423    8440.00    8460.00  0.000000000000000E+00  0.000000000000000E+00 0
 424    8460.00    8480.00  0.000000000000000E+00  0.000000000000000E+00 0
 425    8480.00    8500.00  0.000000000000000E+00  0.000000000000000E+00 0
 426    8500.00    8520.00  0.000000000000000E+00  0.000000000000000E+00 0
 427    8520.00    8540.00  0.000000000000000E+00  0.000000000000000E+00 0
 428    8540.00    8560.00  0.000000000000000E+00  0.000000000000000E+00 0
 429    8560.00    8580.00  0.000000000000000E+00  0.000000000000000E+00 0
 430    8580.00    8600.00  0.000000000000000E+00  0.000000000000000E+00 0
 431    8600.00    8620.00  0.000000000000000E+00  0.000000000000000E+00 0
 432    8620.00    8640.00  0.000000000000000E+00  0.000000000000000E+00 0
 433    8640.00    8660.00  0.000000000000000E+00  0.000000000000000E+00 0
 434    8660.00    8680.00  0.000000000000000E+00  0.000000000000000E+00 0
 435    8680.00    8700.00  0.000000000000000E+00  0.000000000000000E+00 0
 436    8700.00    8720.00  0.000000000000000E+00  0.000000000000000E+00 0
 437    8720.00    8740.00  0.000000000000000E+00  0.000000000000000E+00 0
 438    8740.00    8760.00  0.000000000000000E+00  0.000000000000000E+00 0
 439    8760.00    8780.00  0.000000000000000E+00  0.000000000000000E+00 0
 440    8780.00    8800.00  0.000000000000000E+00  0.000000000000000E+00 0
 441    8800.00    8820.00  0.000000000000000E+00  0.000000000000000E+00 0
 442    8820.00    8840.00  0.000000000000000E+00  0.000000000000000E+00 0
 443    8840.00    8860.00  0.000000000000000E+00  0.000000000000000E+00 0
 444    8860.00    8880.00  0.000000000000000E+00  0.000000000000000E+00 0
 445    8880.00    8900.00  0.000000000000000E+00  0.000000000000000E+00 0
 446    8900.00    8920.00  0.000000000000000E+00  0.000000000000000E+00 0
 447    8920.00    8940.00  0.000000000000000E+00  0.000000000000000E+00 0
 448    8940.00    8960.00  0.000000000000000E+00  0.000000000000000E+00 0
 449    8960.00    8980.00  0.000000000000000E+00  0.000000000000000E+00 0
 450    8980.00    9000.00  0.000000000000000E+00  0.000000000000000E+00 0
 451    9000.00    9020.00  0.000000000000000E+00  0.000000000000000E+00 0
 452    9020.00    9040.00  0.000000000000000E+00  0.000000000000000E+00 0
 453    9040.00    9060.00  0.000000000000000E+00  0.000000000000000E+00 0
 454    9060.00    9080.00  0.000000000000000E+00  0.000000000000000E+00 0
 455    9080.00    9100.00  0.000000000000000E+00  0.000000000000000E+00 0
 456    9100.00    9120.00  0.000000000000000E+00  0.000000000000000E+00 0
 457    9120.00    9140.00  0.000000000000000E+00  0.000000000000000E+00 0
 458    9140.00    9160.00  0.000000000000000E+00  0.000000000000000E+00 0
 459    9160.00    9180.00  0.000000000000000E+00  0.000000000000000E+00 0
 460    9180.00    9200.00  0.000000000000000E+00  0.000000000000000E+00 0
 461    9200.00    9220.00  0.000000000000000E+00  0.000000000000000E+00 0
 462    9220.00    9240.00  0.000000000000000E+00  0.000000000000000E+00 0
 463    9240.00    9260.00  0.000000000000000E+00  0.000000000000000E+00 0
 464    9260.00    9280.00  0.000000000000000E+00  0.000000000000000E+00 0
 465    9280.00    9300.00  0.000000000000000E+00  0.000000000000000E+00 0
 466    9300.00    9320.00  0.000000000000000E+00  0.000000000000000E+00 0
 467    9320.00    9340.00  0.000000000000000E+00  0.000000000000000E+00 0
 468    9340.00    9360.00  0.000000000000000E+00  0.000000000000000E+00 0
 469    9360.00    9380.00  0.000000000000000E+00  0.000000000000000E+00 0
 470    9380.00    9400.00  0.000000000000000E+00  0.000000000000000E+00 0
 471    9400.00    9420.00  0.000000000000000E+00  0.000000000000000E+00 0
 472    9420.00    9440.00  0.000000000000000E+00  0.000000000000000E+00 0
 473    9440.00    9460.00  0.000000000000000E+00  0.000000000000000E+00 0
 474    9460.00    9480.00  0.000000000000000E+00  0.000000000000000E+00 0
 475    9480.00    9500.00  0.000000000000000E+00  0.000000000000000E+00 0
 476    9500.00    9520.00  0.000000000000000E+00  0.000000000000000E+00 0
 477    9520.00    9540.00  0.000000000000000E+00  0.000000000000000E+00 0
 478    9540.00    9560.00  0.000000000000000E+00  0.000000000000000E+00 0
 479    9560.00    9580.00  0.000000000000000E+00  0.000000000000000E+00 0
 480    9580.00    9600.00  0.000000000000000E+00  0.000000000000000E+00 0
 481    9600.00    9620.00  0.000000000000000E+00  0.000000000000000E+00 0
 482    9620.00    9640.00  0.000000000000000E+00  0.000000000000000E+00 0
 483    9640.00    9660.00  0.000000000000000E+00  0.000000000000000E+00 0
 484    9660.00    9680.00  0.000000000000000E+00  0.000000000000000E+00 0
 485    9680.00    9700.00  0.000000000000000E+00  0.000000000000000E+00 0
 486    9700.00    9720.00  0.000000000000000E+00  0.000000000000000E+00 0
 487    9720.00    9740.00  0.000000000000000E+00  0.000000000000000E+00 0
 488    9740.00    9760.00  0.000000000000000E+00  0.000000000000000E+00 0
 489    9760.00    9780.00  0.000000000000000E+00  0.000000000000000E+00 0
 490    9780.00    9800.00  0.000000000000000E+00  0.000000000000000E+00 0
 491    9800.00    9820.00  0.000000000000000E+00  0.000000000000000E+00 0
 492    9820.00    9840.00  0.000000000000000E+00  0.000000000000000E+00 0
 493    9840.00    9860.00  0.000000000000000E+00  0.000000000000000E+00 0
 494    9860.00    9880.00  0.000000000000000E+00  0.000000000000000E+00 0
 495    9880.00    9900.00  0.000000000000000E+00  0.000000000000000E+00 0
 496    9900.00    9920.00  0.000000000000000E+00  0.000000000000000E+00 0
 497    9920.00    9940.00  0.000000000000000E+00  0.000000000000000E+00 0
 498    9940.00    9960.00  0.000000000000000E+00  0.000000000000000E+00 0
 499    9960.00    9980.00  0.000000000000000E+00  0.000000000000000E+00 0
 500    9980.00   10000.00  0.000000000000000E+00  0.000000000000000E+00 0
 501   10000.00   10020.00  0.000000000000000E+00  0.000000000000000E+00 0
 502   10020.00   10040.00  0.000000000000000E+00  0.000000000000000E+00 0
 503   10040.00   10060.00  0.000000000000000E+00  0.000000000000000E+00 0
 504   10060.00   10080.00  0.000000000000000E+00  0.000000000000000E+00 0
 505   10080.00   10100.00  0.000000000000000E+00  0.000000000000000E+00 0
 506   10100.00   10120.00  0.000000000000000E+00  0.000000000000000E+00 0
 507   10120.00   10140.00  0.000000000000000E+00  0.000000000000000E+00 0
 508   10140.00   10160.00  0.000000000000000E+00  0.000000000000000E+00 0
 509   10160.00   10180.00  0.000000000000000E+00  0.000000000000000E+00 0
 510   10180.00   10200.00  0.000000000000000E+00  0.000000000000000E+00 0
 511   10200.00   10220.00  0.000000000000000E+00  0.000000000000000E+00 0
 512   10220.00   10240.00  0.000000000000000E+00  0.000000000000000E+00 0
 513   10240.00   10260.00  0.000000000000000E+00  0.000000000000000E+00 0
 514   10260.00   10280.00  0.000000000000000E+00  0.000000000000000E+00 0
 515   10280.00   10300.00  0.000000000000000E+00  0.000000000000000E+00 0
 516   10300.00   10320.00  0.000000000000000E+00  0.000000000000000E+00 0
 517   10320.00   10340.00  0.000000000000000E+00  0.000000000000000E+00 0
 518   10340.00   10360.00  0.000000000000000E+00  0.000000000000000E+00 0
 519   10360.00   10380.00  0.000000000000000E+00  0.000000000000000E+00 0
 520   10380.00   10400.00  0.000000000000000E+00  0.000000000000000E+00 0
 521   10400.00   10420.00  0.000000000000000E+00  0.000000000000000E+00 0
 522   10420.00   10440.00  0.000000000000000E+00  0.000000000000000E+00 0
 523   10440.00   10460.00  0.000000000000000E+00  0.000000000000000E+00 0
 524   10460.00   10480.00  0.000000000000000E+00  0.000000000000000E+00 0
 525   10480.00   10500.00  0.000000000000000E+00  0.000000000000000E+00 0
 526   10500.00   10520.00  0.000000000000000E+00  0.000000000000000E+00 0
 527   10520.00   10540.00  0.000000000000000E+00  0.000000000000000E+00 0
 528   10540.00   10560.00  0.000000000000000E+00  0.000000000000000E+00 0
 529   10560.00   10580.00  0.000000000000000E+00  0.000000000000000E+00 0
 530   10580.00   10600.00  0.000000000000000E+00  0.000000000000000E+00 0
 531   10600.00   10620.00  0.000000000000000E+00  0.000000000000000E+00 0
 532   10620.00   10640.00  0.000000000000000E+00  0.000000000000000E+00 0
 533   10640.00   10660.00  0.000000000000000E+00  0.000000000000000E+00 0
 534   10660.00   10680.00  0.000000000000000E+00  0.000000000000000E+00 0
 535   10680.00   10700.00  0.000000000000000E+00  0.000000000000000E+00 0
 536   10700.00   10720.00  0.000000000000000E+00  0.000000000000000E+00 0
 537   10720.00   10740.00  0.000000000000000E+00  0.000000000000000E+00 0
 538   10740.00   10760.00  0.000000000000000E+00  0.000000000000000E+00 0
 539   10760.00   10780.00  0.000000000000000E+00  0.000000000000000E+00 0
 540   10780.00   10800.00  0.000000000000000E+00  0.000000000000000E+00 0
 541   10800.00   10820.00  0.000000000000000E+00  0.000000000000000E+00 0
 542   10820.00   10840.00  0.000000000000000E+00  0.000000000000000E+00 0
 543   10840.00   10860.00  0.000000000000000E+00  0.000000000000000E+00 0
 544   10860.00   10880.00  0.000000000000000E+00  0.000000000000000E+00 0
 545   10880.00   10900.00  0.000000000000000E+00  0.000000000000000E+00 0
 546   10900.00   10920.00  0.000000000000000E+00  0.000000000000000E+00 0
 547   10920.00   10940.00  0.000000000000000E+00  0.000000000000000E+00 0
 548   10940.00   10960.00  0.000000000000000E+00  0.000000000000000E+00 0
 549   10960.00   10980.00  0.000000000000000E+00  0.000000000000000E+00 0
 550   10980.00   11000.00  0.000000000000000E+00  0.000000000000000E+00 0
 551   11000.00   11020.00  0.000000000000000E+00  0.000000000000000E+00 0
 552   11020.00   11040.00  0.000000000000000E+00  0.000000000000000E+00 0
 553   11040.00   11060.00  0.000000000000000E+00  0.000000000000000E+00 0
 554   11060.00   11080.00  0.000000000000000E+00  0.000000000000000E+00 0
 555   11080.00   11100.00  0.000000000000000E+00  0.000000000000000E+00 0
 556   11100.00   11120.00  0.000000000000000E+00  0.000000000000000E+00 0
 557   11120.00   11140.00  0.000000000000000E+00  0.000000000000000E+00 0
 558   11140.00   11160.00  0.000000000000000E+00  0.000000000000000E+00 0
 559   11160.00   11180.00  0.000000000000000E+00  0.000000000000000E+00 0
 560   11180.00   11200.00  0.000000000000000E+00  0.000000000000000E+00 0
 561   11200.00   11220.00  0.000000000000000E+00  0.000000000000000E+00 0
 562   11220.00   11240.00  0.000000000000000E+00  0.000000000000000E+00 0
 563   11240.00   11260.00  0.000000000000000E+00  0.000000000000000E+00 0
 564   11260.00   11280.00  0.000000000000000E+00  0.000000000000000E+00 0
 565   11280.00   11300.00  0.000000000000000E+00  0.000000000000000E+00 0
 566   11300.00   11320.00  0.000000000000000E+00  0.000000000000000E+00 0
 567   11320.00   11340.00  0.000000000000000E+00  0.000000000000000E+00 0
 568   11340.00   11360.00  0.000000000000000E+00  0.000000000000000E+00 0
 569   11360.00   11380.00  0.000000000000000E+00  0.000000000000000E+00 0
 570   11380.00   11400.00  0.000000000000000E+00  0.000000000000000E+00 0
 571   11400.00   11420.00  0.000000000000000E+00  0.000000000000000E+00 0
 572   11420.00   11440.00  0.000000000000000E+00  0.000000000000000E+00 0
 573   11440.00   11460.00  0.000000000000000E+00  0.000000000000000E+00 0
 574   11460.00   11480.00  0.000000000000000E+00  0.000000000000000E+00 0
 575   11480.00   11500.00  0.000000000000000E+00  0.000000000000000E+00 0
 576   11500.00   11520.00  0.000000000000000E+00  0.000000000000000E+00 0
 577   11520.00   11540.00  0.000000000000000E+00  0.000000000000000E+00 0
 578   11540.00   11560.00  0.000000000000000E+00  0.000000000000000E+00 0
 579   11560.00   11580.00  0.000000000000000E+00  0.000000000000000E+00 0
 580   11580.00   11600.00  0.000000000000000E+00  0.000000000000000E+00 0
 581   11600.00   11620.00  0.000000000000000E+00  0.000000000000000E+00 0
 582   11620.00   11640.00  0.000000000000000E+00  0.000000000000000E+00 0
 583   11640.00   11660.00  0.000000000000000E+00  0.000000000000000E+00 0
 584   11660.00   11680.00  0.000000000000000E+00  0.000000000000000E+00 0
 585   11680.00   11700.00  0.000000000000000E+00  0.000000000000000E+00 0
 586   11700.00   11720.00  0.000000000000000E+00  0.000000000000000E+00 0
 587   11720.00   11740.00  0.000000000000000E+00  0.000000000000000E+00 0
 588   11740.00   11760.00  0.000000000000000E+00  0.000000000000000E+00 0
 589   11760.00   11780.00  0.000000000000000E+00  0.000000000000000E+00 0
 590   11780.00   11800.00  0.000000000000000E+00  0.000000000000000E+00 0
 591   11800.00   11820.00  0.000000000000000E+00  0.000000000000000E+00 0
 592   11820.00   11840.00  0.000000000000000E+00  0.000000000000000E+00 0
 593   11840.00   11860.00  0.000000000000000E+00  0.000000000000000E+00 0
 594   11860.00   11880.00  0.000000000000000E+00  0.000000000000000E+00 0
 595   11880.00   11900.00  0.000000000000000E+00  0.000000000000000E+00 0
 596   11900.00   11920.00  0.000000000000000E+00  0.000000000000000E+00 0
 597   11920.00   11940.00  0.000000000000000E+00  0.000000000000000E+00 0
 598   11940.00   11960.00  0.000000000000000E+00  0.000000000000000E+00 0
 599   11960.00   11980.00  0.000000000000000E+00  0.000000000000000E+00 0
 600   11980.00   12000.00  0.000000000000000E+00  0.000000000000000E+00 0
 601   12000.00   12020.00  0.000000000000000E+00  0.000000000000000E+00 0
 602   12020.00   12040.00  0.000000000000000E+00  0.000000000000000E+00 0
 603   12040.00   12060.00  0.000000000000000E+00  0.000000000000000E+00 0
 604   12060.00   12080.00  0.000000000000000E+00  0.000000000000000E+00 0
 605   12080.00   12100.00  0.000000000000000E+00  0.000000000000000E+00 0
 606   12100.00   12120.00  0.000000000000000E+00  0.000000000000000E+00 0
 607   12120.00   12140.00  0.000000000000000E+00  0.000000000000000E+00 0
 608   12140.00   12160.00  0.000000000000000E+00  0.000000000000000E+00 0
 609   12160.00   12180.00  0.000000000000000E+00  0.000000000000000E+00 0
 610   12180.00   12200.00  0.000000000000000E+00  0.000000000000000E+00 0
 611   12200.00   12220.00  0.000000000000000E+00  0.000000000000000E+00 0
 612   12220.00   12240.00  0.000000000000000E+00  0.000000000000000E+00 0
 613   12240.00   12260.00  0.000000000000000E+00  0.000000000000000E+00 0
 614   12260.00   12280.00  0.000000000000000E+00  0.000000000000000E+00 0
 615   12280.00   12300.00  0.000000000000000E+00  0.000000000000000E+00 0
 616   12300.00   12320.00  0.000000000000000E+00  0.000000000000000E+00 0
 617   12320.00   12340.00  0.000000000000000E+00  0.000000000000000E+00 0
 618   12340.00   12360.00  0.000000000000000E+00  0.000000000000000E+00 0
 619   12360.00   12380.00  0.000000000000000E+00  0.000000000000000E+00 0
 620   12380.00   12400.00  0.000000000000000E+00  0.000000000000000E+00 0
 621   12400.00   12420.00  0.000000000000000E+00  0.000000000000000E+00 0
 622   12420.00   12440.00  0.000000000000000E+00  0.000000000000000E+00 0
 623   12440.00   12460.00  0.000000000000000E+00  0.000000000000000E+00 0
 624   12460.00   12480.00  0.000000000000000E+00  0.000000000000000E+00 0
 625   12480.00   12500.00  0.000000000000000E+00  0.000000000000000E+00 0
 626   12500.00   12520.00  0.000000000000000E+00  0.000000000000000E+00 0
 627   12520.00   12540.00  0.000000000000000E+00  0.000000000000000E+00 0
 628   12540.00   12560.00  0.000000000000000E+00  0.000000000000000E+00 0
 629   12560.00   12580.00  0.000000000000000E+00  0.000000000000000E+00 0
 630   12580.00   12600.00  0.000000000000000E+00  0.000000000000000E+00 0
 631   12600.00   12620.00  0.000000000000000E+00  0.000000000000000E+00 0
 632   12620.00   12640.00  0.000000000000000E+00  0.000000000000000E+00 0
 633   12640.00   12660.00  0.000000000000000E+00  0.000000000000000E+00 0
 634   12660.00   12680.00  0.000000000000000E+00  0.000000000000000E+00 0
 635   12680.00   12700.00  0.000000000000000E+00  0.000000000000000E+00 0
 636   12700.00   12720.00  0.000000000000000E+00  0.000000000000000E+00 0
 637   12720.00   12740.00  0.000000000000000E+00  0.000000000000000E+00 0
 638   12740.00   12760.00  0.000000000000000E+00  0.000000000000000E+00 0
 639   12760.00   12780.00  0.000000000000000E+00  0.000000000000000E+00 0
 640   12780.00   12800.00  0.000000000000000E+00  0.000000000000000E+00 0
 641   12800.00   12820.00  0.000000000000000E+00  0.000000000000000E+00 0
 642   12820.00   12840.00  0.000000000000000E+00  0.000000000000000E+00 0
 643   12840.00   12860.00  0.000000000000000E+00  0.000000000000000E+00 0
 644   12860.00   12880.00  0.000000000000000E+00  0.000000000000000E+00 0
 645   12880.00   12900.00  0.000000000000000E+00  0.000000000000000E+00 0
 646   12900.00   12920.00  0.000000000000000E+00  0.000000000000000E+00 0
 647   12920.00   12940.00  0.000000000000000E+00  0.000000000000000E+00 0
 648   12940.00   12960.00  0.000000000000000E+00  0.000000000000000E+00 0
 649   12960.00   12980.00  0.000000000000000E+00  0.000000000000000E+00 0
 650   12980.00   13000.00  0.000000000000000E+00  0.000000000000000E+00 0
# Underflow:                 0.0000000000000000E+00  0.0000000000000000E+00 0
# Overflow:                  0.0000000000000000E+00  0.0000000000000000E+00 0
#-------------------------------------------------------------------------------------
# Sum:                       2.5638383107649840E-06  3.3469940063651625E-09 18479000
#=====================================================================================
