# title = Invariant Mass Jet Pair
# xlabel = $M_{\text{j}_1\text{j}_2}\,$[GeV]
# ylabel = $\frac{\text{d}\sigma}{\text{d}M_{\text{j}_1\text{j}_2}}\,\left[\frac{\text{fb}}{\text{GeV}}\right]$
# xmin=  4.000E+02
# xmax=  2.000E+03
# ymin=  1.000E-06
# ymax=  1.000E-02
# kmin=  0.000E+00
# kmax=  1.000E+02
# logscale = true
# Renormalization and factorization scale scaled by: 2.0000000000
# Renormalization scaled by: 2.0000000000
# Number of generated events: 1919548716
#
#=====================================================================================
# No.       Left      Right                   Value                   Error Hits
#-------------------------------------------------------------------------------------
   1      20.00      60.00  0.000000000000000E+00  0.000000000000000E+00 0
   2      60.00     100.00  0.000000000000000E+00  0.000000000000000E+00 0
   3     100.00     140.00  0.000000000000000E+00  0.000000000000000E+00 0
   4     140.00     180.00  0.000000000000000E+00  0.000000000000000E+00 0
   5     180.00     220.00  0.000000000000000E+00  0.000000000000000E+00 0
   6     220.00     260.00  0.000000000000000E+00  0.000000000000000E+00 0
   7     260.00     300.00  0.000000000000000E+00  0.000000000000000E+00 0
   8     300.00     340.00  0.000000000000000E+00  0.000000000000000E+00 0
   9     340.00     380.00  0.000000000000000E+00  0.000000000000000E+00 0
  10     380.00     420.00  0.000000000000000E+00  0.000000000000000E+00 0
  11     420.00     460.00  0.000000000000000E+00  0.000000000000000E+00 0
  12     460.00     500.00  0.000000000000000E+00  0.000000000000000E+00 0
  13     500.00     540.00  1.157701220432078E-04  5.944795008666512E-08 104538849
  14     540.00     580.00  1.191099918151637E-04  6.348732636041991E-08 102275198
  15     580.00     620.00  1.208137231333789E-04  6.784316417325160E-08 99627985
  16     620.00     660.00  1.213203460132681E-04  7.054686746588706E-08 96771558
  17     660.00     700.00  1.207935894738892E-04  7.418903847860150E-08 93755728
  18     700.00     740.00  1.195141023660446E-04  7.623859499063986E-08 90699925
  19     740.00     780.00  1.177741668964159E-04  7.843986957251357E-08 87631776
  20     780.00     820.00  1.155542137018355E-04  8.202142862816214E-08 84589613
  21     820.00     860.00  1.129017510116096E-04  8.282115665285953E-08 81634177
  22     860.00     900.00  1.099471618656660E-04  8.589807551210221E-08 78702583
  23     900.00     940.00  1.068526875329602E-04  8.756997741776858E-08 75893875
  24     940.00     980.00  1.034242043961400E-04  9.032160387667355E-08 73159895
  25     980.00    1020.00  1.001177891925897E-04  8.901448200609624E-08 70547898
  26    1020.00    1060.00  9.661841838862551E-05  9.096182557418512E-08 68008910
  27    1060.00    1100.00  9.317157748969799E-05  9.273486624956646E-08 65574511
  28    1100.00    1140.00  8.968301562596954E-05  9.192576933178804E-08 63246425
  29    1140.00    1180.00  8.634962561430012E-05  9.450731453904098E-08 60987932
  30    1180.00    1220.00  8.316915229826523E-05  9.496006808676375E-08 58844440
  31    1220.00    1260.00  7.984636822549157E-05  9.412978606894618E-08 56784696
  32    1260.00    1300.00  7.662869680262512E-05  9.401468380481582E-08 54813223
  33    1300.00    1340.00  7.340063829696973E-05  9.280245617071864E-08 52924923
  34    1340.00    1380.00  7.037420867450557E-05  9.409297919525744E-08 51129089
  35    1380.00    1420.00  6.739231499802594E-05  9.243449539563736E-08 49392394
  36    1420.00    1460.00  6.456517794799288E-05  9.400530129094258E-08 47735541
  37    1460.00    1500.00  6.186919940517559E-05  9.463534320543621E-08 46133835
  38    1500.00    1540.00  5.926313958424125E-05  9.372825804429941E-08 44621750
  39    1540.00    1580.00  5.668315100729143E-05  9.191959626032686E-08 43185931
  40    1580.00    1620.00  5.394557476763361E-05  9.087058662471602E-08 41760323
  41    1620.00    1660.00  5.176792001585207E-05  9.056268167563146E-08 40438467
  42    1660.00    1700.00  4.961298418903788E-05  9.156434192905087E-08 39153573
  43    1700.00    1740.00  4.735965552718443E-05  9.020522203075602E-08 37915905
  44    1740.00    1780.00  4.512970642262901E-05  8.854182339819417E-08 36726673
  45    1780.00    1820.00  4.317147645874163E-05  8.656899320579321E-08 35591157
  46    1820.00    1860.00  4.135826271400552E-05  8.747005786319374E-08 34492572
  47    1860.00    1900.00  3.935446863840163E-05  8.461546396562046E-08 33448873
  48    1900.00    1940.00  3.754662332836644E-05  8.369445186541268E-08 32444037
  49    1940.00    1980.00  3.585318644366511E-05  8.176811368441189E-08 31468389
  50    1980.00    2020.00  3.432113061838722E-05  8.189773206883879E-08 30541225
  51    2020.00    2060.00  3.272337651126733E-05  8.335999706319657E-08 29638833
  52    2060.00    2100.00  3.147392125726796E-05  8.539734456702512E-08 28776866
  53    2100.00    2140.00  2.986229989028202E-05  7.781425807908101E-08 27947894
  54    2140.00    2180.00  2.843382626323657E-05  8.113777329402470E-08 27148332
  55    2180.00    2220.00  2.714094259659016E-05  7.557607512699013E-08 26378437
  56    2220.00    2260.00  2.592237050551203E-05  7.740303007750889E-08 25629900
  57    2260.00    2300.00  2.457968813595082E-05  7.346137343601393E-08 24908901
  58    2300.00    2340.00  2.348580101550130E-05  7.186324286973369E-08 24213702
  59    2340.00    2380.00  2.228386935464409E-05  6.954652503624595E-08 23546976
  60    2380.00    2420.00  2.132278550271412E-05  6.970964910016336E-08 22907269
  61    2420.00    2460.00  2.041130305599077E-05  6.764309928135187E-08 22275071
  62    2460.00    2500.00  1.943550529620562E-05  6.887552325070725E-08 21682461
  63    2500.00    2540.00  1.847419638466036E-05  6.794719401819183E-08 21091064
  64    2540.00    2580.00  1.762963078683265E-05  6.525292676731333E-08 20523171
  65    2580.00    2620.00  1.684404651088160E-05  6.241359170735889E-08 19987908
  66    2620.00    2660.00  1.591176951392344E-05  6.169098366794719E-08 19453802
  67    2660.00    2700.00  1.517825098210891E-05  5.803800307726756E-08 18942348
  68    2700.00    2740.00  1.444871689555718E-05  6.308303377322844E-08 18455528
  69    2740.00    2780.00  1.379026260902202E-05  5.834624455511068E-08 17982696
  70    2780.00    2820.00  1.321507557624423E-05  7.831382510984232E-08 17520558
  71    2820.00    2860.00  1.255158795732758E-05  5.743872492010341E-08 17072867
  72    2860.00    2900.00  1.202096257183099E-05  5.428189745974687E-08 16633269
  73    2900.00    2940.00  1.132569945648484E-05  5.163057777094019E-08 16215477
  74    2940.00    2980.00  1.085258943246858E-05  5.088633226878772E-08 15809179
  75    2980.00    3020.00  1.019343525861969E-05  4.838740471307030E-08 15411722
  76    3020.00    3060.00  9.769903562150479E-06  4.662883650612732E-08 15029050
  77    3060.00    3100.00  9.279497663415076E-06  4.571352674224728E-08 14653082
  78    3100.00    3140.00  8.882440747559672E-06  4.589454857639067E-08 14289469
  79    3140.00    3180.00  8.396994356977858E-06  4.420862945812211E-08 13937914
  80    3180.00    3220.00  7.994936310451162E-06  4.408451398897459E-08 13600032
  81    3220.00    3260.00  7.660000855058796E-06  4.418847158865729E-08 13274788
  82    3260.00    3300.00  7.211495451625994E-06  3.996120851982644E-08 12948308
  83    3300.00    3340.00  6.866587637254371E-06  4.070933851864863E-08 12645611
  84    3340.00    3380.00  6.522235395152580E-06  3.847130901404239E-08 12335749
  85    3380.00    3420.00  6.193131227463262E-06  3.644665804042486E-08 12043698
  86    3420.00    3460.00  5.954901635361308E-06  3.678427813178795E-08 11752232
  87    3460.00    3500.00  5.597736193364154E-06  3.373674016076813E-08 11474861
  88    3500.00    3540.00  5.327993041754590E-06  3.412065191606351E-08 11204749
  89    3540.00    3580.00  5.085775479178700E-06  3.273696650433951E-08 10943390
  90    3580.00    3620.00  4.829790479805899E-06  3.193670534998767E-08 10683166
  91    3620.00    3660.00  4.589244195656175E-06  3.117551089462797E-08 10437848
  92    3660.00    3700.00  4.361804532950428E-06  3.149991315791181E-08 10193075
  93    3700.00    3740.00  4.116965600282385E-06  2.954733091455558E-08 9961313
  94    3740.00    3780.00  3.882093779554791E-06  2.805120304302659E-08 9724057
  95    3780.00    3820.00  3.741591312229814E-06  3.115171185618970E-08 9501775
  96    3820.00    3860.00  3.540635169340315E-06  2.556475951385485E-08 9287416
  97    3860.00    3900.00  3.315721356695240E-06  2.576461836076359E-08 9079217
  98    3900.00    3940.00  3.182201830235807E-06  2.516574542606851E-08 8868008
  99    3940.00    3980.00  2.995161984343883E-06  2.383165663332720E-08 8666415
 100    3980.00    4020.00  2.832810142746836E-06  2.211840351188580E-08 8467626
 101    4020.00    4060.00  2.708057951547288E-06  2.196890099121004E-08 8277767
 102    4060.00    4100.00  2.543527362536978E-06  2.040343333182666E-08 8094626
 103    4100.00    4140.00  2.392211598151993E-06  1.982492715922035E-08 7907304
 104    4140.00    4180.00  2.323002624221097E-06  2.147238994287407E-08 7733999
 105    4180.00    4220.00  2.187849063374789E-06  2.095094961056560E-08 7557143
 106    4220.00    4260.00  2.099191346760120E-06  1.901115981109939E-08 7390341
 107    4260.00    4300.00  1.960759568369308E-06  1.749772060150868E-08 7225830
 108    4300.00    4340.00  1.842022988837537E-06  1.702614272027623E-08 7065405
 109    4340.00    4380.00  1.743426971795770E-06  1.665076653586116E-08 6905746
 110    4380.00    4420.00  1.668351988876365E-06  1.605893242846110E-08 6753663
 111    4420.00    4460.00  1.543751728264939E-06  1.491237140472430E-08 6605484
 112    4460.00    4500.00  1.523332812210540E-06  1.568711709100561E-08 6457638
 113    4500.00    4540.00  1.424857368784181E-06  1.507958695957038E-08 6315909
 114    4540.00    4580.00  1.349718931371127E-06  1.388987247773491E-08 6177434
 115    4580.00    4620.00  1.293072031589669E-06  1.402590482592558E-08 6039424
 116    4620.00    4660.00  1.195337696141612E-06  1.176663068640523E-08 5909034
 117    4660.00    4700.00  1.141251537453512E-06  1.221565659278520E-08 5777460
 118    4700.00    4740.00  1.072264514657084E-06  1.227196900887517E-08 5654123
 119    4740.00    4780.00  1.001675389096153E-06  1.124279928415534E-08 5526706
 120    4780.00    4820.00  9.350790797163814E-07  1.079676662804438E-08 5407326
 121    4820.00    4860.00  9.394072657542881E-07  1.176295539894465E-08 5292356
 122    4860.00    4900.00  8.492967098915151E-07  9.188832739762506E-09 5176209
 123    4900.00    4940.00  8.078499949158991E-07  9.338995516821113E-09 5062890
 124    4940.00    4980.00  7.551799560948482E-07  8.435245877570397E-09 4954423
 125    4980.00    5020.00  7.104745547715423E-07  8.025137582467212E-09 4843748
 126    5020.00    5060.00  6.737169987968779E-07  7.848681965542057E-09 4742124
 127    5060.00    5100.00  6.337656474343449E-07  7.186511313896203E-09 4636441
 128    5100.00    5140.00  6.147919757425768E-07  7.892778257240528E-09 4533936
 129    5140.00    5180.00  5.721109507711914E-07  7.133256713906520E-09 4437506
 130    5180.00    5220.00  5.471601651616163E-07  7.011541322036806E-09 4338996
 131    5220.00    5260.00  5.150934643713857E-07  6.543172968880757E-09 4246507
 132    5260.00    5300.00  4.755257724783089E-07  5.712636891408022E-09 4155412
 133    5300.00    5340.00  4.646214910080840E-07  6.009659307351829E-09 4067891
 134    5340.00    5380.00  4.291837355327136E-07  5.924048933681180E-09 3977268
 135    5380.00    5420.00  4.062188648082636E-07  5.532130363870439E-09 3895395
 136    5420.00    5460.00  3.829556545085429E-07  5.338353291332077E-09 3809259
 137    5460.00    5500.00  3.700170236306672E-07  1.303592815661004E-08 3721905
 138    5500.00    5540.00  3.387544452704481E-07  4.714838241666873E-09 3648063
 139    5540.00    5580.00  3.247039415736578E-07  4.623190683482561E-09 3566823
 140    5580.00    5620.00  2.999637624756634E-07  4.189394978424339E-09 3488361
 141    5620.00    5660.00  2.942248340783345E-07  4.458560678723681E-09 3413799
 142    5660.00    5700.00  2.682219638891835E-07  4.309767311836666E-09 3337144
 143    5700.00    5740.00  2.500998599635925E-07  3.898881008949840E-09 3266482
 144    5740.00    5780.00  2.378245643115680E-07  3.575324331116575E-09 3198107
 145    5780.00    5820.00  2.211792200818077E-07  3.266847100708170E-09 3126545
 146    5820.00    5860.00  2.104915182823203E-07  3.308717873495647E-09 3057408
 147    5860.00    5900.00  1.940184426569404E-07  2.726404370134406E-09 2990208
 148    5900.00    5940.00  1.843359518920315E-07  2.677675035659884E-09 2925160
 149    5940.00    5980.00  1.739140289845820E-07  2.430298780301084E-09 2863721
 150    5980.00    6020.00  1.669711699435480E-07  2.598732766708054E-09 2801368
 151    6020.00    6060.00  1.533006400010828E-07  2.450222157086291E-09 2740465
 152    6060.00    6100.00  1.508958353471598E-07  3.058123186334840E-09 2677904
 153    6100.00    6140.00  1.346890885107110E-07  2.090590021156263E-09 2621326
 154    6140.00    6180.00  1.264316138014288E-07  1.961952292729975E-09 2560900
 155    6180.00    6220.00  1.198748647803466E-07  1.869575307432883E-09 2508012
 156    6220.00    6260.00  1.138210607079961E-07  1.802336924867554E-09 2450066
 157    6260.00    6300.00  1.064908919398210E-07  1.865114692257034E-09 2400777
 158    6300.00    6340.00  9.875840741325318E-08  1.658470271018384E-09 2341807
 159    6340.00    6380.00  9.450813653379959E-08  1.445183397796408E-09 2295661
 160    6380.00    6420.00  8.640818799817395E-08  1.324622523916288E-09 2243839
 161    6420.00    6460.00  8.635240894664567E-08  1.621695621798673E-09 2192457
 162    6460.00    6500.00  7.817516762444868E-08  1.488698037125666E-09 2147318
 163    6500.00    6540.00  7.439761308771431E-08  1.362736414359286E-09 2096582
 164    6540.00    6580.00  6.719234720341192E-08  1.264055768681598E-09 2050903
 165    6580.00    6620.00  6.453733496342219E-08  1.323106437635099E-09 2003967
 166    6620.00    6660.00  6.297369430668123E-08  1.506327543634335E-09 1959292
 167    6660.00    6700.00  5.593946338235409E-08  9.282923311348376E-10 1917998
 168    6700.00    6740.00  5.270221328207692E-08  1.024532016490644E-09 1873614
 169    6740.00    6780.00  4.807687530263859E-08  8.548403970193571E-10 1832021
 170    6780.00    6820.00  4.687269257120542E-08  8.881232122770765E-10 1793777
 171    6820.00    6860.00  4.250133981667975E-08  7.553790940842485E-10 1751102
 172    6860.00    6900.00  4.220760010544142E-08  1.035185341155707E-09 1710627
 173    6900.00    6940.00  3.982128317969557E-08  8.279463032063740E-10 1673315
 174    6940.00    6980.00  3.560593131971155E-08  6.580816767714813E-10 1636907
 175    6980.00    7020.00  3.394190774075653E-08  7.238216494940282E-10 1597234
 176    7020.00    7060.00  3.110359083057381E-08  5.937701187968078E-10 1562810
 177    7060.00    7100.00  2.953514197683321E-08  6.026754065672477E-10 1525930
 178    7100.00    7140.00  2.803259396222960E-08  6.529507986717083E-10 1492377
 179    7140.00    7180.00  2.594180331003029E-08  6.401479510794241E-10 1459310
 180    7180.00    7220.00  2.418991567121891E-08  4.872044457385517E-10 1424054
 181    7220.00    7260.00  2.126584213304991E-08  4.245959253782168E-10 1390913
 182    7260.00    7300.00  2.019920238405198E-08  4.171944935646149E-10 1359261
 183    7300.00    7340.00  1.827435916756899E-08  3.592893370243990E-10 1328943
 184    7340.00    7380.00  1.826515841928173E-08  3.569123499846374E-10 1297978
 185    7380.00    7420.00  1.729583433439335E-08  3.818209869068172E-10 1268174
 186    7420.00    7460.00  1.604993142869967E-08  3.483064378947107E-10 1236282
 187    7460.00    7500.00  1.516219881892338E-08  3.102940623768419E-10 1206303
 188    7500.00    7540.00  1.462259216620328E-08  3.816009123829139E-10 1179862
 189    7540.00    7580.00  1.304792336787994E-08  3.277021197868503E-10 1152271
 190    7580.00    7620.00  1.217586209571463E-08  2.917420013056333E-10 1124147
 191    7620.00    7660.00  1.111930433780607E-08  2.569523782388706E-10 1097993
 192    7660.00    7700.00  1.014787042176108E-08  2.615515923677407E-10 1070673
 193    7700.00    7740.00  9.558088804415623E-09  2.893221625198441E-10 1045161
 194    7740.00    7780.00  9.032797886308431E-09  2.035300246508826E-10 1020240
 195    7780.00    7820.00  8.440291982156254E-09  1.949156291360122E-10 996795
 196    7820.00    7860.00  7.951406368435819E-09  1.893217643181847E-10 972820
 197    7860.00    7900.00  7.666012670041176E-09  2.475400278356934E-10 949008
 198    7900.00    7940.00  6.918405259105483E-09  1.723209864657856E-10 925779
 199    7940.00    7980.00  6.504473909365520E-09  1.760115923860140E-10 903801
 200    7980.00    8020.00  6.199773837540939E-09  2.038582374288385E-10 879875
 201    8020.00    8060.00  5.702310417254516E-09  1.688381540048019E-10 860329
 202    8060.00    8100.00  4.959910198130047E-09  1.115915220996467E-10 837943
 203    8100.00    8140.00  4.581737397501182E-09  1.074507655087688E-10 816716
 204    8140.00    8180.00  4.426728089913510E-09  1.011850638478110E-10 797767
 205    8180.00    8220.00  4.033646898428036E-09  9.691089182656972E-11 776869
 206    8220.00    8260.00  3.733580435581170E-09  1.014982058426424E-10 756924
 207    8260.00    8300.00  3.533406322760347E-09  9.266733944662544E-11 737284
 208    8300.00    8340.00  3.150301228771497E-09  7.444853453686729E-11 719326
 209    8340.00    8380.00  2.852073560616708E-09  6.548958103152203E-11 700348
 210    8380.00    8420.00  2.816113748760636E-09  6.729071450870627E-11 682027
 211    8420.00    8460.00  2.607985529293156E-09  7.201509250357865E-11 664657
 212    8460.00    8500.00  2.384364406581474E-09  6.237370723326966E-11 647054
 213    8500.00    8540.00  2.305759609395268E-09  9.167246835311226E-11 630293
 214    8540.00    8580.00  2.148450843703300E-09  6.050242964392313E-11 613032
 215    8580.00    8620.00  2.018204618114175E-09  8.410922914566956E-11 596881
 216    8620.00    8660.00  1.735016398762633E-09  4.945942800670963E-11 581203
 217    8660.00    8700.00  1.689021676313362E-09  5.759252666796846E-11 564995
 218    8700.00    8740.00  1.486186718360481E-09  4.020907966791220E-11 549216
 219    8740.00    8780.00  1.387983748318895E-09  3.804183836452013E-11 534228
 220    8780.00    8820.00  1.303475525887649E-09  4.210486218874999E-11 521627
 221    8820.00    8860.00  1.156116484286599E-09  3.389660084609126E-11 505377
 222    8860.00    8900.00  1.120740726341257E-09  5.588158147129285E-11 492789
 223    8900.00    8940.00  1.033128101494931E-09  3.969254138147192E-11 477885
 224    8940.00    8980.00  9.080434363851711E-10  2.622913732554940E-11 466308
 225    8980.00    9020.00  7.976760094771024E-10  2.861473374144458E-11 451585
 226    9020.00    9060.00  7.358641595477821E-10  1.808736175287956E-11 438777
 227    9060.00    9100.00  6.797440827513786E-10  1.620018135528405E-11 425697
 228    9100.00    9140.00  6.888735445053672E-10  2.497665864985293E-11 414409
 229    9140.00    9180.00  6.685652598517625E-10  3.910566973865419E-11 402258
 230    9180.00    9220.00  5.891784120926715E-10  2.433312888438986E-11 390876
 231    9220.00    9260.00  5.052246801169219E-10  1.506829333351027E-11 379509
 232    9260.00    9300.00  4.646214954619702E-10  1.209033582373903E-11 367688
 233    9300.00    9340.00  4.178937943313953E-10  1.265150959288828E-11 356098
 234    9340.00    9380.00  3.936268145485931E-10  1.159282166241026E-11 345013
 235    9380.00    9420.00  3.686069092337972E-10  1.372780203392410E-11 335034
 236    9420.00    9460.00  3.186069129794157E-10  8.674351331281367E-12 324503
 237    9460.00    9500.00  2.996071046554203E-10  1.109025360188100E-11 315337
 238    9500.00    9540.00  2.624190766866543E-10  7.470216650239608E-12 304941
 239    9540.00    9580.00  2.744651992443339E-10  1.549495167852109E-11 295346
 240    9580.00    9620.00  2.301327409341332E-10  1.142669636860377E-11 285319
 241    9620.00    9660.00  2.147205038205887E-10  8.740379416300632E-12 276268
 242    9660.00    9700.00  1.924648224616004E-10  7.340730897935261E-12 267531
 243    9700.00    9740.00  1.821904470514820E-10  6.926373949713667E-12 258640
 244    9740.00    9780.00  1.498060854098541E-10  4.302351212120500E-12 248883
 245    9780.00    9820.00  1.486332904148600E-10  5.506466466339896E-12 242235
 246    9820.00    9860.00  1.242547095770018E-10  3.986241400804149E-12 234147
 247    9860.00    9900.00  1.173408450570762E-10  3.981194430535052E-12 225860
 248    9900.00    9940.00  1.092892843263995E-10  5.177849601241198E-12 217661
 249    9940.00    9980.00  9.462220301355114E-11  3.431611882631221E-12 210132
 250    9980.00   10020.00  8.305099801913160E-11  2.987715963227396E-12 202561
 251   10020.00   10060.00  7.544517392256213E-11  2.678772087072992E-12 195010
 252   10060.00   10100.00  7.207534201406657E-11  2.629647154380973E-12 188386
 253   10100.00   10140.00  6.138226997119076E-11  1.721495387002729E-12 181769
 254   10140.00   10180.00  5.307244312556218E-11  1.580339502809569E-12 175168
 255   10180.00   10220.00  5.006426629488174E-11  1.746373281938242E-12 168662
 256   10220.00   10260.00  4.412855400116142E-11  1.255684683493299E-12 161333
 257   10260.00   10300.00  4.076828568326364E-11  1.561260968940180E-12 155817
 258   10300.00   10340.00  3.754123816119714E-11  1.242877305181627E-12 149834
 259   10340.00   10380.00  3.452014459502678E-11  1.526502525346872E-12 144244
 260   10380.00   10420.00  2.883152739453611E-11  8.664999292574178E-13 137939
 261   10420.00   10460.00  2.577777209962472E-11  1.026253770673552E-12 132391
 262   10460.00   10500.00  2.214779898719529E-11  6.125904307387794E-13 126837
 263   10500.00   10540.00  2.129811383427668E-11  9.795381959184591E-13 121328
 264   10540.00   10580.00  1.745194679018532E-11  4.776195296897883E-13 116450
 265   10580.00   10620.00  1.558722604754800E-11  4.964935562807584E-13 111456
 266   10620.00   10660.00  1.340268414531559E-11  4.249382829091791E-13 106245
 267   10660.00   10700.00  1.241629338661445E-11  4.448040644357191E-13 101626
 268   10700.00   10740.00  1.106303655312574E-11  4.627651291812164E-13 97132
 269   10740.00   10780.00  9.903502441121480E-12  3.981839723497701E-13 92247
 270   10780.00   10820.00  8.171878557447326E-12  2.562607410252923E-13 88242
 271   10820.00   10860.00  7.276743792926219E-12  2.946808130499559E-13 84340
 272   10860.00   10900.00  6.002719429869971E-12  1.760296180356807E-13 79842
 273   10900.00   10940.00  5.613236130752732E-12  1.867645544708924E-13 76023
 274   10940.00   10980.00  5.242194020057102E-12  3.518285980004996E-13 72293
 275   10980.00   11020.00  4.318690131439982E-12  1.878964806478693E-13 68669
 276   11020.00   11060.00  3.367952383020767E-12  9.751954419423729E-14 64777
 277   11060.00   11100.00  3.133469511381006E-12  1.356930040474819E-13 61641
 278   11100.00   11140.00  2.695275177758220E-12  1.439585196684412E-13 58346
 279   11140.00   11180.00  2.222504754001772E-12  6.982066155610420E-14 54933
 280   11180.00   11220.00  1.835464325171961E-12  7.128250736803111E-14 51441
 281   11220.00   11260.00  1.513855479973006E-12  4.750333106881270E-14 48611
 282   11260.00   11300.00  1.351820918472922E-12  5.820132299221131E-14 45935
 283   11300.00   11340.00  1.141145968062603E-12  5.106099003651742E-14 42955
 284   11340.00   11380.00  9.345379651408058E-13  5.238429789540716E-14 40132
 285   11380.00   11420.00  7.487342415268669E-13  2.725183601431451E-14 37997
 286   11420.00   11460.00  7.028934474259901E-13  2.875489664775956E-14 35608
 287   11460.00   11500.00  5.400669872098501E-13  1.827014368071968E-14 33142
 288   11500.00   11540.00  3.984036181983161E-13  1.140035094790523E-14 30632
 289   11540.00   11580.00  3.430027886155745E-13  1.255334482750303E-14 28545
 290   11580.00   11620.00  2.896812283444193E-13  1.118109842643366E-14 26786
 291   11620.00   11660.00  2.257718974923931E-13  1.022353211614785E-14 24283
 292   11660.00   11700.00  1.811388454610234E-13  1.013148556138308E-14 22838
 293   11700.00   11740.00  1.350194179234458E-13  5.107471658819903E-15 20579
 294   11740.00   11780.00  1.091624819547687E-13  5.667800220858775E-15 18988
 295   11780.00   11820.00  8.752642746662232E-14  5.055785885385639E-15 17424
 296   11820.00   11860.00  7.342100739050023E-14  3.853685838563381E-15 15640
 297   11860.00   11900.00  6.242710117238224E-14  4.414205206262473E-15 14370
 298   11900.00   11940.00  3.936573676310591E-14  2.647425449123711E-15 12832
 299   11940.00   11980.00  2.694598753459953E-14  1.842938388873802E-15 11542
 300   11980.00   12020.00  1.723369566967469E-14  7.625368492413712E-16 10450
 301   12020.00   12060.00  1.541650223916560E-14  1.046338551111831E-15 9274
 302   12060.00   12100.00  1.067032391546824E-14  6.245907980363110E-16 8318
 303   12100.00   12140.00  7.423589987860853E-15  4.074268531200711E-16 7220
 304   12140.00   12180.00  4.700929725347732E-15  2.520606054142500E-16 6404
 305   12180.00   12220.00  3.717600577607002E-15  3.467867870459301E-16 5451
 306   12220.00   12260.00  2.181437981560981E-15  1.578352857372611E-16 4728
 307   12260.00   12300.00  1.359326832015205E-15  8.295255535616937E-17 4072
 308   12300.00   12340.00  8.573430461797616E-16  6.207301044431226E-17 3393
 309   12340.00   12380.00  5.129351174797654E-16  4.760223544150203E-17 2781
 310   12380.00   12420.00  2.804669165668052E-16  3.643364682894333E-17 2314
 311   12420.00   12460.00  1.507810868173347E-16  1.672677551192220E-17 1833
 312   12460.00   12500.00  6.618820168193516E-17  6.120096720572646E-18 1474
 313   12500.00   12540.00  3.107331164919832E-17  3.251800233147220E-18 1084
 314   12540.00   12580.00  1.923242069006987E-17  4.753398921812125E-18 773
 315   12580.00   12620.00  4.616955183389072E-18  6.881857504634398E-19 570
 316   12620.00   12660.00  1.708694839920959E-18  2.507413294778918E-19 394
 317   12660.00   12700.00  4.365445899810707E-19  7.190760996196411E-20 237
 318   12700.00   12740.00  8.199584951304058E-20  1.994467266749698E-20 164
 319   12740.00   12780.00  4.432263262537545E-21  2.209066432257100E-21 30
 320   12780.00   12820.00  1.750423680304344E-22  1.085445968416842E-22 8
 321   12820.00   12860.00  0.000000000000000E+00  0.000000000000000E+00 0
 322   12860.00   12900.00  0.000000000000000E+00  0.000000000000000E+00 0
 323   12900.00   12940.00  0.000000000000000E+00  0.000000000000000E+00 0
 324   12940.00   12980.00  0.000000000000000E+00  0.000000000000000E+00 0
 325   12980.00   13020.00  0.000000000000000E+00  0.000000000000000E+00 0
# Underflow:                 0.0000000000000000E+00  0.0000000000000000E+00 0
# Overflow:                  0.0000000000000000E+00  0.0000000000000000E+00 0
#-------------------------------------------------------------------------------------
# Sum:                       1.5554476617683978E-06  2.0091301472575841E-09 20479000
#=====================================================================================
