# title = Transverse Momentum Jet Pair
# xlabel = $p_{\text{T},\text{j}_1\text{j}_2}\,$[GeV]
# ylabel = $\frac{\text{d}\sigma}{\text{d}p_{\text{T},\text{j}_1\text{j}_2}}\,\left[\frac{\text{fb}}{\text{GeV}}\right]$
# xmin=  0.000E+00
# xmax=  8.000E+02
# ymin=  1.000E-05
# ymax=  1.000E-02
# kmin=  0.000E+00
# kmax=  1.000E+02
# logscale = true
# Renormalization and factorization scale scaled by: 2.0000000000
# Renormalization scaled by: 2.0000000000
# Number of generated events: 1919548716
#
#=====================================================================================
# No.       Left      Right                   Value                   Error Hits
#-------------------------------------------------------------------------------------
   1       0.00      20.00  1.351847103787028E-04  2.047399652383214E-07 69690540
   2      20.00      40.00  3.683682716348678E-04  3.387395618500282E-07 134821741
   3      40.00      60.00  5.299553960451572E-04  4.034488056647963E-07 161746334
   4      60.00      80.00  6.222553924621908E-04  4.456198064890459E-07 176107462
   5      80.00     100.00  6.497179658109267E-04  4.340811289534415E-07 182027187
   6     100.00     120.00  6.322191974886364E-04  4.177072092700464E-07 180298545
   7     120.00     140.00  5.863080349365101E-04  3.884074719401011E-07 173501201
   8     140.00     160.00  5.281092180580394E-04  3.651999100372321E-07 163677414
   9     160.00     180.00  4.676063081762039E-04  3.294243090779065E-07 152440609
  10     180.00     200.00  4.084717455867947E-04  3.049671294764058E-07 140964750
  11     200.00     220.00  3.533937342284224E-04  2.696046624941126E-07 129835330
  12     220.00     240.00  3.047899788662810E-04  2.434712108986943E-07 119392947
  13     240.00     260.00  2.612306130368382E-04  2.212387563502868E-07 109749302
  14     260.00     280.00  2.235055343063318E-04  1.969621064253752E-07 100919335
  15     280.00     300.00  1.906458077527592E-04  1.786314421910144E-07 92820286
  16     300.00     320.00  1.622983215531399E-04  1.589871657532581E-07 85416919
  17     320.00     340.00  1.380766444402339E-04  1.447020942675328E-07 78619550
  18     340.00     360.00  1.177814977177177E-04  1.297433383924557E-07 72403734
  19     360.00     380.00  1.002840264304134E-04  1.155940335821352E-07 66801827
  20     380.00     400.00  8.528872384795343E-05  1.032691217241422E-07 61769810
  21     400.00     420.00  7.302768602226614E-05  9.399022570448512E-08 57195992
  22     420.00     440.00  6.254646947930092E-05  8.452552562807196E-08 53052978
  23     440.00     460.00  5.333794643053590E-05  7.621412577746220E-08 49307018
  24     460.00     480.00  4.596762507738744E-05  6.983137131704999E-08 45902018
  25     480.00     500.00  3.945814437189175E-05  6.320238697542642E-08 42779796
  26     500.00     520.00  3.401842685939675E-05  5.715029433156775E-08 39957122
  27     520.00     540.00  2.933874786786713E-05  5.132388310949669E-08 37366959
  28     540.00     560.00  2.536648807977979E-05  4.637848924326078E-08 34986376
  29     560.00     580.00  2.199890539140927E-05  4.222025880475328E-08 32796292
  30     580.00     600.00  1.906160630252591E-05  3.840085680934709E-08 30776345
  31     600.00     620.00  1.657408863854740E-05  3.507693196593878E-08 28936948
  32     620.00     640.00  1.437990558455869E-05  3.162466086366628E-08 27223781
  33     640.00     660.00  1.257340945700004E-05  2.904868606571936E-08 25644994
  34     660.00     680.00  1.093173961813549E-05  2.612773886206547E-08 24176657
  35     680.00     700.00  9.610967063865335E-06  2.411926408448074E-08 22813490
  36     700.00     720.00  8.418375985896500E-06  2.260580547324955E-08 21542629
  37     720.00     740.00  7.365966595477552E-06  1.987263459973128E-08 20376479
  38     740.00     760.00  6.509061053684526E-06  1.851403110993049E-08 19270001
  39     760.00     780.00  5.717239137674997E-06  1.698996795255728E-08 18249657
  40     780.00     800.00  5.036333795638651E-06  1.547242230673235E-08 17289805
  41     800.00     820.00  4.441892885172619E-06  1.439394633671037E-08 16390499
  42     820.00     840.00  3.915284632681291E-06  1.278428764346355E-08 15555689
  43     840.00     860.00  3.471756780058156E-06  1.200208095922620E-08 14771171
  44     860.00     880.00  3.072050474309562E-06  1.106302901173713E-08 14035150
  45     880.00     900.00  2.733549731712534E-06  1.038419405536777E-08 13341152
  46     900.00     920.00  2.413145599646474E-06  9.139945778416334E-09 12687628
  47     920.00     940.00  2.152269017736466E-06  8.547689553152957E-09 12075097
  48     940.00     960.00  1.916868870215203E-06  7.769687996322515E-09 11501744
  49     960.00     980.00  1.702262799845268E-06  7.240811559057092E-09 10951986
  50     980.00    1000.00  1.516050897423853E-06  6.664471090652223E-09 10436972
  51    1000.00    1020.00  1.351829643139252E-06  6.138997610178211E-09 9962115
  52    1020.00    1040.00  1.208947490910999E-06  5.649501635696627E-09 9502207
  53    1040.00    1060.00  1.075350786593076E-06  5.220294633289342E-09 9066063
  54    1060.00    1080.00  9.634255633286317E-07  4.637003321415105E-09 8666765
  55    1080.00    1100.00  8.663915588460057E-07  4.479322951689055E-09 8271805
  56    1100.00    1120.00  7.737894360191939E-07  4.158869541071077E-09 7907815
  57    1120.00    1140.00  6.957596817884601E-07  3.742260328109950E-09 7561950
  58    1140.00    1160.00  6.213006513563834E-07  3.497800921459298E-09 7228193
  59    1160.00    1180.00  5.586907524912107E-07  3.182755436742804E-09 6915698
  60    1180.00    1200.00  5.012975015258257E-07  2.854864990530956E-09 6620704
  61    1200.00    1220.00  4.526057913466404E-07  2.847078845839909E-09 6343625
  62    1220.00    1240.00  4.129669041474272E-07  2.697930081688320E-09 6075183
  63    1240.00    1260.00  3.681985893024902E-07  2.346506639399724E-09 5818804
  64    1260.00    1280.00  3.302079121135128E-07  2.175880009398420E-09 5579396
  65    1280.00    1300.00  2.945706610006803E-07  1.929956014206800E-09 5346388
  66    1300.00    1320.00  2.684185493821226E-07  1.872732147612178E-09 5126322
  67    1320.00    1340.00  2.411837652645622E-07  1.677918831772859E-09 4920360
  68    1340.00    1360.00  2.186051099959729E-07  1.570280104812909E-09 4721290
  69    1360.00    1380.00  1.999469672583900E-07  1.531978675676756E-09 4533442
  70    1380.00    1400.00  1.801775623797802E-07  1.381931409573167E-09 4352030
  71    1400.00    1420.00  1.597134818873780E-07  1.217722385584739E-09 4178356
  72    1420.00    1440.00  1.517116912153722E-07  1.310886404222032E-09 4014908
  73    1440.00    1460.00  1.325898939286737E-07  1.139275870590463E-09 3855439
  74    1460.00    1480.00  1.206278593890273E-07  1.028907013737345E-09 3709806
  75    1480.00    1500.00  1.093569643096741E-07  9.478349383525717E-10 3566590
  76    1500.00    1520.00  9.954985348691289E-08  8.577843320099774E-10 3429411
  77    1520.00    1540.00  8.979824138560198E-08  8.050505643610728E-10 3297367
  78    1540.00    1560.00  8.200758704247201E-08  7.694587554066519E-10 3172735
  79    1560.00    1580.00  7.482926398489156E-08  7.395025314282124E-10 3053945
  80    1580.00    1600.00  6.600022157311728E-08  6.142650938142816E-10 2937592
  81    1600.00    1620.00  6.066267201458804E-08  5.833830886964535E-10 2822382
  82    1620.00    1640.00  5.467629649368520E-08  5.395306963587351E-10 2720737
  83    1640.00    1660.00  5.120832252279784E-08  5.257557562641429E-10 2624239
  84    1660.00    1680.00  4.546348875735129E-08  4.686189160542081E-10 2524807
  85    1680.00    1700.00  4.189228789531996E-08  4.498463472252514E-10 2433952
  86    1700.00    1720.00  3.729023399781063E-08  4.131747968935897E-10 2342839
  87    1720.00    1740.00  3.458556248408989E-08  4.007279960628882E-10 2260066
  88    1740.00    1760.00  3.131894645420689E-08  3.511665463727417E-10 2177788
  89    1760.00    1780.00  2.881724805918200E-08  3.547488116673496E-10 2099123
  90    1780.00    1800.00  2.536240859765079E-08  2.888819359370552E-10 2023970
  91    1800.00    1820.00  2.421168630013077E-08  3.592320292534462E-10 1951930
  92    1820.00    1840.00  2.173885013483579E-08  2.782624519583372E-10 1881053
  93    1840.00    1860.00  2.000261478652678E-08  2.625423456268926E-10 1812921
  94    1860.00    1880.00  1.860281757523745E-08  2.557085866005593E-10 1749209
  95    1880.00    1900.00  1.632522419029477E-08  2.139778483011958E-10 1686808
  96    1900.00    1920.00  1.524648908146409E-08  2.164904232303597E-10 1627188
  97    1920.00    1940.00  1.387461284401287E-08  1.927561177819334E-10 1574443
  98    1940.00    1960.00  1.257456466976146E-08  1.766594924084319E-10 1517783
  99    1960.00    1980.00  1.154125180917700E-08  1.690975933967892E-10 1467785
 100    1980.00    2000.00  1.042665111787382E-08  1.527965867917512E-10 1413719
 101    2000.00    2020.00  9.536480558283445E-09  1.491909099990438E-10 1364172
 102    2020.00    2040.00  8.710236500568342E-09  1.202526210871996E-10 1320213
 103    2040.00    2060.00  8.075909545795463E-09  1.240590501980640E-10 1272373
 104    2060.00    2080.00  7.458939417787002E-09  1.136087123938233E-10 1228732
 105    2080.00    2100.00  6.613238263908716E-09  1.000621390202395E-10 1186699
 106    2100.00    2120.00  6.177132968429734E-09  1.023591364968131E-10 1149016
 107    2120.00    2140.00  5.662194284529213E-09  9.848657717275576E-11 1106667
 108    2140.00    2160.00  5.082228796067007E-09  7.862822541175493E-11 1067743
 109    2160.00    2180.00  4.626163896839080E-09  8.108958588450180E-11 1033489
 110    2180.00    2200.00  4.228447488281455E-09  7.206974918692070E-11 1001516
 111    2200.00    2220.00  3.927695243334573E-09  6.998300790308062E-11 963843
 112    2220.00    2240.00  3.538489734229689E-09  6.500597287335724E-11 933368
 113    2240.00    2260.00  3.254247664748707E-09  5.698828706239703E-11 903243
 114    2260.00    2280.00  2.992701817897548E-09  5.663646233249390E-11 871061
 115    2280.00    2300.00  2.848615433173519E-09  5.487182448886428E-11 843035
 116    2300.00    2320.00  2.409388999151351E-09  4.341954436714259E-11 813875
 117    2320.00    2340.00  2.348105729140391E-09  4.481676751984614E-11 786804
 118    2340.00    2360.00  2.064002040780453E-09  3.703298931890259E-11 762831
 119    2360.00    2380.00  1.988568686691871E-09  3.897450189737201E-11 734370
 120    2380.00    2400.00  1.758942845114917E-09  3.638025517128181E-11 710935
 121    2400.00    2420.00  1.592917151641162E-09  3.022917579451481E-11 686474
 122    2420.00    2440.00  1.495595545422335E-09  3.345686599201694E-11 664617
 123    2440.00    2460.00  1.350677053955496E-09  2.910482006142852E-11 641917
 124    2460.00    2480.00  1.274734700007071E-09  3.103824784605950E-11 620514
 125    2480.00    2500.00  1.155334533383308E-09  2.408356554987207E-11 602033
 126    2500.00    2520.00  1.074955867614877E-09  2.451702972238237E-11 582010
 127    2520.00    2540.00  9.627266869700058E-10  2.117776143453901E-11 562102
 128    2540.00    2560.00  8.903437332896358E-10  2.422516153014564E-11 543988
 129    2560.00    2580.00  7.764414705535741E-10  1.937631286477780E-11 525357
 130    2580.00    2600.00  7.522870811811871E-10  2.011021776615555E-11 507540
 131    2600.00    2620.00  6.716185105362612E-10  1.543072493461568E-11 492148
 132    2620.00    2640.00  6.149499992912814E-10  1.661314856173567E-11 475804
 133    2640.00    2660.00  5.543845952909898E-10  1.327209294384725E-11 460288
 134    2660.00    2680.00  5.304937216099068E-10  1.383861156943854E-11 445570
 135    2680.00    2700.00  4.716664960902675E-10  1.203712279475603E-11 432153
 136    2700.00    2720.00  4.449395127712949E-10  1.145107780221607E-11 416132
 137    2720.00    2740.00  4.340312773436286E-10  1.272411821150869E-11 403240
 138    2740.00    2760.00  3.625944528946339E-10  9.247109660972204E-12 390090
 139    2760.00    2780.00  3.566481779549674E-10  1.113131264235579E-11 377037
 140    2780.00    2800.00  3.158043242909054E-10  9.333422222562698E-12 364012
 141    2800.00    2820.00  2.865481957744891E-10  8.135200867099905E-12 351942
 142    2820.00    2840.00  2.837075264491621E-10  8.499010152144930E-12 341228
 143    2840.00    2860.00  2.483081592190167E-10  9.235250808773422E-12 329761
 144    2860.00    2880.00  2.253079246347706E-10  6.975069583576438E-12 319330
 145    2880.00    2900.00  2.093933240877131E-10  6.944509090913598E-12 309264
 146    2900.00    2920.00  1.882600212522265E-10  5.533125074063036E-12 298471
 147    2920.00    2940.00  1.701209423268316E-10  5.261881926941013E-12 289174
 148    2940.00    2960.00  1.558559188340389E-10  4.540847259930423E-12 279094
 149    2960.00    2980.00  1.540828891961188E-10  5.146799649017265E-12 270161
 150    2980.00    3000.00  1.296146851532039E-10  4.148317982499277E-12 262010
 151    3000.00    3020.00  1.205338221109467E-10  3.682281565472250E-12 253098
 152    3020.00    3040.00  1.136931913683565E-10  3.993720225537364E-12 244538
 153    3040.00    3060.00  1.011069519321314E-10  3.359144214490863E-12 236865
 154    3060.00    3080.00  9.297663951587790E-11  3.046945448917842E-12 229136
 155    3080.00    3100.00  9.031681716898437E-11  3.355835482428405E-12 221617
 156    3100.00    3120.00  8.071798098993331E-11  2.936688984819442E-12 213621
 157    3120.00    3140.00  7.159906061000564E-11  2.625546836739239E-12 206676
 158    3140.00    3160.00  6.825693048993995E-11  3.453060611252036E-12 200213
 159    3160.00    3180.00  5.944181557355853E-11  2.884456322162801E-12 193575
 160    3180.00    3200.00  5.397270511579445E-11  1.810311528654041E-12 186574
 161    3200.00    3220.00  4.868468075403904E-11  1.671609723351572E-12 180771
 162    3220.00    3240.00  4.425937676675020E-11  1.467085296594139E-12 175205
 163    3240.00    3260.00  4.102453293996942E-11  1.605112688057073E-12 169710
 164    3260.00    3280.00  3.839253665057466E-11  1.292728872340940E-12 163808
 165    3280.00    3300.00  3.725820300207512E-11  2.246719265045848E-12 158233
 166    3300.00    3320.00  3.401546111813061E-11  1.415171218544511E-12 153911
 167    3320.00    3340.00  3.113104968569930E-11  1.279061956740690E-12 148107
 168    3340.00    3360.00  2.696070104101089E-11  9.949956110557855E-13 143694
 169    3360.00    3380.00  2.498751379366779E-11  1.110476214496905E-12 138196
 170    3380.00    3400.00  2.337999995477657E-11  9.883800235600234E-13 133595
 171    3400.00    3420.00  2.244094049394686E-11  1.037807488752916E-12 129033
 172    3420.00    3440.00  1.968749625634277E-11  9.023669291470132E-13 125175
 173    3440.00    3460.00  1.824831487467456E-11  9.057102734504795E-13 120496
 174    3460.00    3480.00  1.652950796825619E-11  9.993971450820002E-13 117386
 175    3480.00    3500.00  1.565638009351276E-11  9.181902475544386E-13 112603
 176    3500.00    3520.00  1.300755023292922E-11  6.479191864401260E-13 109245
 177    3520.00    3540.00  1.209359374527770E-11  4.616764301749102E-13 105759
 178    3540.00    3560.00  1.130984456605652E-11  5.377357430023294E-13 101656
 179    3560.00    3580.00  9.547646475288337E-12  4.718522085606670E-13 98344
 180    3580.00    3600.00  9.102593066672007E-12  4.279129742888168E-13 95322
 181    3600.00    3620.00  8.509724886027987E-12  3.998222039914681E-13 91428
 182    3620.00    3640.00  7.796136476422339E-12  3.399528566629050E-13 88325
 183    3640.00    3660.00  6.929496018358829E-12  4.389940437919742E-13 85534
 184    3660.00    3680.00  6.788574465689760E-12  3.641623843939546E-13 82453
 185    3680.00    3700.00  6.025531791644401E-12  3.101332382294096E-13 79865
 186    3700.00    3720.00  5.625775811051230E-12  4.464850002885315E-13 77695
 187    3720.00    3740.00  4.919572404660350E-12  2.544215250131786E-13 74469
 188    3740.00    3760.00  4.509478443870557E-12  2.853244861802251E-13 71655
 189    3760.00    3780.00  4.058104879257960E-12  2.475999911796557E-13 69549
 190    3780.00    3800.00  3.720332542654118E-12  2.208423953152404E-13 66931
 191    3800.00    3820.00  3.396146240733036E-12  2.253200986245275E-13 64548
 192    3820.00    3840.00  3.277648846250316E-12  2.005289698981139E-13 62739
 193    3840.00    3860.00  2.912327910174357E-12  1.985086585191129E-13 60163
 194    3860.00    3880.00  2.829016382950797E-12  2.033170218843309E-13 58034
 195    3880.00    3900.00  2.214013369761225E-12  1.490104951514311E-13 56083
 196    3900.00    3920.00  2.039126139811384E-12  1.092055655597410E-13 54038
 197    3920.00    3940.00  1.892663429589646E-12  1.013308110492280E-13 51930
 198    3940.00    3960.00  1.804712563034593E-12  1.303428930932517E-13 50559
 199    3960.00    3980.00  1.638757639163688E-12  9.676722652033252E-14 48376
 200    3980.00    4000.00  1.369105405975204E-12  9.082065270031082E-14 46536
 201    4000.00    4020.00  1.487519825337985E-12  1.620070950404980E-13 44906
 202    4020.00    4040.00  1.191306296685660E-12  6.565997721678596E-14 42999
 203    4040.00    4060.00  1.167036647458030E-12  7.857079896496353E-14 42053
 204    4060.00    4080.00  1.057445355932584E-12  1.477105986134131E-13 40112
 205    4080.00    4100.00  9.414844517650024E-13  7.957597932664324E-14 38954
 206    4100.00    4120.00  7.259981598719241E-13  5.083351486972564E-14 37225
 207    4120.00    4140.00  7.396638543538726E-13  8.265408681160518E-14 36246
 208    4140.00    4160.00  6.423302500654611E-13  3.801416992556767E-14 34587
 209    4160.00    4180.00  6.288635500686444E-13  5.349056316067400E-14 33154
 210    4180.00    4200.00  5.229401225603652E-13  3.370793541528050E-14 32107
 211    4200.00    4220.00  4.823957909280486E-13  4.099577595837992E-14 30880
 212    4220.00    4240.00  4.985282745213203E-13  3.552305068419677E-14 29603
 213    4240.00    4260.00  4.041274347307796E-13  2.713558114349720E-14 28695
 214    4260.00    4280.00  3.918367834332037E-13  2.930591096199116E-14 27219
 215    4280.00    4300.00  3.005174970402733E-13  2.425248013654344E-14 26447
 216    4300.00    4320.00  3.147209075200871E-13  2.396029480042207E-14 25574
 217    4320.00    4340.00  2.759869870100141E-13  2.065965577405773E-14 24444
 218    4340.00    4360.00  2.509027115279620E-13  2.775590982437529E-14 23774
 219    4360.00    4380.00  2.300912742718842E-13  2.859119323962109E-14 22853
 220    4380.00    4400.00  1.862677590488440E-13  1.559421353134917E-14 21390
 221    4400.00    4420.00  1.802930034191031E-13  1.579011661003939E-14 20843
 222    4420.00    4440.00  1.644529345226749E-13  1.497066271166891E-14 19929
 223    4440.00    4460.00  1.379986337230886E-13  1.243187664051713E-14 19143
 224    4460.00    4480.00  1.518484889755714E-13  1.763365918356075E-14 18405
 225    4480.00    4500.00  1.158334111387362E-13  1.040381536307046E-14 17729
 226    4500.00    4520.00  9.990476308718630E-14  8.050291554362330E-15 16765
 227    4520.00    4540.00  9.555854337419832E-14  9.464565648630399E-15 15937
 228    4540.00    4560.00  7.533548697786217E-14  6.970604362032221E-15 15389
 229    4560.00    4580.00  7.401298340506835E-14  6.597363815963280E-15 14942
 230    4580.00    4600.00  5.828521211701903E-14  5.059268616918769E-15 14115
 231    4600.00    4620.00  7.750829313417093E-14  8.997649016648174E-15 13714
 232    4620.00    4640.00  5.730430356767523E-14  5.001892802434530E-15 12849
 233    4640.00    4660.00  5.142445120113841E-14  7.602391795701996E-15 12532
 234    4660.00    4680.00  5.403785182736809E-14  6.012439286200295E-15 12016
 235    4680.00    4700.00  3.923677069515386E-14  4.191015936175913E-15 11385
 236    4700.00    4720.00  3.904926012582672E-14  4.649215153691829E-15 10979
 237    4720.00    4740.00  3.092543652994880E-14  3.679151322887845E-15 10288
 238    4740.00    4760.00  2.364700757330561E-14  2.634292083802781E-15 10122
 239    4760.00    4780.00  2.965456041810051E-14  4.952750330901136E-15 9469
 240    4780.00    4800.00  2.225612742749732E-14  5.427456522262373E-15 8990
 241    4800.00    4820.00  2.040270955836627E-14  2.828188918265350E-15 8682
 242    4820.00    4840.00  2.029514089312152E-14  3.535119654680591E-15 8258
 243    4840.00    4860.00  1.187637557821720E-14  1.272520653263375E-15 7602
 244    4860.00    4880.00  1.259466330834464E-14  2.026405616872518E-15 7568
 245    4880.00    4900.00  1.255408319442642E-14  1.700506058468007E-15 7104
 246    4900.00    4920.00  8.413863840608585E-15  9.967633367745235E-16 6642
 247    4920.00    4940.00  9.852785271743099E-15  1.692737362977292E-15 6282
 248    4940.00    4960.00  6.793375291863514E-15  7.701279573630621E-16 6015
 249    4960.00    4980.00  8.503842624055497E-15  3.040348399179632E-15 5849
 250    4980.00    5000.00  9.016169349790615E-15  1.779375226040312E-15 5423
 251    5000.00    5020.00  5.916969351641098E-15  8.970665536985773E-16 5172
 252    5020.00    5040.00  5.450878987466735E-15  8.662767041308677E-16 4982
 253    5040.00    5060.00  3.068321757849718E-15  4.262575094847582E-16 4471
 254    5060.00    5080.00  5.296754860898990E-15  1.709247184316387E-15 4440
 255    5080.00    5100.00  3.869705260790587E-15  9.048462898761581E-16 4089
 256    5100.00    5120.00  3.208147829711679E-15  7.809039362739469E-16 3905
 257    5120.00    5140.00  2.830465955657237E-15  8.481365939172553E-16 3637
 258    5140.00    5160.00  2.343273971073054E-15  5.882944699354868E-16 3525
 259    5160.00    5180.00  1.725810605283092E-15  2.336609265715847E-16 3352
 260    5180.00    5200.00  1.613113655688634E-15  3.800896696161586E-16 3129
 261    5200.00    5220.00  1.154696700211259E-15  1.902089344577523E-16 2875
 262    5220.00    5240.00  3.190841651371975E-15  2.044861759542409E-15 2787
 263    5240.00    5260.00  1.430953347199690E-15  4.929868176342927E-16 2638
 264    5260.00    5280.00  8.696986353076692E-16  1.467352565786167E-16 2393
 265    5280.00    5300.00  8.792437383589449E-16  2.231751840130121E-16 2279
 266    5300.00    5320.00  8.962478540447045E-16  2.487324620572158E-16 2122
 267    5320.00    5340.00  4.984266223316706E-16  9.232969474348156E-17 2028
 268    5340.00    5360.00  4.717042842191137E-16  1.302092333747607E-16 1910
 269    5360.00    5380.00  2.428191765839363E-16  4.204350188199292E-17 1718
 270    5380.00    5400.00  3.574040174578513E-16  6.489174262972636E-17 1598
 271    5400.00    5420.00  1.981378477440442E-16  4.167696339528533E-17 1487
 272    5420.00    5440.00  3.141356764020602E-16  7.471876540072661E-17 1441
 273    5440.00    5460.00  1.535370984209196E-16  2.130498454691864E-17 1238
 274    5460.00    5480.00  1.482358452629973E-16  3.347743560452310E-17 1159
 275    5480.00    5500.00  1.246617649261057E-16  2.689573880513124E-17 1109
 276    5500.00    5520.00  9.369745661354461E-17  1.726311250498333E-17 1005
 277    5520.00    5540.00  7.994486974740586E-17  2.387329108710716E-17 957
 278    5540.00    5560.00  7.620318685888801E-17  1.769396174847509E-17 867
 279    5560.00    5580.00  6.075933893769976E-17  2.705815964119602E-17 769
 280    5580.00    5600.00  4.757265896084670E-17  1.519038390026265E-17 714
 281    5600.00    5620.00  3.917337949316836E-17  1.048843567774149E-17 684
 282    5620.00    5640.00  2.327371415885999E-17  5.709202720040367E-18 642
 283    5640.00    5660.00  2.277564393358618E-17  6.078391490815911E-18 527
 284    5660.00    5680.00  1.650896003167114E-17  4.348813612474966E-18 517
 285    5680.00    5700.00  2.335830652009143E-17  1.139915392177653E-17 444
 286    5700.00    5720.00  3.469797928921771E-17  2.522002539843388E-17 400
 287    5720.00    5740.00  7.054683843086109E-18  3.012408841469947E-18 360
 288    5740.00    5760.00  8.017838671789351E-18  2.472473441479809E-18 368
 289    5760.00    5780.00  3.542140487480044E-18  7.833907580139305E-19 306
 290    5780.00    5800.00  2.173051466364931E-17  1.496931046705505E-17 268
 291    5800.00    5820.00  2.550482874054397E-18  6.227960210009358E-19 251
 292    5820.00    5840.00  1.069135697853549E-18  2.981693966731883E-19 214
 293    5840.00    5860.00  2.388758767173108E-18  9.976192658903528E-19 168
 294    5860.00    5880.00  4.403975820221658E-19  1.316877062273728E-19 179
 295    5880.00    5900.00  2.031277491069360E-18  1.447894065712412E-18 151
 296    5900.00    5920.00  7.476918157288431E-19  2.275351803408480E-19 135
 297    5920.00    5940.00  6.213850167200156E-19  3.707867114500525E-19 108
 298    5940.00    5960.00  1.714901842774780E-18  1.597175648709896E-18 94
 299    5960.00    5980.00  5.880803253064964E-19  3.043323951586464E-19 79
 300    5980.00    6000.00  6.131715498020547E-19  5.426632329108255E-19 63
 301    6000.00    6020.00  3.609674117427555E-19  2.611929907364959E-19 41
 302    6020.00    6040.00  1.083021180501130E-19  5.216763662172203E-20 38
 303    6040.00    6060.00  3.504135234853224E-20  1.807149705333599E-20 42
 304    6060.00    6080.00  9.284905855381534E-21  6.666506922661353E-21 37
 305    6080.00    6100.00  9.792736626061832E-21  4.218734976944575E-21 22
 306    6100.00    6120.00  7.531912380504774E-21  3.269424575386004E-21 18
 307    6120.00    6140.00  9.837865153800794E-21  7.766408995318687E-21 8
 308    6140.00    6160.00  6.715598760538218E-22  4.247662711991511E-22 13
 309    6160.00    6180.00  2.484992925242529E-21  1.296483843423412E-21 14
 310    6180.00    6200.00  2.045448143647878E-23  1.517586025756151E-23 2
 311    6200.00    6220.00  5.955041019375312E-24  5.943744356633377E-24 4
 312    6220.00    6240.00  1.217023556020163E-23  1.217023555517366E-23 1
 313    6240.00    6260.00  1.657426312212173E-22  1.405521144021571E-22 6
 314    6260.00    6280.00  0.000000000000000E+00  0.000000000000000E+00 0
 315    6280.00    6300.00  0.000000000000000E+00  0.000000000000000E+00 0
 316    6300.00    6320.00  0.000000000000000E+00  0.000000000000000E+00 0
 317    6320.00    6340.00  0.000000000000000E+00  0.000000000000000E+00 0
 318    6340.00    6360.00  0.000000000000000E+00  0.000000000000000E+00 0
 319    6360.00    6380.00  0.000000000000000E+00  0.000000000000000E+00 0
 320    6380.00    6400.00  0.000000000000000E+00  0.000000000000000E+00 0
 321    6400.00    6420.00  0.000000000000000E+00  0.000000000000000E+00 0
 322    6420.00    6440.00  0.000000000000000E+00  0.000000000000000E+00 0
 323    6440.00    6460.00  0.000000000000000E+00  0.000000000000000E+00 0
 324    6460.00    6480.00  0.000000000000000E+00  0.000000000000000E+00 0
 325    6480.00    6500.00  0.000000000000000E+00  0.000000000000000E+00 0
 326    6500.00    6520.00  0.000000000000000E+00  0.000000000000000E+00 0
 327    6520.00    6540.00  0.000000000000000E+00  0.000000000000000E+00 0
 328    6540.00    6560.00  0.000000000000000E+00  0.000000000000000E+00 0
 329    6560.00    6580.00  0.000000000000000E+00  0.000000000000000E+00 0
 330    6580.00    6600.00  0.000000000000000E+00  0.000000000000000E+00 0
 331    6600.00    6620.00  0.000000000000000E+00  0.000000000000000E+00 0
 332    6620.00    6640.00  0.000000000000000E+00  0.000000000000000E+00 0
 333    6640.00    6660.00  0.000000000000000E+00  0.000000000000000E+00 0
 334    6660.00    6680.00  0.000000000000000E+00  0.000000000000000E+00 0
 335    6680.00    6700.00  0.000000000000000E+00  0.000000000000000E+00 0
 336    6700.00    6720.00  0.000000000000000E+00  0.000000000000000E+00 0
 337    6720.00    6740.00  0.000000000000000E+00  0.000000000000000E+00 0
 338    6740.00    6760.00  0.000000000000000E+00  0.000000000000000E+00 0
 339    6760.00    6780.00  0.000000000000000E+00  0.000000000000000E+00 0
 340    6780.00    6800.00  0.000000000000000E+00  0.000000000000000E+00 0
 341    6800.00    6820.00  0.000000000000000E+00  0.000000000000000E+00 0
 342    6820.00    6840.00  0.000000000000000E+00  0.000000000000000E+00 0
 343    6840.00    6860.00  0.000000000000000E+00  0.000000000000000E+00 0
 344    6860.00    6880.00  0.000000000000000E+00  0.000000000000000E+00 0
 345    6880.00    6900.00  0.000000000000000E+00  0.000000000000000E+00 0
 346    6900.00    6920.00  0.000000000000000E+00  0.000000000000000E+00 0
 347    6920.00    6940.00  0.000000000000000E+00  0.000000000000000E+00 0
 348    6940.00    6960.00  0.000000000000000E+00  0.000000000000000E+00 0
 349    6960.00    6980.00  0.000000000000000E+00  0.000000000000000E+00 0
 350    6980.00    7000.00  0.000000000000000E+00  0.000000000000000E+00 0
 351    7000.00    7020.00  0.000000000000000E+00  0.000000000000000E+00 0
 352    7020.00    7040.00  0.000000000000000E+00  0.000000000000000E+00 0
 353    7040.00    7060.00  0.000000000000000E+00  0.000000000000000E+00 0
 354    7060.00    7080.00  0.000000000000000E+00  0.000000000000000E+00 0
 355    7080.00    7100.00  0.000000000000000E+00  0.000000000000000E+00 0
 356    7100.00    7120.00  0.000000000000000E+00  0.000000000000000E+00 0
 357    7120.00    7140.00  0.000000000000000E+00  0.000000000000000E+00 0
 358    7140.00    7160.00  0.000000000000000E+00  0.000000000000000E+00 0
 359    7160.00    7180.00  0.000000000000000E+00  0.000000000000000E+00 0
 360    7180.00    7200.00  0.000000000000000E+00  0.000000000000000E+00 0
 361    7200.00    7220.00  0.000000000000000E+00  0.000000000000000E+00 0
 362    7220.00    7240.00  0.000000000000000E+00  0.000000000000000E+00 0
 363    7240.00    7260.00  0.000000000000000E+00  0.000000000000000E+00 0
 364    7260.00    7280.00  0.000000000000000E+00  0.000000000000000E+00 0
 365    7280.00    7300.00  0.000000000000000E+00  0.000000000000000E+00 0
 366    7300.00    7320.00  0.000000000000000E+00  0.000000000000000E+00 0
 367    7320.00    7340.00  0.000000000000000E+00  0.000000000000000E+00 0
 368    7340.00    7360.00  0.000000000000000E+00  0.000000000000000E+00 0
 369    7360.00    7380.00  0.000000000000000E+00  0.000000000000000E+00 0
 370    7380.00    7400.00  0.000000000000000E+00  0.000000000000000E+00 0
 371    7400.00    7420.00  0.000000000000000E+00  0.000000000000000E+00 0
 372    7420.00    7440.00  0.000000000000000E+00  0.000000000000000E+00 0
 373    7440.00    7460.00  0.000000000000000E+00  0.000000000000000E+00 0
 374    7460.00    7480.00  0.000000000000000E+00  0.000000000000000E+00 0
 375    7480.00    7500.00  0.000000000000000E+00  0.000000000000000E+00 0
 376    7500.00    7520.00  0.000000000000000E+00  0.000000000000000E+00 0
 377    7520.00    7540.00  0.000000000000000E+00  0.000000000000000E+00 0
 378    7540.00    7560.00  0.000000000000000E+00  0.000000000000000E+00 0
 379    7560.00    7580.00  0.000000000000000E+00  0.000000000000000E+00 0
 380    7580.00    7600.00  0.000000000000000E+00  0.000000000000000E+00 0
 381    7600.00    7620.00  0.000000000000000E+00  0.000000000000000E+00 0
 382    7620.00    7640.00  0.000000000000000E+00  0.000000000000000E+00 0
 383    7640.00    7660.00  0.000000000000000E+00  0.000000000000000E+00 0
 384    7660.00    7680.00  0.000000000000000E+00  0.000000000000000E+00 0
 385    7680.00    7700.00  0.000000000000000E+00  0.000000000000000E+00 0
 386    7700.00    7720.00  0.000000000000000E+00  0.000000000000000E+00 0
 387    7720.00    7740.00  0.000000000000000E+00  0.000000000000000E+00 0
 388    7740.00    7760.00  0.000000000000000E+00  0.000000000000000E+00 0
 389    7760.00    7780.00  0.000000000000000E+00  0.000000000000000E+00 0
 390    7780.00    7800.00  0.000000000000000E+00  0.000000000000000E+00 0
 391    7800.00    7820.00  0.000000000000000E+00  0.000000000000000E+00 0
 392    7820.00    7840.00  0.000000000000000E+00  0.000000000000000E+00 0
 393    7840.00    7860.00  0.000000000000000E+00  0.000000000000000E+00 0
 394    7860.00    7880.00  0.000000000000000E+00  0.000000000000000E+00 0
 395    7880.00    7900.00  0.000000000000000E+00  0.000000000000000E+00 0
 396    7900.00    7920.00  0.000000000000000E+00  0.000000000000000E+00 0
 397    7920.00    7940.00  0.000000000000000E+00  0.000000000000000E+00 0
 398    7940.00    7960.00  0.000000000000000E+00  0.000000000000000E+00 0
 399    7960.00    7980.00  0.000000000000000E+00  0.000000000000000E+00 0
 400    7980.00    8000.00  0.000000000000000E+00  0.000000000000000E+00 0
 401    8000.00    8020.00  0.000000000000000E+00  0.000000000000000E+00 0
 402    8020.00    8040.00  0.000000000000000E+00  0.000000000000000E+00 0
 403    8040.00    8060.00  0.000000000000000E+00  0.000000000000000E+00 0
 404    8060.00    8080.00  0.000000000000000E+00  0.000000000000000E+00 0
 405    8080.00    8100.00  0.000000000000000E+00  0.000000000000000E+00 0
 406    8100.00    8120.00  0.000000000000000E+00  0.000000000000000E+00 0
 407    8120.00    8140.00  0.000000000000000E+00  0.000000000000000E+00 0
 408    8140.00    8160.00  0.000000000000000E+00  0.000000000000000E+00 0
 409    8160.00    8180.00  0.000000000000000E+00  0.000000000000000E+00 0
 410    8180.00    8200.00  0.000000000000000E+00  0.000000000000000E+00 0
 411    8200.00    8220.00  0.000000000000000E+00  0.000000000000000E+00 0
 412    8220.00    8240.00  0.000000000000000E+00  0.000000000000000E+00 0
 413    8240.00    8260.00  0.000000000000000E+00  0.000000000000000E+00 0
 414    8260.00    8280.00  0.000000000000000E+00  0.000000000000000E+00 0
 415    8280.00    8300.00  0.000000000000000E+00  0.000000000000000E+00 0
 416    8300.00    8320.00  0.000000000000000E+00  0.000000000000000E+00 0
 417    8320.00    8340.00  0.000000000000000E+00  0.000000000000000E+00 0
 418    8340.00    8360.00  0.000000000000000E+00  0.000000000000000E+00 0
 419    8360.00    8380.00  0.000000000000000E+00  0.000000000000000E+00 0
 420    8380.00    8400.00  0.000000000000000E+00  0.000000000000000E+00 0
 421    8400.00    8420.00  0.000000000000000E+00  0.000000000000000E+00 0
 422    8420.00    8440.00  0.000000000000000E+00  0.000000000000000E+00 0
 423    8440.00    8460.00  0.000000000000000E+00  0.000000000000000E+00 0
 424    8460.00    8480.00  0.000000000000000E+00  0.000000000000000E+00 0
 425    8480.00    8500.00  0.000000000000000E+00  0.000000000000000E+00 0
 426    8500.00    8520.00  0.000000000000000E+00  0.000000000000000E+00 0
 427    8520.00    8540.00  0.000000000000000E+00  0.000000000000000E+00 0
 428    8540.00    8560.00  0.000000000000000E+00  0.000000000000000E+00 0
 429    8560.00    8580.00  0.000000000000000E+00  0.000000000000000E+00 0
 430    8580.00    8600.00  0.000000000000000E+00  0.000000000000000E+00 0
 431    8600.00    8620.00  0.000000000000000E+00  0.000000000000000E+00 0
 432    8620.00    8640.00  0.000000000000000E+00  0.000000000000000E+00 0
 433    8640.00    8660.00  0.000000000000000E+00  0.000000000000000E+00 0
 434    8660.00    8680.00  0.000000000000000E+00  0.000000000000000E+00 0
 435    8680.00    8700.00  0.000000000000000E+00  0.000000000000000E+00 0
 436    8700.00    8720.00  0.000000000000000E+00  0.000000000000000E+00 0
 437    8720.00    8740.00  0.000000000000000E+00  0.000000000000000E+00 0
 438    8740.00    8760.00  0.000000000000000E+00  0.000000000000000E+00 0
 439    8760.00    8780.00  0.000000000000000E+00  0.000000000000000E+00 0
 440    8780.00    8800.00  0.000000000000000E+00  0.000000000000000E+00 0
 441    8800.00    8820.00  0.000000000000000E+00  0.000000000000000E+00 0
 442    8820.00    8840.00  0.000000000000000E+00  0.000000000000000E+00 0
 443    8840.00    8860.00  0.000000000000000E+00  0.000000000000000E+00 0
 444    8860.00    8880.00  0.000000000000000E+00  0.000000000000000E+00 0
 445    8880.00    8900.00  0.000000000000000E+00  0.000000000000000E+00 0
 446    8900.00    8920.00  0.000000000000000E+00  0.000000000000000E+00 0
 447    8920.00    8940.00  0.000000000000000E+00  0.000000000000000E+00 0
 448    8940.00    8960.00  0.000000000000000E+00  0.000000000000000E+00 0
 449    8960.00    8980.00  0.000000000000000E+00  0.000000000000000E+00 0
 450    8980.00    9000.00  0.000000000000000E+00  0.000000000000000E+00 0
 451    9000.00    9020.00  0.000000000000000E+00  0.000000000000000E+00 0
 452    9020.00    9040.00  0.000000000000000E+00  0.000000000000000E+00 0
 453    9040.00    9060.00  0.000000000000000E+00  0.000000000000000E+00 0
 454    9060.00    9080.00  0.000000000000000E+00  0.000000000000000E+00 0
 455    9080.00    9100.00  0.000000000000000E+00  0.000000000000000E+00 0
 456    9100.00    9120.00  0.000000000000000E+00  0.000000000000000E+00 0
 457    9120.00    9140.00  0.000000000000000E+00  0.000000000000000E+00 0
 458    9140.00    9160.00  0.000000000000000E+00  0.000000000000000E+00 0
 459    9160.00    9180.00  0.000000000000000E+00  0.000000000000000E+00 0
 460    9180.00    9200.00  0.000000000000000E+00  0.000000000000000E+00 0
 461    9200.00    9220.00  0.000000000000000E+00  0.000000000000000E+00 0
 462    9220.00    9240.00  0.000000000000000E+00  0.000000000000000E+00 0
 463    9240.00    9260.00  0.000000000000000E+00  0.000000000000000E+00 0
 464    9260.00    9280.00  0.000000000000000E+00  0.000000000000000E+00 0
 465    9280.00    9300.00  0.000000000000000E+00  0.000000000000000E+00 0
 466    9300.00    9320.00  0.000000000000000E+00  0.000000000000000E+00 0
 467    9320.00    9340.00  0.000000000000000E+00  0.000000000000000E+00 0
 468    9340.00    9360.00  0.000000000000000E+00  0.000000000000000E+00 0
 469    9360.00    9380.00  0.000000000000000E+00  0.000000000000000E+00 0
 470    9380.00    9400.00  0.000000000000000E+00  0.000000000000000E+00 0
 471    9400.00    9420.00  0.000000000000000E+00  0.000000000000000E+00 0
 472    9420.00    9440.00  0.000000000000000E+00  0.000000000000000E+00 0
 473    9440.00    9460.00  0.000000000000000E+00  0.000000000000000E+00 0
 474    9460.00    9480.00  0.000000000000000E+00  0.000000000000000E+00 0
 475    9480.00    9500.00  0.000000000000000E+00  0.000000000000000E+00 0
 476    9500.00    9520.00  0.000000000000000E+00  0.000000000000000E+00 0
 477    9520.00    9540.00  0.000000000000000E+00  0.000000000000000E+00 0
 478    9540.00    9560.00  0.000000000000000E+00  0.000000000000000E+00 0
 479    9560.00    9580.00  0.000000000000000E+00  0.000000000000000E+00 0
 480    9580.00    9600.00  0.000000000000000E+00  0.000000000000000E+00 0
 481    9600.00    9620.00  0.000000000000000E+00  0.000000000000000E+00 0
 482    9620.00    9640.00  0.000000000000000E+00  0.000000000000000E+00 0
 483    9640.00    9660.00  0.000000000000000E+00  0.000000000000000E+00 0
 484    9660.00    9680.00  0.000000000000000E+00  0.000000000000000E+00 0
 485    9680.00    9700.00  0.000000000000000E+00  0.000000000000000E+00 0
 486    9700.00    9720.00  0.000000000000000E+00  0.000000000000000E+00 0
 487    9720.00    9740.00  0.000000000000000E+00  0.000000000000000E+00 0
 488    9740.00    9760.00  0.000000000000000E+00  0.000000000000000E+00 0
 489    9760.00    9780.00  0.000000000000000E+00  0.000000000000000E+00 0
 490    9780.00    9800.00  0.000000000000000E+00  0.000000000000000E+00 0
 491    9800.00    9820.00  0.000000000000000E+00  0.000000000000000E+00 0
 492    9820.00    9840.00  0.000000000000000E+00  0.000000000000000E+00 0
 493    9840.00    9860.00  0.000000000000000E+00  0.000000000000000E+00 0
 494    9860.00    9880.00  0.000000000000000E+00  0.000000000000000E+00 0
 495    9880.00    9900.00  0.000000000000000E+00  0.000000000000000E+00 0
 496    9900.00    9920.00  0.000000000000000E+00  0.000000000000000E+00 0
 497    9920.00    9940.00  0.000000000000000E+00  0.000000000000000E+00 0
 498    9940.00    9960.00  0.000000000000000E+00  0.000000000000000E+00 0
 499    9960.00    9980.00  0.000000000000000E+00  0.000000000000000E+00 0
 500    9980.00   10000.00  0.000000000000000E+00  0.000000000000000E+00 0
 501   10000.00   10020.00  0.000000000000000E+00  0.000000000000000E+00 0
 502   10020.00   10040.00  0.000000000000000E+00  0.000000000000000E+00 0
 503   10040.00   10060.00  0.000000000000000E+00  0.000000000000000E+00 0
 504   10060.00   10080.00  0.000000000000000E+00  0.000000000000000E+00 0
 505   10080.00   10100.00  0.000000000000000E+00  0.000000000000000E+00 0
 506   10100.00   10120.00  0.000000000000000E+00  0.000000000000000E+00 0
 507   10120.00   10140.00  0.000000000000000E+00  0.000000000000000E+00 0
 508   10140.00   10160.00  0.000000000000000E+00  0.000000000000000E+00 0
 509   10160.00   10180.00  0.000000000000000E+00  0.000000000000000E+00 0
 510   10180.00   10200.00  0.000000000000000E+00  0.000000000000000E+00 0
 511   10200.00   10220.00  0.000000000000000E+00  0.000000000000000E+00 0
 512   10220.00   10240.00  0.000000000000000E+00  0.000000000000000E+00 0
 513   10240.00   10260.00  0.000000000000000E+00  0.000000000000000E+00 0
 514   10260.00   10280.00  0.000000000000000E+00  0.000000000000000E+00 0
 515   10280.00   10300.00  0.000000000000000E+00  0.000000000000000E+00 0
 516   10300.00   10320.00  0.000000000000000E+00  0.000000000000000E+00 0
 517   10320.00   10340.00  0.000000000000000E+00  0.000000000000000E+00 0
 518   10340.00   10360.00  0.000000000000000E+00  0.000000000000000E+00 0
 519   10360.00   10380.00  0.000000000000000E+00  0.000000000000000E+00 0
 520   10380.00   10400.00  0.000000000000000E+00  0.000000000000000E+00 0
 521   10400.00   10420.00  0.000000000000000E+00  0.000000000000000E+00 0
 522   10420.00   10440.00  0.000000000000000E+00  0.000000000000000E+00 0
 523   10440.00   10460.00  0.000000000000000E+00  0.000000000000000E+00 0
 524   10460.00   10480.00  0.000000000000000E+00  0.000000000000000E+00 0
 525   10480.00   10500.00  0.000000000000000E+00  0.000000000000000E+00 0
 526   10500.00   10520.00  0.000000000000000E+00  0.000000000000000E+00 0
 527   10520.00   10540.00  0.000000000000000E+00  0.000000000000000E+00 0
 528   10540.00   10560.00  0.000000000000000E+00  0.000000000000000E+00 0
 529   10560.00   10580.00  0.000000000000000E+00  0.000000000000000E+00 0
 530   10580.00   10600.00  0.000000000000000E+00  0.000000000000000E+00 0
 531   10600.00   10620.00  0.000000000000000E+00  0.000000000000000E+00 0
 532   10620.00   10640.00  0.000000000000000E+00  0.000000000000000E+00 0
 533   10640.00   10660.00  0.000000000000000E+00  0.000000000000000E+00 0
 534   10660.00   10680.00  0.000000000000000E+00  0.000000000000000E+00 0
 535   10680.00   10700.00  0.000000000000000E+00  0.000000000000000E+00 0
 536   10700.00   10720.00  0.000000000000000E+00  0.000000000000000E+00 0
 537   10720.00   10740.00  0.000000000000000E+00  0.000000000000000E+00 0
 538   10740.00   10760.00  0.000000000000000E+00  0.000000000000000E+00 0
 539   10760.00   10780.00  0.000000000000000E+00  0.000000000000000E+00 0
 540   10780.00   10800.00  0.000000000000000E+00  0.000000000000000E+00 0
 541   10800.00   10820.00  0.000000000000000E+00  0.000000000000000E+00 0
 542   10820.00   10840.00  0.000000000000000E+00  0.000000000000000E+00 0
 543   10840.00   10860.00  0.000000000000000E+00  0.000000000000000E+00 0
 544   10860.00   10880.00  0.000000000000000E+00  0.000000000000000E+00 0
 545   10880.00   10900.00  0.000000000000000E+00  0.000000000000000E+00 0
 546   10900.00   10920.00  0.000000000000000E+00  0.000000000000000E+00 0
 547   10920.00   10940.00  0.000000000000000E+00  0.000000000000000E+00 0
 548   10940.00   10960.00  0.000000000000000E+00  0.000000000000000E+00 0
 549   10960.00   10980.00  0.000000000000000E+00  0.000000000000000E+00 0
 550   10980.00   11000.00  0.000000000000000E+00  0.000000000000000E+00 0
 551   11000.00   11020.00  0.000000000000000E+00  0.000000000000000E+00 0
 552   11020.00   11040.00  0.000000000000000E+00  0.000000000000000E+00 0
 553   11040.00   11060.00  0.000000000000000E+00  0.000000000000000E+00 0
 554   11060.00   11080.00  0.000000000000000E+00  0.000000000000000E+00 0
 555   11080.00   11100.00  0.000000000000000E+00  0.000000000000000E+00 0
 556   11100.00   11120.00  0.000000000000000E+00  0.000000000000000E+00 0
 557   11120.00   11140.00  0.000000000000000E+00  0.000000000000000E+00 0
 558   11140.00   11160.00  0.000000000000000E+00  0.000000000000000E+00 0
 559   11160.00   11180.00  0.000000000000000E+00  0.000000000000000E+00 0
 560   11180.00   11200.00  0.000000000000000E+00  0.000000000000000E+00 0
 561   11200.00   11220.00  0.000000000000000E+00  0.000000000000000E+00 0
 562   11220.00   11240.00  0.000000000000000E+00  0.000000000000000E+00 0
 563   11240.00   11260.00  0.000000000000000E+00  0.000000000000000E+00 0
 564   11260.00   11280.00  0.000000000000000E+00  0.000000000000000E+00 0
 565   11280.00   11300.00  0.000000000000000E+00  0.000000000000000E+00 0
 566   11300.00   11320.00  0.000000000000000E+00  0.000000000000000E+00 0
 567   11320.00   11340.00  0.000000000000000E+00  0.000000000000000E+00 0
 568   11340.00   11360.00  0.000000000000000E+00  0.000000000000000E+00 0
 569   11360.00   11380.00  0.000000000000000E+00  0.000000000000000E+00 0
 570   11380.00   11400.00  0.000000000000000E+00  0.000000000000000E+00 0
 571   11400.00   11420.00  0.000000000000000E+00  0.000000000000000E+00 0
 572   11420.00   11440.00  0.000000000000000E+00  0.000000000000000E+00 0
 573   11440.00   11460.00  0.000000000000000E+00  0.000000000000000E+00 0
 574   11460.00   11480.00  0.000000000000000E+00  0.000000000000000E+00 0
 575   11480.00   11500.00  0.000000000000000E+00  0.000000000000000E+00 0
 576   11500.00   11520.00  0.000000000000000E+00  0.000000000000000E+00 0
 577   11520.00   11540.00  0.000000000000000E+00  0.000000000000000E+00 0
 578   11540.00   11560.00  0.000000000000000E+00  0.000000000000000E+00 0
 579   11560.00   11580.00  0.000000000000000E+00  0.000000000000000E+00 0
 580   11580.00   11600.00  0.000000000000000E+00  0.000000000000000E+00 0
 581   11600.00   11620.00  0.000000000000000E+00  0.000000000000000E+00 0
 582   11620.00   11640.00  0.000000000000000E+00  0.000000000000000E+00 0
 583   11640.00   11660.00  0.000000000000000E+00  0.000000000000000E+00 0
 584   11660.00   11680.00  0.000000000000000E+00  0.000000000000000E+00 0
 585   11680.00   11700.00  0.000000000000000E+00  0.000000000000000E+00 0
 586   11700.00   11720.00  0.000000000000000E+00  0.000000000000000E+00 0
 587   11720.00   11740.00  0.000000000000000E+00  0.000000000000000E+00 0
 588   11740.00   11760.00  0.000000000000000E+00  0.000000000000000E+00 0
 589   11760.00   11780.00  0.000000000000000E+00  0.000000000000000E+00 0
 590   11780.00   11800.00  0.000000000000000E+00  0.000000000000000E+00 0
 591   11800.00   11820.00  0.000000000000000E+00  0.000000000000000E+00 0
 592   11820.00   11840.00  0.000000000000000E+00  0.000000000000000E+00 0
 593   11840.00   11860.00  0.000000000000000E+00  0.000000000000000E+00 0
 594   11860.00   11880.00  0.000000000000000E+00  0.000000000000000E+00 0
 595   11880.00   11900.00  0.000000000000000E+00  0.000000000000000E+00 0
 596   11900.00   11920.00  0.000000000000000E+00  0.000000000000000E+00 0
 597   11920.00   11940.00  0.000000000000000E+00  0.000000000000000E+00 0
 598   11940.00   11960.00  0.000000000000000E+00  0.000000000000000E+00 0
 599   11960.00   11980.00  0.000000000000000E+00  0.000000000000000E+00 0
 600   11980.00   12000.00  0.000000000000000E+00  0.000000000000000E+00 0
 601   12000.00   12020.00  0.000000000000000E+00  0.000000000000000E+00 0
 602   12020.00   12040.00  0.000000000000000E+00  0.000000000000000E+00 0
 603   12040.00   12060.00  0.000000000000000E+00  0.000000000000000E+00 0
 604   12060.00   12080.00  0.000000000000000E+00  0.000000000000000E+00 0
 605   12080.00   12100.00  0.000000000000000E+00  0.000000000000000E+00 0
 606   12100.00   12120.00  0.000000000000000E+00  0.000000000000000E+00 0
 607   12120.00   12140.00  0.000000000000000E+00  0.000000000000000E+00 0
 608   12140.00   12160.00  0.000000000000000E+00  0.000000000000000E+00 0
 609   12160.00   12180.00  0.000000000000000E+00  0.000000000000000E+00 0
 610   12180.00   12200.00  0.000000000000000E+00  0.000000000000000E+00 0
 611   12200.00   12220.00  0.000000000000000E+00  0.000000000000000E+00 0
 612   12220.00   12240.00  0.000000000000000E+00  0.000000000000000E+00 0
 613   12240.00   12260.00  0.000000000000000E+00  0.000000000000000E+00 0
 614   12260.00   12280.00  0.000000000000000E+00  0.000000000000000E+00 0
 615   12280.00   12300.00  0.000000000000000E+00  0.000000000000000E+00 0
 616   12300.00   12320.00  0.000000000000000E+00  0.000000000000000E+00 0
 617   12320.00   12340.00  0.000000000000000E+00  0.000000000000000E+00 0
 618   12340.00   12360.00  0.000000000000000E+00  0.000000000000000E+00 0
 619   12360.00   12380.00  0.000000000000000E+00  0.000000000000000E+00 0
 620   12380.00   12400.00  0.000000000000000E+00  0.000000000000000E+00 0
 621   12400.00   12420.00  0.000000000000000E+00  0.000000000000000E+00 0
 622   12420.00   12440.00  0.000000000000000E+00  0.000000000000000E+00 0
 623   12440.00   12460.00  0.000000000000000E+00  0.000000000000000E+00 0
 624   12460.00   12480.00  0.000000000000000E+00  0.000000000000000E+00 0
 625   12480.00   12500.00  0.000000000000000E+00  0.000000000000000E+00 0
 626   12500.00   12520.00  0.000000000000000E+00  0.000000000000000E+00 0
 627   12520.00   12540.00  0.000000000000000E+00  0.000000000000000E+00 0
 628   12540.00   12560.00  0.000000000000000E+00  0.000000000000000E+00 0
 629   12560.00   12580.00  0.000000000000000E+00  0.000000000000000E+00 0
 630   12580.00   12600.00  0.000000000000000E+00  0.000000000000000E+00 0
 631   12600.00   12620.00  0.000000000000000E+00  0.000000000000000E+00 0
 632   12620.00   12640.00  0.000000000000000E+00  0.000000000000000E+00 0
 633   12640.00   12660.00  0.000000000000000E+00  0.000000000000000E+00 0
 634   12660.00   12680.00  0.000000000000000E+00  0.000000000000000E+00 0
 635   12680.00   12700.00  0.000000000000000E+00  0.000000000000000E+00 0
 636   12700.00   12720.00  0.000000000000000E+00  0.000000000000000E+00 0
 637   12720.00   12740.00  0.000000000000000E+00  0.000000000000000E+00 0
 638   12740.00   12760.00  0.000000000000000E+00  0.000000000000000E+00 0
 639   12760.00   12780.00  0.000000000000000E+00  0.000000000000000E+00 0
 640   12780.00   12800.00  0.000000000000000E+00  0.000000000000000E+00 0
 641   12800.00   12820.00  0.000000000000000E+00  0.000000000000000E+00 0
 642   12820.00   12840.00  0.000000000000000E+00  0.000000000000000E+00 0
 643   12840.00   12860.00  0.000000000000000E+00  0.000000000000000E+00 0
 644   12860.00   12880.00  0.000000000000000E+00  0.000000000000000E+00 0
 645   12880.00   12900.00  0.000000000000000E+00  0.000000000000000E+00 0
 646   12900.00   12920.00  0.000000000000000E+00  0.000000000000000E+00 0
 647   12920.00   12940.00  0.000000000000000E+00  0.000000000000000E+00 0
 648   12940.00   12960.00  0.000000000000000E+00  0.000000000000000E+00 0
 649   12960.00   12980.00  0.000000000000000E+00  0.000000000000000E+00 0
 650   12980.00   13000.00  0.000000000000000E+00  0.000000000000000E+00 0
# Underflow:                 0.0000000000000000E+00  0.0000000000000000E+00 0
# Overflow:                  0.0000000000000000E+00  0.0000000000000000E+00 0
#-------------------------------------------------------------------------------------
# Sum:                       1.5554476617683764E-06  2.0091351616471953E-09 20479000
#=====================================================================================
