            1          id1         born      0.50000      0.50000            0    1.4935404097103417E-02    7.6888083279098322E-06    5.1480417121094205E-02        57,479,000     1,719,239,436       21h 48.000m
            2          id2         born      0.50000      0.50000            0    1.2241703206765205E-04    1.2346591536126891E-07    1.0085681156935516E-01        20,479,000     1,822,205,437       20h 48.146m
            3          id3         born      0.50000      0.50000            0    5.6705304893926431E-02    2.5662992877358885E-05    4.5256776108274811E-02        53,479,000     1,658,404,060       21h 27.107m
            4          id4         born      0.50000      0.50000            0    5.4988445985227723E-03    3.7905611563423329E-06    6.8933774876282952E-02        34,479,000     1,024,228,835        21h 7.523m
            5          id5         born      0.50000      0.50000            0    9.3932173657616472E-03    5.7764013534722730E-06    6.1495450691126365E-02        34,479,000     1,056,717,456        21h 5.862m
            6          id6         born      0.50000      0.50000            0    1.4926681317731283E-02    9.2358343394430447E-06    6.1874666865647306E-02        31,479,000     1,038,595,731       20h 52.727m
            7          id7         born      0.50000      0.50000            0    1.2230758227157139E-04    1.5748072357727353E-07    1.2875794014765479E-01        12,479,000     1,121,351,359       19h 50.312m
            8          id8         born      0.50000      0.50000            0    2.8071613888261378E-03    1.9160250561794950E-06    6.8254894920049936E-02        35,479,000     1,017,927,871       21h 17.503m
            9          id9         born      0.50000      0.50000            0    6.3733337669640445E-03    4.1119451493669691E-06    6.4517963435103548E-02        34,479,000     1,026,458,529        21h 3.256m
           10         id10         born      0.50000      0.50000            0    7.1067479251422719E-03    4.5465290800660940E-06    6.3974818411405454E-02        32,479,000     1,022,467,203       20h 56.360m
           11         id11         born      0.50000      0.50000            0    1.1923807567604368E-04    1.7118414143267747E-07    1.4356499839679177E-01         5,913,000     1,153,957,912       19h 34.857m
           12         id12         born      0.50000      0.50000            0    1.1214781519541261E-04    1.6127258953815466E-07    1.4380359461942643E-01         5,913,000     1,172,330,848        20h 7.742m
           13         id13         born      0.50000      0.50000            0    1.5028916779249318E-02    1.3785052716590949E-05    9.1723528176190366E-02        31,479,000       980,832,717        21h 2.217m
           14         id14         born      0.50000      0.50000            0    1.6581195302368369E-03    1.1563051534726726E-06    6.9735934737317290E-02        35,479,000     1,044,212,104       21h 28.446m
           15         id15         born      0.50000      0.50000            0    3.9537924764316244E-04    2.7045198568577856E-07    6.8403181830591880E-02        37,479,000     1,068,769,786       20h 43.039m
           16         id16         born      0.50000      0.50000            0    4.3231252701398987E-04    2.5848007984453731E-07    5.9790097138724074E-02        50,479,000     1,429,913,576       21h 18.339m
           17         id17         born      0.50000      0.50000            0    3.9807793083257204E-04    2.3669685260783427E-07    5.9459928389596364E-02        49,479,000     1,416,136,345        21h 6.711m
           18         id18         born      0.50000      0.50000            0    8.0626814813714932E-04    4.2309195086307257E-07    5.2475339853200173E-02        47,479,000     1,424,887,531       20h 59.824m
           19         id19         born      0.50000      0.50000            0    2.8496951446375690E-03    1.5803401747061595E-06    5.5456464446029398E-02        48,479,000     1,426,878,251        21h 8.771m
           20         id20         born      0.50000      0.50000            0    5.3578035596402022E-04    2.9688351916181771E-07    5.5411422956640581E-02        54,479,000     1,561,950,849       21h 28.215m
           21         id21         born      0.50000      0.50000            0    4.4508590041007844E-02    2.7068295282253085E-05    6.0815890274919522E-02        47,479,000     1,560,098,368       21h 20.127m
           22         id22         born      0.50000      0.50000            0    5.6695673702558430E-02    2.4700106925988606E-05    4.3566122973637045E-02        47,479,000     1,577,617,351       21h 11.654m
           23         id23         born      0.50000      0.50000            0    6.3802564538976919E-03    3.1108919873352582E-06    4.8758102590606957E-02        54,479,000     1,632,623,961       21h 29.420m
           24         id24         born      0.50000      0.50000            0    7.1068530513707312E-03    3.9492272778997955E-06    5.5569282906983569E-02        51,479,000     1,496,057,191        21h 8.480m
           25         id25         born      0.50000      0.50000            0    1.1911871528794154E-04    1.2866051012651645E-07    1.0801032383157413E-01         9,526,000     1,918,980,998       21h 33.233m
           26         id26         born      0.50000      0.50000            0    1.1194021299447225E-04    1.2941416915525370E-07    1.1561007942842161E-01         9,526,000     1,873,779,049       20h 53.735m
           27         id27         born      0.50000      0.50000            0    1.5027147631489856E-02    1.1148867826735845E-05    7.4191510592289941E-02        50,479,000     1,496,786,296        21h 9.674m
           28         id28         born      0.50000      0.50000            0    5.5988189236594710E-02    2.7252562858653785E-05    4.8675556809830003E-02        46,479,000     1,437,071,662        21h 6.807m
           29         id29         born      0.50000      0.50000            0    7.4890479249684408E-03    4.1502142772995614E-06    5.5417114683733990E-02        45,479,000     1,374,257,998       20h 57.537m
           30         id30         born      0.50000      0.50000            0    6.7215108634137967E-05    7.8540340109236681E-08    1.1684923480038345E-01        18,479,000     1,635,451,630       20h 58.554m
           31         id31         born      0.50000      0.50000            0    2.0676806883794252E-03    1.0795687486942411E-06    5.2211579610020382E-02        54,479,000     1,584,234,471       21h 17.636m
           32         id32         born      0.50000      0.50000            0    2.8490887534550697E-03    1.5132035849642958E-06    5.3111844379338642E-02        48,479,000     1,428,322,005        21h 7.775m
           33         id33         born      0.50000      0.50000            0    2.4469796801710013E-03    1.3557116762872403E-06    5.5403470951278989E-02        55,479,000     1,599,817,515       21h 17.351m
           34         id34         born      0.50000      0.50000            0    3.7132227619802983E-03    1.8138710773110721E-06    4.8848970115213788E-02        47,479,000     1,425,781,182       20h 54.892m
           35         id35         born      0.50000      0.50000            0    4.3131141550165480E-03    2.1646361651131727E-06    5.0187314485880277E-02        53,479,000     1,607,611,376       21h 12.434m
           36         id36         born      0.50000      0.50000            0    2.6796092744961471E-03    1.4057740530539983E-06    5.2461904294547911E-02        52,479,000     1,538,823,100        21h 5.035m
           37         id37         born      0.50000      0.50000            0    1.9161296363179420E-01    1.0467036156816050E-04    5.4625929052115878E-02        47,479,000     1,552,810,831       21h 20.531m
           38         id38         born      0.50000      0.50000            0    1.6578770853543190E-03    9.6933261469793621E-07    5.8468304029352811E-02        55,479,000     1,568,688,351       21h 23.456m
           39         id39         born      0.50000      0.50000            0    7.4880539682808276E-03    3.9756504971012503E-06    5.3093240432587507E-02        53,479,000     1,603,365,975        21h 3.064m
           40         id40         born      0.50000      0.50000            0    6.7406481212349724E-05    7.4337943171709095E-08    1.1028307936372361E-01        20,479,000     1,821,420,462       20h 36.316m
           41         id41         born      0.50000      0.50000            0    4.9270959614896844E-04    2.9890712025681621E-07    6.0665983084779017E-02        56,479,000     1,593,377,305       21h 17.931m
           42         id42         born      0.50000      0.50000            0    9.3902805246991563E-04    5.5872952813355879E-07    5.9500834577192699E-02        46,479,000     1,363,566,812       20h 47.909m
           43         id43         born      0.50000      0.50000            0    3.9598075901777261E-04    2.2957258279642546E-07    5.7975691386086173E-02        56,479,000     1,579,824,569        21h 8.074m
           44         id44         born      0.50000      0.50000            0    2.0682554856498335E-03    1.1118695356657321E-06    5.3758809942979047E-02        55,479,000     1,625,756,021       20h 57.915m
           45         id45         born      0.50000      0.50000            0    5.4982092644991244E-03    3.0629201086690807E-06    5.5707594260658001E-02        44,479,000     1,399,425,453       20h 57.438m
           46         id46         born      0.50000      0.50000            0    4.3192889015051969E-04    2.3493134742448041E-07    5.4391209474923277E-02        55,479,000     1,620,819,705       21h 11.157m
           47         id47         born      0.50000      0.50000            0    3.9829236576577765E-04    2.3242477846742924E-07    5.8355318465760010E-02        56,479,000     1,565,088,967        21h 3.273m
           48         id48         born      0.50000      0.50000            0    2.4461930788033858E-03    1.3903239798615434E-06    5.6836232262649271E-02        45,479,000     1,402,390,844       20h 55.713m
           49         id49         born      0.50000      0.50000            0    4.9207239813281434E-04    2.8746391396916347E-07    5.8419028390934984E-02        55,479,000     1,609,246,940       20h 54.009m
           50         id50         born      0.50000      0.50000            0    9.3987797111426477E-03    4.7526701408745708E-06    5.0566885137653353E-02        42,479,000     1,381,944,361       20h 44.297m
           51         id51         born      0.50000      0.50000            0    8.0644621058726187E-04    4.0839679203721893E-07    5.0641541453808864E-02        57,479,000     1,625,784,822       21h 13.411m
           52         id52         born      0.50000      0.50000            0    3.7114231893793474E-03    1.8958227571759393E-06    5.1080748824360644E-02        47,479,000     1,403,745,605       20h 52.093m
           53         id53         born      0.50000      0.50000            0    4.3088118331300312E-03    1.9830950475630389E-06    4.6024173817831075E-02        54,479,000     1,722,305,368       21h 29.995m
           54         id54         born      0.50000      0.50000            0    9.3942456493549618E-04    5.3362821863022485E-07    5.6803732683620572E-02        46,479,000     1,386,882,006       20h 58.210m
           55         id55         born      0.50000      0.50000            0    5.3552739296858676E-04    3.0049854930715755E-07    5.6112638354763732E-02        57,479,000     1,605,964,308        21h 1.161m
           56         id56         born      0.50000      0.50000            0    2.6813253668364584E-03    1.5587671537000223E-06    5.8134203815000715E-02        46,479,000     1,353,475,604       20h 55.818m
           57         id57         born      0.50000      0.50000            0    4.4461186545955163E-02    3.3429969519880680E-05    7.5189107887004766E-02        43,479,000     1,638,715,621        21h 5.242m
           58         id58         born      0.50000      0.50000            0    1.9156288385896700E-01    1.3554523963915001E-04    7.0757568955237451E-02        37,479,000     1,369,286,600       20h 45.375m
           59         id59         born      0.50000      0.50000            0    3.8081594596803742E-02    3.4845043475451953E-05    9.1501009462394103E-02        34,479,000     1,416,374,115       20h 50.311m
