# title = Total Transverse Energy without Gluon
# xlabel = $H_{\text{T},\text{no g}}\,$[GeV]
# ylabel = $\frac{\text{d}\sigma}{\text{d}H_{\text{T},\text{no g}}}\,\left[\frac{\text{fb}}{\text{GeV}}\right]$
# xmin=  0.000E+00
# xmax=  2.000E+03
# ymin=  1.000E-06
# ymax=  1.000E-03
# kmin=  0.000E+00
# kmax=  1.000E+02
# logscale = true
# Renormalization and factorization scale scaled by: 1.0000000000
# Renormalization scaled by: 1.0000000000
# Number of generated events: 1658404060
#	#	#
#=====================================================================================	#=====================================================================================	#=====================================================================================
# No.       Left      Right                   Value                   Error Hits
#-------------------------------------------------------------------------------------	#-------------------------------------------------------------------------------------	#-------------------------------------------------------------------------------------
   1      10.00      70.00  0.000000000000000E+00  0.000000000000000E+00 0	   1      10.00      70.00  0.000000000000000E+00  0.000000000000000E+00 0	   1      10.00      70.00  0.000000000000000E+00  0.000000000000000E+00 0
   2      70.00     130.00  0.000000000000000E+00  0.000000000000000E+00 0	   2      70.00     130.00  0.000000000000000E+00  0.000000000000000E+00 0	   2      70.00     130.00  0.000000000000000E+00  0.000000000000000E+00 0
   3     130.00     190.00  9.150732486733892E-07  3.611011440051570E-08 55138	   3     130.00     190.00  6.597501361845823E-07  2.551230383667749E-08 55138	   3     130.00     190.00  1.319017170053200E-06  5.326832432659022E-08 55138
   4     190.00     250.00  1.094747133298354E-04  3.850187431990418E-07 4497115	   4     190.00     250.00  7.970652278611346E-05  2.769423830323454E-07 4497115	   4     190.00     250.00  1.559465388941590E-04  5.561687081341457E-07 4497115
   5     250.00     310.00  6.655309769150650E-04  8.916156095305231E-07 27938863	   5     250.00     310.00  4.898329626327637E-04  6.482228460033663E-07 27938863	   5     250.00     310.00  9.356049400437044E-04  1.271303580388574E-06 27938863
   6     310.00     370.00  1.109172061752711E-03  9.753614816856409E-07 57368133	   6     310.00     370.00  8.253758154173344E-04  7.185189857630645E-07 57368133	   6     310.00     370.00  1.538433562401975E-03  1.368571309929357E-06 57368133
   7     370.00     430.00  1.271992028506267E-03  9.156021887346666E-07 81497258	   7     370.00     430.00  9.538758427827374E-04  6.800569451405139E-07 81497258	   7     370.00     430.00  1.747641966245712E-03  1.272130314004006E-06 81497258
   8     430.00     490.00  1.264390611326826E-03  8.198082562472414E-07 97141423	   8     430.00     490.00  9.530396922461835E-04  6.130013290122852E-07 97141423	   8     430.00     490.00  1.726243182892921E-03  1.129630539115639E-06 97141423
   9     490.00     550.00  1.139025816657868E-03  7.086593328139083E-07 103509681	   9     490.00     550.00  8.608411842715841E-04  5.317352032769136E-07 103509681	   9     490.00     550.00  1.549778249254053E-03  9.722148623646527E-07 103509681
  10     550.00     610.00  9.652521466809506E-04  5.969758705431447E-07 104449902	  10     550.00     610.00  7.303735282954261E-04  4.488738960013303E-07 104449902	  10     550.00     610.00  1.311180380611290E-03  8.168551881453456E-07 104449902
  11     610.00     670.00  7.889715538745239E-04  4.970989632633379E-07 102395752	  11     610.00     670.00  5.972725564329718E-04  3.743375787920916E-07 102395752	  11     610.00     670.00  1.070870377804249E-03  6.787957014910023E-07 102395752
  12     670.00     730.00  6.300559437929364E-04  4.086973461919548E-07 98622270	  12     670.00     730.00  4.769472780764335E-04  3.080297607371526E-07 98622270	  12     670.00     730.00  8.550404014969980E-04  5.574065317165514E-07 98622270
  13     730.00     790.00  4.962591114798758E-04  3.358100879389351E-07 93922284	  13     730.00     790.00  3.755756820151861E-04  2.532745665049362E-07 93922284	  13     730.00     790.00  6.735145059016782E-04  4.575422804515989E-07 93922284
  14     790.00     850.00  3.881483891575911E-04  2.762867409811685E-07 88906670	  14     790.00     850.00  2.936468744633717E-04  2.085676856234673E-07 88906670	  14     790.00     850.00  5.269178899754022E-04  3.759739953617592E-07 88906670
  15     850.00     910.00  3.028907229791101E-04  2.283347623051356E-07 83866116	  15     850.00     910.00  2.290364693613690E-04  1.724390815378176E-07 83866116	  15     850.00     910.00  4.113362936297319E-04  3.105048751281738E-07 83866116
  16     910.00     970.00  2.366122065344866E-04  1.875188919362484E-07 78969417	  16     910.00     970.00  1.788194132557017E-04  1.416362664502592E-07 78969417	  16     910.00     970.00  3.214808369341723E-04  2.549175704400415E-07 78969417
  17     970.00    1030.00  1.851133048064978E-04  1.557956850792189E-07 74283368	  17     970.00    1030.00  1.398069420764200E-04  1.176634671248098E-07 74283368	  17     970.00    1030.00  2.516632146615989E-04  2.117982479572820E-07 74283368
  18    1030.00    1090.00  1.451149213401817E-04  1.296819025542497E-07 69861055	  18    1030.00    1090.00  1.095385459406557E-04  9.798509735184221E-08 69861055	  18    1030.00    1090.00  1.973787843764272E-04  1.761745191455607E-07 69861055
  19    1090.00    1150.00  1.141978909574257E-04  1.087736854311783E-07 65692798	  19    1090.00    1150.00  8.614898974127002E-05  8.217597995769072E-08 65692798	  19    1090.00    1150.00  1.554128914910189E-04  1.477766298649152E-07 65692798
  20    1150.00    1210.00  9.003454576124006E-05  9.023139349303419E-08 61807585	  20    1150.00    1210.00  6.787439899296778E-05  6.813313463726719E-08 61807585	  20    1150.00    1210.00  1.226078586773774E-04  1.226510667701464E-07 61807585
  21    1210.00    1270.00  7.119047969395868E-05  7.567545868558208E-08 58171351	  21    1210.00    1270.00  5.363328523056940E-05  5.711225236771039E-08 58171351	  21    1210.00    1270.00  9.700704144570912E-05  1.029281658907746E-07 58171351
  22    1270.00    1330.00  5.657205223958061E-05  6.365971339580326E-08 54774795	  22    1270.00    1330.00  4.259422157601949E-05  4.805698319847423E-08 54774795	  22    1270.00    1330.00  7.713148266182527E-05  8.653471478350203E-08 54774795
  23    1330.00    1390.00  4.506474684552466E-05  5.350927822472381E-08 51596919	  23    1330.00    1390.00  3.390716064571641E-05  4.038187391813199E-08 51596919	  23    1330.00    1390.00  6.148252785466264E-05  7.274470404525177E-08 51596919
  24    1390.00    1450.00  3.599793761527087E-05  4.518631736827341E-08 48647320	  24    1390.00    1450.00  2.707009988734267E-05  3.408571157781761E-08 48647320	  24    1390.00    1450.00  4.913804480841747E-05  6.146056531092562E-08 48647320
  25    1450.00    1510.00  2.893735740079010E-05  3.822553464328927E-08 45877887	  25    1450.00    1510.00  2.174637387479631E-05  2.881293360828771E-08 45877887	  25    1450.00    1510.00  3.952535992763652E-05  5.203644538717271E-08 45877887
  26    1510.00    1570.00  2.327172760850340E-05  3.260017070489655E-08 43304091	  26    1510.00    1570.00  1.747652902762024E-05  2.452784063241256E-08 43304091	  26    1510.00    1570.00  3.180867413676149E-05  4.449837302133204E-08 43304091
  27    1570.00    1630.00  1.878133957714151E-05  2.725020666469151E-08 40888283	  27    1570.00    1630.00  1.409528534452580E-05  2.051706754912501E-08 40888283	  27    1570.00    1630.00  2.568714072264124E-05  3.713691194466321E-08 40888283
  28    1630.00    1690.00  1.524326260770025E-05  2.341269918568826E-08 38632016	  28    1630.00    1690.00  1.143280316611871E-05  1.760948864208994E-08 38632016	  28    1630.00    1690.00  2.086102572641664E-05  3.194801266071775E-08 38632016
  29    1690.00    1750.00  1.238526084887785E-05  2.016400829878965E-08 36528202	  29    1690.00    1750.00  9.283830591660430E-06  1.516362630219831E-08 36528202	  29    1690.00    1750.00  1.695917413514290E-05  2.751551166432531E-08 36528202
  30    1750.00    1810.00  1.007059199843522E-05  1.758876974835267E-08 34545218	  30    1750.00    1810.00  7.544031784861166E-06  1.322017278851423E-08 34545218	  30    1750.00    1810.00  1.379840564225371E-05  2.400376399749111E-08 34545218
  31    1810.00    1870.00  8.242798015682757E-06  1.481512537853652E-08 32677901	  31    1810.00    1870.00  6.170777182280164E-06  1.113145719680507E-08 32677901	  31    1810.00    1870.00  1.130157372626546E-05  2.022871660032198E-08 32677901
  32    1870.00    1930.00  6.782777131544490E-06  1.279178503486022E-08 30926687	  32    1870.00    1930.00  5.075081512916521E-06  9.614738875611934E-09 30926687	  32    1870.00    1930.00  9.304487885754282E-06  1.745674069181261E-08 30926687
  33    1930.00    1990.00  5.551438570862650E-06  1.091599966509927E-08 29283406	  33    1930.00    1990.00  4.150728388407653E-06  8.188449926655334E-09 29283406	  33    1930.00    1990.00  7.621101747480861E-06  1.493111540777308E-08 29283406
  34    1990.00    2050.00  4.585696478504539E-06  9.474992279226116E-09 27746895	  34    1990.00    2050.00  3.426735205693896E-06  7.096614732664983E-09 27746895	  34    1990.00    2050.00  6.298927723990476E-06  1.298852669943335E-08 27746895
  35    2050.00    2110.00  3.781392145196297E-06  8.303403274328735E-09 26288406	  35    2050.00    2110.00  2.823662006682082E-06  6.174891161844378E-09 26288406	  35    2050.00    2110.00  5.197941622179470E-06  1.150235864622007E-08 26288406
  36    2110.00    2170.00  3.126700716325072E-06  6.853197943172530E-09 24916844	  36    2110.00    2170.00  2.333559046613483E-06  5.133460060137096E-09 24916844	  36    2110.00    2170.00  4.300265404430289E-06  9.387680358832662E-09 24916844
  37    2170.00    2230.00  2.603412282782974E-06  6.218446913977976E-09 23640454	  37    2170.00    2230.00  1.941556216359539E-06  4.617696970387280E-09 23640454	  37    2170.00    2230.00  3.583558415991163E-06  8.659949648280840E-09 23640454
  38    2230.00    2290.00  2.160097666533434E-06  5.123071117113154E-09 22418661	  38    2230.00    2290.00  1.610202555409033E-06  3.830477061076642E-09 22418661	  38    2230.00    2290.00  2.974529126996439E-06  7.032854705692942E-09 22418661
  39    2290.00    2350.00  1.796488026515342E-06  4.465959565686831E-09 21270423	  39    2290.00    2350.00  1.338335160935912E-06  3.336406099976641E-09 21270423	  39    2290.00    2350.00  2.475386072755455E-06  6.136138542742801E-09 21270423
  40    2350.00    2410.00  1.500793969269615E-06  4.023616204142014E-09 20183322	  40    2350.00    2410.00  1.117388262252258E-06  2.997618658379825E-09 20183322	  40    2350.00    2410.00  2.069205759658510E-06  5.551969567802386E-09 20183322
  41    2410.00    2470.00  1.256272374711647E-06  3.478466822447368E-09 19167183	  41    2410.00    2470.00  9.347063047387209E-07  2.586088422885690E-09 19167183	  41    2410.00    2470.00  1.733287905136780E-06  4.812365790393504E-09 19167183
  42    2470.00    2530.00  1.051144890371130E-06  3.016760843132384E-09 18200595	  42    2470.00    2530.00  7.816385921335229E-07  2.249766899492610E-09 18200595	  42    2470.00    2530.00  1.451097289983704E-06  4.152234320535581E-09 18200595
  43    2530.00    2590.00  8.883853393909975E-07  2.681949112857054E-09 17292474	  43    2530.00    2590.00  6.602289897051475E-07  1.996588143619735E-09 17292474	  43    2530.00    2590.00  1.227159213356523E-06  3.700130611946126E-09 17292474
  44    2590.00    2650.00  7.442144463478502E-07  2.287936407843844E-09 16436499	  44    2590.00    2650.00  5.528190432657819E-07  1.704159578247415E-09 16436499	  44    2590.00    2650.00  1.028515069049816E-06  3.153733426384603E-09 16436499
  45    2650.00    2710.00  6.274598576246218E-07  1.991369612334975E-09 15629745	  45    2650.00    2710.00  4.658152498529567E-07  1.481305430073442E-09 15629745	  45    2650.00    2710.00  8.677248114816058E-07  2.750937299091526E-09 15629745
  46    2710.00    2770.00  5.260336418677319E-07  1.773396044961883E-09 14856052	  46    2710.00    2770.00  3.903235043547144E-07  1.320071826531342E-09 14856052	  46    2710.00    2770.00  7.277951262237981E-07  2.445241559741425E-09 14856052
  47    2770.00    2830.00  4.455810369183252E-07  1.548670263889629E-09 14130587	  47    2770.00    2830.00  3.304356562576075E-07  1.151247094716516E-09 14130587	  47    2770.00    2830.00  6.168678557023850E-07  2.138805141554687E-09 14130587
  48    2830.00    2890.00  3.738742291949459E-07  1.371781444194630E-09 13444331	  48    2830.00    2890.00  2.770579083019932E-07  1.017758759480203E-09 13444331	  48    2830.00    2890.00  5.180074520928063E-07  1.899720910442767E-09 13444331
  49    2890.00    2950.00  3.167657086309930E-07  1.179074898713064E-09 12793215	  49    2890.00    2950.00  2.346068461242470E-07  8.734010470172604E-10 12793215	  49    2890.00    2950.00  4.391324436336015E-07  1.636717598132276E-09 12793215
  50    2950.00    3010.00  2.687331464252259E-07  1.022862205048658E-09 12173740	  50    2950.00    3010.00  1.989095808712590E-07  7.590801088540319E-10 12173740	  50    2950.00    3010.00  3.727849991242738E-07  1.414960034292709E-09 12173740
  51    3010.00    3070.00  2.271397984555443E-07  8.760485380084578E-10 11586142	  51    3010.00    3070.00  1.680169845742067E-07  6.490445206943410E-10 11586142	  51    3010.00    3070.00  3.152989366817071E-07  1.214603564858570E-09 11586142
  52    3070.00    3130.00  1.936708013266820E-07  7.907024664163943E-10 11040248	  52    3070.00    3130.00  1.431730583527506E-07  5.853074782919503E-10 11040248	  52    3070.00    3130.00  2.690199599464319E-07  1.097657767819838E-09 11040248
  53    3130.00    3190.00  1.649365547165110E-07  6.997214426084917E-10 10516517	  53    3130.00    3190.00  1.218932624713623E-07  5.177032786708355E-10 10516517	  53    3130.00    3190.00  2.291660079703960E-07  9.717051608095088E-10 10516517
  54    3190.00    3250.00  1.398333725772477E-07  6.192101697869667E-10 10022000	  54    3190.00    3250.00  1.032569305951989E-07  4.569028919304522E-10 10022000	  54    3190.00    3250.00  1.944600897389131E-07  8.628303511625418E-10 10022000
  55    3250.00    3310.00  1.199491274034216E-07  5.461638711438319E-10 9548006	  55    3250.00    3310.00  8.854659248267791E-08  4.041794317809631E-10 9548006	  55    3250.00    3310.00  1.668543490044283E-07  7.577113031409589E-10 9548006
  56    3310.00    3370.00  1.013624946728074E-07  4.624010621319156E-10 9096342	  56    3310.00    3370.00  7.477561849181491E-08  3.413724961426803E-10 9096342	  56    3310.00    3370.00  1.411035775620803E-07  6.437409460708508E-10 9096342
  57    3370.00    3430.00  8.709752965847764E-08  4.124665276700957E-10 8678466	  57    3370.00    3430.00  6.421724499073627E-08  3.044695231421758E-10 8678466	  57    3370.00    3430.00  1.213152449752942E-07  5.741661118071959E-10 8678466
  58    3430.00    3490.00  7.480154864096410E-08  3.940593678813117E-10 8269462	  58    3430.00    3490.00  5.509138187788369E-08  2.884385700122647E-10 8269462	  58    3430.00    3490.00  1.043186887534688E-07  5.546553476117440E-10 8269462
  59    3490.00    3550.00  6.407620338095265E-08  3.301428192514951E-10 7888249	  59    3490.00    3550.00  4.717817792994653E-08  2.428825351590096E-10 7888249	  59    3490.00    3550.00  8.938515477922075E-08  4.616033670087363E-10 7888249
  60    3550.00    3610.00  5.494425071208869E-08  3.141434009641801E-10 7525623	  60    3550.00    3610.00  4.042767427746436E-08  2.291987337712548E-10 7525623	  60    3550.00    3610.00  7.671019691896144E-08  4.461218521725314E-10 7525623
  61    3610.00    3670.00  4.631237667626267E-08  2.485035688777354E-10 7174245	  61    3610.00    3670.00  3.405689750010519E-08  1.828231128042716E-10 7174245	  61    3610.00    3670.00  6.469065428470062E-08  3.472250200493337E-10 7174245
  62    3670.00    3730.00  3.978463505860389E-08  2.255356403327098E-10 6846193	  62    3670.00    3730.00  2.925197986475732E-08  1.661684403602815E-10 6846193	  62    3670.00    3730.00  5.557586699608603E-08  3.144002520300106E-10 6846193
  63    3730.00    3790.00  3.426720259348761E-08  1.980037915447133E-10 6532810	  63    3730.00    3790.00  2.517647433190790E-08  1.446577919670549E-10 6532810	  63    3730.00    3790.00  4.791349357493523E-08  2.800145105682623E-10 6532810
  64    3790.00    3850.00  2.947505550395393E-08  1.738532334924858E-10 6233178	  64    3790.00    3850.00  2.164008451242429E-08  1.266276999222365E-10 6233178	  64    3790.00    3850.00  4.124385850652989E-08  2.463261872213978E-10 6233178
  65    3850.00    3910.00  2.561162092710249E-08  3.208457152267051E-10 5950454	  65    3850.00    3910.00  1.877814069356766E-08  2.188393418275783E-10 5950454	  65    3850.00    3910.00  3.589696906692676E-08  4.925685220716276E-10 5950454
  66    3910.00    3970.00  2.172694837711180E-08  1.410596519846825E-10 5678445	  66    3910.00    3970.00  1.593461598967993E-08  1.030442457636899E-10 5678445	  66    3910.00    3970.00  3.043705620651491E-08  1.989082824187204E-10 5678445
  67    3970.00    4030.00  1.879930108836211E-08  1.287539855449203E-10 5422010	  67    3970.00    4030.00  1.378059493815994E-08  9.410631940974300E-11 5422010	  67    3970.00    4030.00  2.634963091625979E-08  1.813435658341269E-10 5422010
  68    4030.00    4090.00  1.603176494723198E-08  1.046662063703746E-10 5177323	  68    4030.00    4090.00  1.174643511404898E-08  7.666714984489462E-11 5177323	  68    4030.00    4090.00  2.248170594909589E-08  1.469790649536609E-10 5177323
  69    4090.00    4150.00  1.370713689444545E-08  8.619095297120486E-11 4938798	  69    4090.00    4150.00  1.003810752015443E-08  6.310495332442599E-11 4938798	  69    4090.00    4150.00  1.923283051442855E-08  1.211366558876346E-10 4938798
  70    4150.00    4210.00  1.191948540029929E-08  8.958991582321062E-11 4713728	  70    4150.00    4210.00  8.722253488732721E-09  6.418609643177680E-11 4713728	  70    4150.00    4210.00  1.673979637408406E-08  1.302570053844346E-10 4713728
  71    4210.00    4270.00  1.015356087274904E-08  7.179280305687832E-11 4504953	  71    4210.00    4270.00  7.426709032000864E-09  5.217533388310893E-11 4504953	  71    4210.00    4270.00  1.426620070707397E-08  1.020264639427117E-10 4504953
  72    4270.00    4330.00  8.849827038526122E-09  5.989004148460936E-11 4301205	  72    4270.00    4330.00  6.471421171718943E-09  4.352419537228676E-11 4301205	  72    4270.00    4330.00  1.243638743203377E-08  8.508409987775580E-11 4301205
  73    4330.00    4390.00  7.653482058581607E-09  7.410889269273124E-11 4107320	  73    4330.00    4390.00  5.586186351972476E-09  5.150203771034360E-11 4107320	  73    4330.00    4390.00  1.077943582875760E-08  1.113722415590841E-10 4107320
  74    4390.00    4450.00  6.550622799861742E-09  4.927873778586673E-11 3922245	  74    4390.00    4450.00  4.785652135935346E-09  3.584978580175068E-11 3922245	  74    4390.00    4450.00  9.215439454436873E-09  6.992283094045108E-11 3922245
  75    4450.00    4510.00  5.658964406913709E-09  4.290805552432812E-11 3744439	  75    4450.00    4510.00  4.131426247414294E-09  3.129757002313342E-11 3744439	  75    4450.00    4510.00  7.966941595464809E-09  6.053372197276622E-11 3744439
  76    4510.00    4570.00  4.933689904994774E-09  4.159026969213575E-11 3574190	  76    4510.00    4570.00  3.595125638308105E-09  2.942563022729397E-11 3574190	  76    4510.00    4570.00  6.963055022287929E-09  6.171953329240575E-11 3574190
  77    4570.00    4630.00  4.381766085194465E-09  5.433856858882969E-11 3412607	  77    4570.00    4630.00  3.192001456543387E-09  3.888465588965255E-11 3412607	  77    4570.00    4630.00  6.184859722258403E-09  7.844204940514109E-11 3412607
  78    4630.00    4690.00  3.599171664366855E-09  2.739715529119138E-11 3260676	  78    4630.00    4690.00  2.624104103402416E-09  1.996086544203773E-11 3260676	  78    4630.00    4690.00  5.074119428747987E-09  3.869607256771387E-11 3260676
  79    4690.00    4750.00  3.196532053971396E-09  2.648871000818054E-11 3112491	  79    4690.00    4750.00  2.328177927013175E-09  1.917573564504342E-11 3112491	  79    4690.00    4750.00  4.512248379214652E-09  3.778954337990812E-11 3112491
  80    4750.00    4810.00  2.706546631815522E-09  2.221840424525135E-11 2972179	  80    4750.00    4810.00  1.971216902954196E-09  1.612030632398835E-11 2972179	  80    4750.00    4810.00  3.820078759539460E-09  3.159213052349888E-11 2972179
  81    4810.00    4870.00  2.384197990440754E-09  1.997172085490623E-11 2840725	  81    4810.00    4870.00  1.736072735627645E-09  1.451582150721288E-11 2840725	  81    4810.00    4870.00  3.365696614492135E-09  2.830547815997825E-11 2840725
  82    4870.00    4930.00  2.039559241495256E-09  1.736275959966900E-11 2709769	  82    4870.00    4930.00  1.483873198921464E-09  1.258902804071533E-11 2709769	  82    4870.00    4930.00  2.881987588358126E-09  2.469734411302635E-11 2709769
  83    4930.00    4990.00  1.784129051042847E-09  1.709114945712644E-11 2591679	  83    4930.00    4990.00  1.296321939893671E-09  1.214268760202442E-11 2591679	  83    4930.00    4990.00  2.525442090304869E-09  2.508505918644665E-11 2591679
  84    4990.00    5050.00  1.537582213763722E-09  1.522938766874503E-11 2471682	  84    4990.00    5050.00  1.117007218532574E-09  1.091993004388820E-11 2471682	  84    4990.00    5050.00  2.176254619225061E-09  2.198281133972883E-11 2471682
  85    5050.00    5110.00  1.411895541178942E-09  4.635133634516902E-11 2361637	  85    5050.00    5110.00  1.018446749517583E-09  2.882237603963691E-11 2361637	  85    5050.00    5110.00  2.019078639574951E-09  7.962593858062691E-11 2361637
  86    5110.00    5170.00  1.155339005210724E-09  1.551355323239715E-11 2256916	  86    5110.00    5170.00  8.379903888442626E-10  1.037942492078779E-11 2256916	  86    5110.00    5170.00  1.638469523321279E-09  2.457490049918598E-11 2256916
  87    5170.00    5230.00  9.905062065851257E-10  9.943693930156880E-12 2151012	  87    5170.00    5230.00  7.185055060069055E-10  7.121373938731714E-12 2151012	  87    5170.00    5230.00  1.404244599601199E-09  1.437913325565625E-11 2151012
  88    5230.00    5290.00  8.736117779252045E-10  9.625850504929475E-12 2054137	  88    5230.00    5290.00  6.337805301305753E-10  6.959145233682213E-12 2054137	  88    5230.00    5290.00  1.238056124611092E-09  1.370947757218387E-11 2054137
  89    5290.00    5350.00  7.533559722624188E-10  7.402937034320290E-12 1958055	  89    5290.00    5350.00  5.460253450433201E-10  5.307115740564627E-12 1958055	  89    5290.00    5350.00  1.068973735900458E-09  1.068152090486986E-11 1958055
  90    5350.00    5410.00  6.659452322478895E-10  8.369180513568767E-12 1871618	  90    5350.00    5410.00  4.820553890433053E-10  5.975729081158549E-12 1871618	  90    5350.00    5410.00  9.463917870978246E-10  1.212617210720866E-11 1871618
  91    5410.00    5470.00  5.734548245941218E-10  6.083005887782886E-12 1786069	  91    5410.00    5470.00  4.150591514709522E-10  4.329234986723640E-12 1786069	  91    5410.00    5470.00  8.151798231860510E-10  8.923917959303158E-12 1786069
  92    5470.00    5530.00  4.901247621989192E-10  5.482554405808282E-12 1704506	  92    5470.00    5530.00  3.547437650888744E-10  3.942925628321884E-12 1704506	  92    5470.00    5530.00  6.963802769767239E-10  7.868590397301205E-12 1704506
  93    5530.00    5590.00  4.379260143931499E-10  9.674962287661910E-12 1626056	  93    5530.00    5590.00  3.163954414720087E-10  6.598706888357830E-12 1626056	  93    5530.00    5590.00  6.235612809884274E-10  1.474173577015212E-11 1626056
  94    5590.00    5650.00  3.783049775589019E-10  4.076634422031957E-12 1552764	  94    5590.00    5650.00  2.735624326394204E-10  2.936312979449524E-12 1552764	  94    5590.00    5650.00  5.381397245425367E-10  5.844069695368393E-12 1552764
  95    5650.00    5710.00  3.215680900219346E-10  4.124678829572038E-12 1479382	  95    5650.00    5710.00  2.321106793103902E-10  2.786874993668016E-12 1479382	  95    5650.00    5710.00  4.586388934710169E-10  6.591931246095355E-12 1479382
  96    5710.00    5770.00  2.795563457642937E-10  3.280393130058895E-12 1413246	  96    5710.00    5770.00  2.019897462290736E-10  2.355707463796717E-12 1413246	  96    5710.00    5770.00  3.979852198191356E-10  4.713863871814026E-12 1413246
  97    5770.00    5830.00  2.432808600797990E-10  3.274029289093838E-12 1349027	  97    5770.00    5830.00  1.755147032394687E-10  2.349756751230885E-12 1349027	  97    5770.00    5830.00  3.470484874219343E-10  4.715330690316505E-12 1349027
  98    5830.00    5890.00  2.149053347591639E-10  3.180914678305624E-12 1286595	  98    5830.00    5890.00  1.549745567504428E-10  2.165853235580201E-12 1286595	  98    5830.00    5890.00  3.067236532170005E-10  4.951871702606887E-12 1286595
  99    5890.00    5950.00  1.868841142109144E-10  3.370709778977863E-12 1226820	  99    5890.00    5950.00  1.346957792841595E-10  2.316946507627271E-12 1226820	  99    5890.00    5950.00  2.668731865269271E-10  5.121276816036561E-12 1226820
 100    5950.00    6010.00  1.576641515855294E-10  1.807585083316245E-12 1169091	 100    5950.00    6010.00  1.137048623679241E-10  1.301368536453870E-12 1169091	 100    5950.00    6010.00  2.249399463722752E-10  2.595394005504681E-12 1169091
 101    6010.00    6070.00  1.347402314436463E-10  2.150581155139123E-12 1114932	 101    6010.00    6070.00  9.677662360823868E-11  1.395437820976405E-12 1114932	 101    6010.00    6070.00  1.933125256322921E-10  3.578105072299954E-12 1114932
 102    6070.00    6130.00  1.223835274041998E-10  1.610047271878402E-12 1062915	 102    6070.00    6130.00  8.818618975044548E-11  1.140693210824577E-12 1062915	 102    6070.00    6130.00  1.747710519911401E-10  2.367116250166619E-12 1062915
 103    6130.00    6190.00  1.047803190790267E-10  1.339042595134407E-12 1013576	 103    6130.00    6190.00  7.545037338214114E-11  9.616051010674451E-13 1013576	 103    6130.00    6190.00  1.497675301466653E-10  1.929248307106982E-12 1013576
 104    6190.00    6250.00  9.100236052641786E-11  1.188338494969790E-12 966192	 104    6190.00    6250.00  6.545382363586784E-11  8.452481813661467E-13 966192	 104    6190.00    6250.00  1.302544268499356E-10  1.736094864561104E-12 966192
 105    6250.00    6310.00  8.040591663348092E-11  1.178644555084081E-12 921877	 105    6250.00    6310.00  5.783815809785368E-11  8.348345533865870E-13 921877	 105    6250.00    6310.00  1.150424599876825E-10  1.725557771017596E-12 921877
 106    6310.00    6370.00  6.862880582470184E-11  9.104574740448321E-13 877687	 106    6310.00    6370.00  4.936319804260925E-11  6.455314120857978E-13 877687	 106    6310.00    6370.00  9.821246471125341E-11  1.340528554399392E-12 877687
 107    6370.00    6430.00  6.046215742890909E-11  9.775571004859721E-13 835737	 107    6370.00    6430.00  4.340301732096935E-11  6.805897045357300E-13 835737	 107    6370.00    6430.00  8.671853557254662E-11  1.466695465120196E-12 835737
 108    6430.00    6490.00  5.246206627874243E-11  7.056151138698338E-13 796714	 108    6430.00    6490.00  3.769454323893014E-11  5.039837008890401E-13 796714	 108    6430.00    6490.00  7.515907713391111E-11  1.025460429027050E-12 796714
 109    6490.00    6550.00  4.538868095129575E-11  6.641297364408565E-13 760407	 109    6490.00    6550.00  3.256804979556756E-11  4.735026351083083E-13 760407	 109    6490.00    6550.00  6.515172293971161E-11  9.700836749581356E-13 760407
 110    6550.00    6610.00  4.943351950616684E-11  9.569720947183689E-12 724504	 110    6550.00    6610.00  3.473100889729349E-11  6.068821202920702E-12 724504	 110    6550.00    6610.00  7.292878557406969E-11  1.587796600939273E-11 724504
 111    6610.00    6670.00  3.425329927303973E-11  5.117308446638106E-13 689834	 111    6610.00    6670.00  2.454706396189750E-11  3.644826744943199E-13 689834	 111    6610.00    6670.00  4.922707758840202E-11  7.470756519492134E-13 689834
 112    6670.00    6730.00  2.975451488461435E-11  9.571653160756849E-13 656255	 112    6670.00    6730.00  2.131242321994316E-11  6.475878124397401E-13 656255	 112    6670.00    6730.00  4.278203862376194E-11  1.474136990189458E-12 656255
 113    6730.00    6790.00  2.593067172555004E-11  4.046732646556432E-13 624782	 113    6730.00    6790.00  1.857220977203956E-11  2.877875939098997E-13 624782	 113    6730.00    6790.00  3.728762688709668E-11  5.903806225235269E-13 624782
 114    6790.00    6850.00  2.272894948611464E-11  3.694577095761139E-13 595305	 114    6790.00    6850.00  1.627346954330422E-11  2.619417904210464E-13 595305	 114    6790.00    6850.00  3.269975514772539E-11  5.420919613583077E-13 595305
 115    6850.00    6910.00  1.978650452318976E-11  3.604135187432171E-13 567189	 115    6850.00    6910.00  1.416083985722719E-11  2.542519438296429E-13 567189	 115    6850.00    6910.00  2.847824936016172E-11  5.323782586720528E-13 567189
 116    6910.00    6970.00  1.657241096125929E-11  3.120428136078736E-13 539241	 116    6910.00    6970.00  1.183363291582146E-11  2.126471040708224E-13 539241	 116    6910.00    6970.00  2.391634294773132E-11  4.819396787313637E-13 539241
 117    6970.00    7030.00  1.449093198176807E-11  2.322794386573180E-13 513318	 117    6970.00    7030.00  1.038126830199281E-11  1.676091953481753E-13 513318	 117    6970.00    7030.00  2.081845887611490E-11  3.319156551158253E-13 513318
 118    7030.00    7090.00  1.292170512051981E-11  2.486846290551391E-13 490286	 118    7030.00    7090.00  9.238956378436644E-12  1.791373958773746E-13 490286	 118    7030.00    7090.00  1.861668636526484E-11  3.573110920589201E-13 490286
 119    7090.00    7150.00  1.148273167307517E-11  2.093354182585563E-13 463540	 119    7090.00    7150.00  8.201413834588003E-12  1.484934963253661E-13 463540	 119    7090.00    7150.00  1.656560693231689E-11  3.087178969822231E-13 463540
 120    7150.00    7210.00  9.761776017411596E-12  1.855079453635034E-13 442249	 120    7150.00    7210.00  6.971343602339951E-12  1.328741620414771E-13 442249	 120    7150.00    7210.00  1.408410976618165E-11  2.688205202634719E-13 442249
 121    7210.00    7270.00  8.690849293256120E-12  3.992210495734679E-13 421243	 121    7210.00    7270.00  6.190070149447940E-12  2.708419639411878E-13 421243	 121    7210.00    7270.00  1.256977910570468E-11  6.104224359335036E-13 421243
 122    7270.00    7330.00  8.742488665686399E-12  1.162256993559517E-12 401361	 122    7270.00    7330.00  6.135243596795624E-12  7.393783389029350E-13 401361	 122    7270.00    7330.00  1.288644121953368E-11  1.909586305574542E-12 401361
 123    7330.00    7390.00  7.069387025755533E-12  2.806438008662840E-13 380680	 123    7330.00    7390.00  5.011912653795148E-12  1.879490387381653E-13 380680	 123    7330.00    7390.00  1.029211483369043E-11  4.389145307776581E-13 380680
 124    7390.00    7450.00  5.962605332179506E-12  1.738228710066273E-13 362438	 124    7390.00    7450.00  4.245410669414247E-12  1.209918483949851E-13 362438	 124    7390.00    7450.00  8.633757412624404E-12  2.615635261647109E-13 362438
 125    7450.00    7510.00  5.397289695715140E-12  5.937060595070822E-13 345079	 125    7450.00    7510.00  3.786555241706005E-12  3.589594439708841E-13 345079	 125    7450.00    7510.00  7.968216510118106E-12  1.038590479614227E-12 345079
 126    7510.00    7570.00  4.102405468047115E-12  7.546861715466099E-14 327601	 126    7510.00    7570.00  2.920233669132402E-12  5.387604425967249E-14 327601	 126    7510.00    7570.00  5.938110503827197E-12  1.097269574426565E-13 327601
 127    7570.00    7630.00  5.690639495286927E-12  1.803351213508634E-12 312011	 127    7570.00    7630.00  3.794110746547327E-12  1.025911747679049E-12 312011	 127    7570.00    7630.00  9.052325351133979E-12  3.431644106449145E-12 312011
 128    7630.00    7690.00  3.270136034537444E-12  8.031175553887850E-14 296868	 128    7630.00    7690.00  2.325587376573484E-12  5.748354313508999E-14 296868	 128    7630.00    7690.00  4.737015209958596E-12  1.159880794189558E-13 296868
 129    7690.00    7750.00  2.864893470583229E-12  9.165632601395502E-14 280452	 129    7690.00    7750.00  2.035173392155819E-12  6.406555551338180E-14 280452	 129    7690.00    7750.00  4.154672985533513E-12  1.355268800023816E-13 280452
 130    7750.00    7810.00  2.516572639919327E-12  6.780617850545632E-14 267221	 130    7750.00    7810.00  1.786338183573858E-12  4.791519333686044E-14 267221	 130    7750.00    7810.00  3.655013283768403E-12  1.003049925429292E-13 267221
 131    7810.00    7870.00  2.163047645841682E-12  1.458653338129250E-13 253750	 131    7810.00    7870.00  1.520342641594791E-12  9.014682602525725E-14 253750	 131    7810.00    7870.00  3.180046104271047E-12  2.491077956112826E-13 253750
 132    7870.00    7930.00  1.874457820391992E-12  5.169998361074038E-14 240246	 132    7870.00    7930.00  1.330997869786693E-12  3.698442406119028E-14 240246	 132    7870.00    7930.00  2.721295407371563E-12  7.502556296287070E-14 240246
 133    7930.00    7990.00  1.739337052415198E-12  5.379928149410451E-14 228496	 133    7930.00    7990.00  1.236273998436703E-12  3.865793065658024E-14 228496	 133    7930.00    7990.00  2.521229132282220E-12  7.782430782532282E-14 228496
 134    7990.00    8050.00  1.417737598008235E-12  6.178972780845685E-14 217023	 134    7990.00    8050.00  9.984511896189654E-13  3.822042676977423E-14 217023	 134    7990.00    8050.00  2.082110640122807E-12  1.091743487389300E-13 217023
 135    8050.00    8110.00  1.276223445296497E-12  4.293199918182898E-14 205748	 135    8050.00    8110.00  9.057696874556221E-13  3.099420854612859E-14 205748	 135    8050.00    8110.00  1.852782996056864E-12  6.127077696127500E-14 205748
 136    8110.00    8170.00  1.062410086283216E-12  4.636205297605872E-14 194597	 136    8110.00    8170.00  7.493755744962448E-13  3.092698038414554E-14 194597	 136    8110.00    8170.00  1.553739339406655E-12  7.323165830208844E-14 194597
 137    8170.00    8230.00  9.483901254237772E-13  3.173068974422403E-14 185458	 137    8170.00    8230.00  6.658603677456009E-13  2.201911079691309E-14 185458	 137    8170.00    8230.00  1.397109418045315E-12  4.840051465221421E-14 185458
 138    8230.00    8290.00  8.185839000325370E-13  2.916600610073516E-14 175553	 138    8230.00    8290.00  5.774013727576635E-13  2.046980241317382E-14 175553	 138    8230.00    8290.00  1.196656415712124E-12  4.304537819705555E-14 175553
 139    8290.00    8350.00  6.832073825659014E-13  2.521937084572151E-14 165515	 139    8290.00    8350.00  4.827955578162981E-13  1.792442252152226E-14 165515	 139    8290.00    8350.00  9.959404860163221E-13  3.662987844175135E-14 165515
 140    8350.00    8410.00  5.926566591880609E-13  2.076320328374352E-14 156758	 140    8350.00    8410.00  4.180515056799025E-13  1.475893148763766E-14 156758	 140    8350.00    8410.00  8.667453548315518E-13  3.024444103206583E-14 156758
 141    8410.00    8470.00  5.549819733147625E-13  2.672135330485963E-14 148448	 141    8410.00    8470.00  3.900659717816375E-13  1.919640939340070E-14 148448	 141    8410.00    8470.00  8.152808167605040E-13  3.863132641373581E-14 148448
 142    8470.00    8530.00  4.498769965945980E-13  1.606145446732107E-14 140605	 142    8470.00    8530.00  3.160961001716722E-13  1.116916732602205E-14 140605	 142    8470.00    8530.00  6.609492369383830E-13  2.430009828039568E-14 140605
 143    8530.00    8590.00  4.127395395277130E-13  2.104578132346446E-14 133036	 143    8530.00    8590.00  2.922197748777808E-13  1.518560888826837E-14 133036	 143    8530.00    8590.00  6.000622501108435E-13  2.994443701644816E-14 133036
 144    8590.00    8650.00  3.463575563696873E-13  1.327003528409097E-14 125574	 144    8590.00    8650.00  2.435096624243017E-13  9.350243440556066E-15 125574	 144    8590.00    8650.00  5.083283208304718E-13  1.964715599333674E-14 125574
 145    8650.00    8710.00  2.810539564789428E-13  1.201465020656702E-14 119509	 145    8650.00    8710.00  1.977289471409671E-13  8.585607091445755E-15 119509	 145    8650.00    8710.00  4.116841457016825E-13  1.741286077049093E-14 119509
 146    8710.00    8770.00  2.632116811630214E-13  1.234870506347333E-14 112232	 146    8710.00    8770.00  1.848199397265362E-13  8.760018826274311E-15 112232	 146    8710.00    8770.00  3.872546490463441E-13  1.825909241183549E-14 112232
 147    8770.00    8830.00  2.314708109126710E-13  1.194440093157426E-14 105488	 147    8770.00    8830.00  1.616408621865388E-13  8.342324465947197E-15 105488	 147    8770.00    8830.00  3.423118149550984E-13  1.776813517624463E-14 105488
 148    8830.00    8890.00  1.867724484631327E-13  8.933496107366749E-15 99459	 148    8830.00    8890.00  1.302224016524447E-13  6.048818196934506E-15 99459	 148    8830.00    8890.00  2.769803823390517E-13  1.415825734073266E-14 99459
 149    8890.00    8950.00  1.658096385055424E-13  8.810295477783504E-15 93995	 149    8890.00    8950.00  1.151235176553857E-13  6.010978952594360E-15 93995	 149    8890.00    8950.00  2.471652187816759E-13  1.360409935691846E-14 93995
 150    8950.00    9010.00  1.319696748847246E-13  6.348513811480219E-15 88946	 150    8950.00    9010.00  9.119726855545685E-14  4.083221054093054E-15 88946	 150    8950.00    9010.00  1.979901868998936E-13  1.071940141195630E-14 88946
 151    9010.00    9070.00  1.173262324659891E-13  6.580972533822683E-15 83563	 151    9010.00    9070.00  8.185133904490963E-14  4.509141197866363E-15 83563	 151    9010.00    9070.00  1.735758808087946E-13  1.014683078201560E-14 83563
 152    9070.00    9130.00  1.112209598094819E-13  7.817096160178166E-15 78633	 152    9070.00    9130.00  7.813757314307925E-14  5.618206401069799E-15 78633	 152    9070.00    9130.00  1.630778616178929E-13  1.118474728637152E-14 78633
 153    9130.00    9190.00  9.218581348336615E-14  6.552379661859959E-15 73606	 153    9130.00    9190.00  6.417893991094689E-14  4.697859947996316E-15 73606	 153    9130.00    9190.00  1.368383427863863E-13  9.429581296068317E-15 73606
 154    9190.00    9250.00  7.925465844393142E-14  4.441441051440356E-15 69577	 154    9190.00    9250.00  5.482523845232348E-14  3.034513185568830E-15 69577	 154    9190.00    9250.00  1.186682306933795E-13  6.896550990678294E-15 69577
 155    9250.00    9310.00  6.907388202120618E-14  4.899717969151274E-15 65302	 155    9250.00    9310.00  4.768986193935794E-14  3.249355158963675E-15 65302	 155    9250.00    9310.00  1.038515868573902E-13  8.036163177083063E-15 65302
 156    9310.00    9370.00  6.102676911963062E-14  3.682471844936840E-15 61130	 156    9310.00    9370.00  4.247849715891453E-14  2.566548719202223E-15 61130	 156    9310.00    9370.00  9.050941387820276E-14  5.489450263725853E-15 61130
 157    9370.00    9430.00  5.042223511449710E-14  3.224209701127413E-15 57205	 157    9370.00    9430.00  3.485265722827722E-14  2.198665674808064E-15 57205	 157    9370.00    9430.00  7.539176326978875E-14  4.939790892174081E-15 57205
 158    9430.00    9490.00  4.397672745530475E-14  3.208769199446771E-15 53769	 158    9430.00    9490.00  3.034084964458253E-14  2.229952191324112E-15 53769	 158    9430.00    9490.00  6.595274706469426E-14  4.828699215829003E-15 53769
 159    9490.00    9550.00  3.833065224515865E-14  3.279730689840578E-15 50681	 159    9490.00    9550.00  2.633551504312039E-14  2.299556996556024E-15 50681	 159    9490.00    9550.00  5.802215283537074E-14  4.941306370144066E-15 50681
 160    9550.00    9610.00  4.085083085679107E-14  5.670052628411772E-15 47450	 160    9550.00    9610.00  2.799771384276615E-14  3.716604813829274E-15 47450	 160    9550.00    9610.00  6.177407665711622E-14  9.025448927881561E-15 47450
 161    9610.00    9670.00  3.050683321001687E-14  3.146339101656267E-15 44056	 161    9610.00    9670.00  2.093162544062994E-14  2.195938671265754E-15 44056	 161    9610.00    9670.00  4.607768218925764E-14  4.696620618753254E-15 44056
 162    9670.00    9730.00  2.386521729538415E-14  2.109818659523617E-15 41573	 162    9670.00    9730.00  1.645476833253203E-14  1.474713310857282E-15 41573	 162    9670.00    9730.00  3.577081280409816E-14  3.119398743347137E-15 41573
 163    9730.00    9790.00  2.163980444923546E-14  1.915775491649184E-15 38250	 163    9730.00    9790.00  1.489302309694915E-14  1.347159481361209E-15 38250	 163    9730.00    9790.00  3.253728982389627E-14  2.823483959780910E-15 38250
 164    9790.00    9850.00  1.587059234925103E-14  1.640867010882469E-15 35626	 164    9790.00    9850.00  1.098092208193843E-14  1.162545864921202E-15 35626	 164    9790.00    9850.00  2.366075588467689E-14  2.387690361859569E-15 35626
 165    9850.00    9910.00  1.276536968871933E-14  1.040677894506123E-15 33423	 165    9850.00    9910.00  8.752016104562709E-15  7.109007980036224E-16 33423	 165    9850.00    9910.00  1.927829551686675E-14  1.599984957090614E-15 33423
 166    9910.00    9970.00  1.348439072047384E-14  1.924032278847350E-15 30526	 166    9910.00    9970.00  9.003984760312059E-15  1.258837438572075E-15 30526	 166    9910.00    9970.00  2.124542911611898E-14  3.284344103539219E-15 30526
 167    9970.00   10030.00  1.068513252503048E-14  8.625819292553736E-16 28758	 167    9970.00   10030.00  7.250794842596018E-15  5.929080823001834E-16 28758	 167    9970.00   10030.00  1.632495560185688E-14  1.305140724617876E-15 28758
 168   10030.00   10090.00  2.659913639000669E-14  1.888802351414912E-14 26393	 168   10030.00   10090.00  1.596667357888700E-14  1.073995312723488E-14 26393	 168   10030.00   10090.00  4.699483718457288E-14  3.516499686904340E-14 26393
 169   10090.00   10150.00  6.806226052416231E-15  8.227923343308549E-16 24471	 169   10090.00   10150.00  4.553465500823786E-15  5.402668775351390E-16 24471	 169   10090.00   10150.00  1.057320580071830E-14  1.320192750033007E-15 24471
 170   10150.00   10210.00  7.012349480302096E-15  9.919395507257120E-16 22958	 170   10150.00   10210.00  4.663271132075640E-15  6.749259578727507E-16 22958	 170   10150.00   10210.00  1.103458948482021E-14  1.548231494113379E-15 22958
 171   10210.00   10270.00  6.239789363952107E-15  1.373552219940247E-15 20962	 171   10210.00   10270.00  4.183261264125976E-15  8.867624637926710E-16 20962	 171   10210.00   10270.00  9.666476218143873E-15  2.242357862455532E-15 20962
 172   10270.00   10330.00  5.177310794397004E-15  7.560471430258812E-16 19324	 172   10270.00   10330.00  3.527201451186209E-15  5.271466717728452E-16 19324	 172   10270.00   10330.00  7.862487354063181E-15  1.120203533567733E-15 19324
 173   10330.00   10390.00  3.687993329499114E-15  4.498234569393699E-16 17816	 173   10330.00   10390.00  2.471497636896801E-15  3.029964086218790E-16 17816	 173   10330.00   10390.00  5.727240731987468E-15  7.059080357518024E-16 17816
 174   10390.00   10450.00  4.149300911087883E-15  7.644743366351433E-16 16653	 174   10390.00   10450.00  2.683913175936648E-15  4.816466527645618E-16 16653	 174   10390.00   10450.00  6.764160394063030E-15  1.319096110708027E-15 16653
 175   10450.00   10510.00  2.915146529530512E-15  4.948072127938736E-16 15044	 175   10450.00   10510.00  1.949347394060125E-15  3.337384185944220E-16 15044	 175   10450.00   10510.00  4.538663369889804E-15  7.761113535987136E-16 15044
 176   10510.00   10570.00  2.166107334114850E-15  3.489008061224106E-16 13747	 176   10510.00   10570.00  1.421022644430836E-15  2.257675516689600E-16 13747	 176   10510.00   10570.00  3.463313431778533E-15  5.874229746419469E-16 13747
 177   10570.00   10630.00  1.362323003485556E-15  2.511778511457625E-16 12639	 177   10570.00   10630.00  9.055809235327032E-16  1.703051224361906E-16 12639	 177   10570.00   10630.00  2.125828130180459E-15  3.841551601021893E-16 12639
 178   10630.00   10690.00  1.510863811505018E-15  3.033907169107629E-16 11482	 178   10630.00   10690.00  9.964148112608189E-16  2.070812972133434E-16 11482	 178   10630.00   10690.00  2.393176695804559E-15  4.637067106138976E-16 11482
 179   10690.00   10750.00  9.158914125254843E-16  1.439180158701282E-16 10306	 179   10690.00   10750.00  6.112905307918349E-16  9.837355053828757E-17 10306	 179   10690.00   10750.00  1.422559075322299E-15  2.173855991836078E-16 10306
 180   10750.00   10810.00  1.099579215843147E-15  2.828586265056010E-16 9239	 180   10750.00   10810.00  7.336978362484040E-16  1.951382199309771E-16 9239	 180   10750.00   10810.00  1.707566933420716E-15  4.214395103687450E-16 9239
 181   10810.00   10870.00  7.381658748128920E-16  1.256375785732097E-16 8528	 181   10810.00   10870.00  4.821547877134855E-16  8.298017464713097E-17 8528	 181   10810.00   10870.00  1.181703987782902E-15  2.025777715815658E-16 8528
 182   10870.00   10930.00  5.663989303027584E-16  1.169259570157097E-16 7549	 182   10870.00   10930.00  3.597744618152857E-16  7.545812841482433E-17 7549	 182   10870.00   10930.00  9.409186654534092E-16  1.950300571891332E-16 7549
 183   10930.00   10990.00  5.367638775920969E-16  1.271741693838269E-16 6927	 183   10930.00   10990.00  3.521404262859184E-16  8.564191543295848E-17 6927	 183   10930.00   10990.00  8.528328061449428E-16  1.970967397549265E-16 6927
 184   10990.00   11050.00  2.617070821399784E-16  5.595699274904174E-17 6213	 184   10990.00   11050.00  1.694150225754038E-16  3.748513885998935E-17 6213	 184   10990.00   11050.00  4.254451541451085E-16  8.847008127296152E-17 6213
 185   11050.00   11110.00  1.880479469755325E-16  4.211777492899245E-17 5749	 185   11050.00   11110.00  1.209695373110167E-16  2.802670636937566E-17 5749	 185   11050.00   11110.00  3.053686146550324E-16  6.591340944303361E-17 5749
 186   11110.00   11170.00  4.965057589819179E-16  2.233337300043961E-16 4881	 186   11110.00   11170.00  3.156618763907412E-16  1.500555454584648E-16 4881	 186   11110.00   11170.00  8.293513565022188E-16  3.514733518174690E-16 4881
 187   11170.00   11230.00  8.843628508699690E-17  1.687142757357246E-17 4318	 187   11170.00   11230.00  5.570575087418340E-17  1.056445984478853E-17 4318	 187   11170.00   11230.00  1.474198567935962E-16  2.894064734781327E-17 4318
 188   11230.00   11290.00  1.659542797875707E-16  6.976524261037773E-17 3871	 188   11230.00   11290.00  1.086992481901251E-16  4.737699032865394E-17 3871	 188   11230.00   11290.00  2.651128383042715E-16  1.059463627609256E-16 3871
 189   11290.00   11350.00  1.424751077727723E-16  4.368754306488056E-17 3324	 189   11290.00   11350.00  9.024552194562756E-17  2.740547586777463E-17 3324	 189   11290.00   11350.00  2.365618594683270E-16  7.474341413892439E-17 3324
 190   11350.00   11410.00  4.874338917280421E-17  1.139655044398003E-17 2954	 190   11350.00   11410.00  3.043652737059774E-17  7.134802107259825E-18 2954	 190   11350.00   11410.00  8.180976885746999E-17  1.920732048272141E-17 2954
 191   11410.00   11470.00  3.558289974577202E-17  1.246965349704703E-17 2590	 191   11410.00   11470.00  2.315620406255270E-17  8.239339239556930E-18 2590	 191   11410.00   11470.00  5.648615734947795E-17  1.942060700311219E-17 2590
 192   11470.00   11530.00  2.353339883342347E-17  6.323241839745494E-18 2158	 192   11470.00   11530.00  1.393366091662870E-17  3.483278685320433E-18 2158	 192   11470.00   11530.00  4.291790246278875E-17  1.314795305876248E-17 2158
 193   11530.00   11590.00  1.208663168365817E-17  3.817395743389168E-18 1865	 193   11530.00   11590.00  7.765790363003093E-18  2.475249944618354E-18 1865	 193   11530.00   11590.00  1.944348490958917E-17  6.062516693308005E-18 1865
 194   11590.00   11650.00  6.472585250191601E-18  2.901300478235998E-18 1611	 194   11590.00   11650.00  3.581071274590934E-18  1.517248557055639E-18 1611	 194   11590.00   11650.00  1.273802669419159E-17  6.061558431433195E-18 1611
 195   11650.00   11710.00  9.009451632285555E-18  3.457182687516787E-18 1314	 195   11650.00   11710.00  5.362853305830854E-18  2.046986973369168E-18 1314	 195   11650.00   11710.00  1.607318081245467E-17  6.356015190192303E-18 1314
 196   11710.00   11770.00  3.564786766311839E-18  1.121958432559933E-18 1111	 196   11710.00   11770.00  2.291162356669830E-18  7.288767817570609E-19 1111	 196   11710.00   11770.00  5.720645351777490E-18  1.778908626505493E-18 1111
 197   11770.00   11830.00  3.381408758799603E-18  1.193658585314077E-18 951	 197   11770.00   11830.00  2.106668517076876E-18  7.467627009263906E-19 951	 197   11770.00   11830.00  5.666872229432920E-18  2.013168032191951E-18 951
 198   11830.00   11890.00  1.782341453326813E-18  5.606746475431111E-19 794	 198   11830.00   11890.00  1.052782597441261E-18  3.366842603155267E-19 794	 198   11830.00   11890.00  3.185122877189282E-18  9.876575194823037E-19 794
 199   11890.00   11950.00  5.814612173263072E-19  2.458755065783187E-19 591	 199   11890.00   11950.00  3.541693690193692E-19  1.515215763893195E-19 591	 199   11890.00   11950.00  9.929829317522550E-19  4.133500353268746E-19 591
 200   11950.00   12010.00  8.936453349782463E-19  4.782138037964219E-19 501	 200   11950.00   12010.00  5.219335918577396E-19  2.764166487431330E-19 501	 200   11950.00   12010.00  1.617672980181759E-18  8.759248702534589E-19 501
 201   12010.00   12070.00  5.357438066405624E-19  3.242293740562750E-19 389	 201   12010.00   12070.00  3.149636878658508E-19  1.937454781294651E-19 389	 201   12010.00   12070.00  9.600514010098007E-19  5.742081811891240E-19 389
 202   12070.00   12130.00  2.474608499018877E-19  2.053856356329340E-19 289	 202   12070.00   12130.00  1.137669622833828E-19  8.862112556791275E-20 289	 202   12070.00   12130.00  5.994038928794604E-19  5.265077259234096E-19 289
 203   12130.00   12190.00  6.759045990563671E-20  3.924090334297845E-20 245	 203   12130.00   12190.00  4.100187977040084E-20  2.409146624679539E-20 245	 203   12130.00   12190.00  1.161760837323565E-19  6.610432263890894E-20 245
 204   12190.00   12250.00  7.424855686781679E-20  4.381768535440635E-20 207	 204   12190.00   12250.00  4.484551421305528E-20  2.648322802648905E-20 207	 204   12190.00   12250.00  1.271664468784642E-19  7.496330175592725E-20 207
 205   12250.00   12310.00  2.057811510371327E-21  5.652303137172398E-22 120	 205   12250.00   12310.00  1.217126888787771E-21  3.377863418054860E-22 120	 205   12250.00   12310.00  3.623423206889004E-21  9.844928117152842E-22 120
 206   12310.00   12370.00  1.717792279952013E-21  7.324630388676693E-22 81	 206   12310.00   12370.00  1.040830581192497E-21  4.469478763632700E-22 81	 206   12310.00   12370.00  2.961958233691889E-21  1.243715441489595E-21 81
 207   12370.00   12430.00  5.197944942832930E-22  3.474002996773916E-22 43	 207   12370.00   12430.00  2.996447326041057E-22  1.984691845778993E-22 43	 207   12370.00   12430.00  9.373192198236060E-22  6.329073643513079E-22 43
 208   12430.00   12490.00  7.326317460144799E-22  4.811410736587916E-22 35	 208   12430.00   12490.00  4.080979399034117E-22  2.619680279375815E-22 35	 208   12430.00   12490.00  1.376538073365375E-21  9.254391980692045E-22 35
 209   12490.00   12550.00  9.437281066125260E-21  9.198817492648484E-21 27	 209   12490.00   12550.00  5.316899562792088E-21  5.176938425781247E-21 27	 209   12490.00   12550.00  1.736630892486875E-20  1.694568116339689E-20 27
 210   12550.00   12610.00  3.684827908410931E-23  2.648367670718577E-23 8	 210   12550.00   12610.00  2.140599595829831E-23  1.545803520373952E-23 8	 210   12550.00   12610.00  6.574547443267883E-23  4.696170132017160E-23 8
 211   12610.00   12670.00  7.316927199476662E-26  7.316909885726910E-26 2	 211   12610.00   12670.00  4.185597952125569E-26  4.185576928980184E-26 2	 211   12610.00   12670.00  1.325573238095328E-25  1.325570179527425E-25 2
 212   12670.00   12730.00  1.297699849106280E-25  9.441222883245019E-26 2	 212   12670.00   12730.00  7.355064193978002E-26  5.345350358692870E-26 2	 212   12670.00   12730.00  2.372793531502876E-25  1.728205591618496E-25 2
 213   12730.00   12790.00  0.000000000000000E+00  0.000000000000000E+00 0	 213   12730.00   12790.00  0.000000000000000E+00  0.000000000000000E+00 0	 213   12730.00   12790.00  0.000000000000000E+00  0.000000000000000E+00 0
 214   12790.00   12850.00  0.000000000000000E+00  0.000000000000000E+00 0	 214   12790.00   12850.00  0.000000000000000E+00  0.000000000000000E+00 0	 214   12790.00   12850.00  0.000000000000000E+00  0.000000000000000E+00 0
 215   12850.00   12910.00  0.000000000000000E+00  0.000000000000000E+00 0	 215   12850.00   12910.00  0.000000000000000E+00  0.000000000000000E+00 0	 215   12850.00   12910.00  0.000000000000000E+00  0.000000000000000E+00 0
 216   12910.00   12970.00  0.000000000000000E+00  0.000000000000000E+00 0	 216   12910.00   12970.00  0.000000000000000E+00  0.000000000000000E+00 0	 216   12910.00   12970.00  0.000000000000000E+00  0.000000000000000E+00 0
 217   12970.00   13030.00  0.000000000000000E+00  0.000000000000000E+00 0	 217   12970.00   13030.00  0.000000000000000E+00  0.000000000000000E+00 0	 217   12970.00   13030.00  0.000000000000000E+00  0.000000000000000E+00 0
# Underflow:                 0.0000000000000000E+00  0.0000000000000000E+00 0
# Overflow:                  0.0000000000000000E+00  0.0000000000000000E+00 0
#-------------------------------------------------------------------------------------	#-------------------------------------------------------------------------------------	#-------------------------------------------------------------------------------------
# Sum:                       4.2283446144374390E-02  1.8979663104237138E-05 53479000
#=====================================================================================	#=====================================================================================	#=====================================================================================
