# title = Invariant Mass j-j-electron System
# xlabel = $M_{\text{j}_1\text{j}_2\text{e}^-}\,$[GeV]
# ylabel = $\frac{\text{d}\sigma}{\text{d}M_{\text{j}_1\text{j}_2\text{e}^-}}\,\left[\frac{\text{fb}}{\text{GeV}}\right]$
# xmin=  4.000E+02
# xmax=  2.000E+03
# ymin=  1.000E-06
# ymax=  1.000E-03
# kmin=  0.000E+00
# kmax=  1.000E+02
# logscale = true
# Renormalization and factorization scale scaled by: 1.0000000000
# Renormalization scaled by: 1.0000000000
# Number of generated events: 1919548716
#
#=====================================================================================
# No.       Left      Right                   Value                   Error Hits
#-------------------------------------------------------------------------------------
   1       0.00      40.00  0.000000000000000E+00  0.000000000000000E+00 0
   2      40.00      80.00  0.000000000000000E+00  0.000000000000000E+00 0
   3      80.00     120.00  0.000000000000000E+00  0.000000000000000E+00 0
   4     120.00     160.00  0.000000000000000E+00  0.000000000000000E+00 0
   5     160.00     200.00  0.000000000000000E+00  0.000000000000000E+00 0
   6     200.00     240.00  0.000000000000000E+00  0.000000000000000E+00 0
   7     240.00     280.00  0.000000000000000E+00  0.000000000000000E+00 0
   8     280.00     320.00  0.000000000000000E+00  0.000000000000000E+00 0
   9     320.00     360.00  0.000000000000000E+00  0.000000000000000E+00 0
  10     360.00     400.00  0.000000000000000E+00  0.000000000000000E+00 0
  11     400.00     440.00  0.000000000000000E+00  0.000000000000000E+00 0
  12     440.00     480.00  0.000000000000000E+00  0.000000000000000E+00 0
  13     480.00     520.00  1.823103552905300E-08  6.183320819079689E-10 19783
  14     520.00     560.00  1.325045597051601E-05  1.648197037920548E-08 15356376
  15     560.00     600.00  4.387688573430880E-05  3.258588741470711E-08 44293518
  16     600.00     640.00  6.691404450841787E-05  4.290224224079532E-08 59370119
  17     640.00     680.00  8.234994501767342E-05  5.057119688169082E-08 67549517
  18     680.00     720.00  9.279142022155962E-05  5.710767986250144E-08 71984379
  19     720.00     760.00  9.970551021859819E-05  6.201824064451461E-08 74214121
  20     760.00     800.00  1.041956537871720E-04  6.638266334289647E-08 75021893
  21     800.00     840.00  1.071029336481472E-04  7.036336855125990E-08 74930437
  22     840.00     880.00  1.085222596785622E-04  7.382166343550305E-08 74249278
  23     880.00     920.00  1.091351087476400E-04  7.763286562932439E-08 73183388
  24     920.00     960.00  1.089392467412086E-04  7.977006048420284E-08 71853391
  25     960.00    1000.00  1.078678915949746E-04  8.321022606640712E-08 70328807
  26    1000.00    1040.00  1.066467054732250E-04  8.709577263223849E-08 68712674
  27    1040.00    1080.00  1.049157224362208E-04  8.665442331221043E-08 67027861
  28    1080.00    1120.00  1.029050370013808E-04  8.992108328747757E-08 65297984
  29    1120.00    1160.00  1.007840655839784E-04  9.113990121995953E-08 63565074
  30    1160.00    1200.00  9.807380384387340E-05  9.324379320720926E-08 61831021
  31    1200.00    1240.00  9.564070423319815E-05  9.607367400978011E-08 60130286
  32    1240.00    1280.00  9.306918003775945E-05  9.633384826386953E-08 58434951
  33    1280.00    1320.00  9.022993474515466E-05  9.789750138108236E-08 56774128
  34    1320.00    1360.00  8.768064596233295E-05  9.903238941660679E-08 55148864
  35    1360.00    1400.00  8.512829796930709E-05  1.014248796300037E-07 53570512
  36    1400.00    1440.00  8.195568230561779E-05  1.001301691823318E-07 52056181
  37    1440.00    1480.00  7.940683338563866E-05  9.953884806595624E-08 50563546
  38    1480.00    1520.00  7.657065420585494E-05  9.929387187912252E-08 49106208
  39    1520.00    1560.00  7.395152628705546E-05  1.009958425474541E-07 47690680
  40    1560.00    1600.00  7.126430397103118E-05  1.005514366560585E-07 46344402
  41    1600.00    1640.00  6.870303198042910E-05  1.014678274714104E-07 45038095
  42    1640.00    1680.00  6.592212883693072E-05  9.897720605284778E-08 43736471
  43    1680.00    1720.00  6.355492003253722E-05  9.899769995599470E-08 42512040
  44    1720.00    1760.00  6.132554068410599E-05  1.008151269789974E-07 41335266
  45    1760.00    1800.00  5.901069797586710E-05  1.027836902606617E-07 40174465
  46    1800.00    1840.00  5.654071265839273E-05  9.983278538189515E-08 39063288
  47    1840.00    1880.00  5.452090398339129E-05  9.965330774631231E-08 37974222
  48    1880.00    1920.00  5.225968590386643E-05  9.664559155543149E-08 36936929
  49    1920.00    1960.00  5.014082521813453E-05  9.782772790985968E-08 35920438
  50    1960.00    2000.00  4.815897946931481E-05  9.557098543035924E-08 34948464
  51    2000.00    2040.00  4.619875924821620E-05  9.465479266042446E-08 34002355
  52    2040.00    2080.00  4.450727733754891E-05  9.630938654509956E-08 33092122
  53    2080.00    2120.00  4.253592026899610E-05  9.398075148816899E-08 32206251
  54    2120.00    2160.00  4.087476096213401E-05  9.718616038471951E-08 31363461
  55    2160.00    2200.00  3.906468773030528E-05  9.301897348590666E-08 30525558
  56    2200.00    2240.00  3.741018530541885E-05  8.951069159915209E-08 29741536
  57    2240.00    2280.00  3.579126095232207E-05  8.632315762743145E-08 28962947
  58    2280.00    2320.00  3.441365640150086E-05  8.674510182521082E-08 28216196
  59    2320.00    2360.00  3.297247483917721E-05  8.685958524133325E-08 27495922
  60    2360.00    2400.00  3.163142630301229E-05  9.275461061298207E-08 26784739
  61    2400.00    2440.00  3.019373163092066E-05  8.335717324485604E-08 26112017
  62    2440.00    2480.00  2.904739804458793E-05  8.459987426066316E-08 25451242
  63    2480.00    2520.00  2.767312247013265E-05  8.207057494911497E-08 24810410
  64    2520.00    2560.00  2.653218383335331E-05  8.454770919553537E-08 24185274
  65    2560.00    2600.00  2.540558086756644E-05  8.117647628415114E-08 23595288
  66    2600.00    2640.00  2.419040456163871E-05  7.667866730062147E-08 22997458
  67    2640.00    2680.00  2.314264878452722E-05  7.895179941666556E-08 22436931
  68    2680.00    2720.00  2.220086204022044E-05  7.727014928359821E-08 21889077
  69    2720.00    2760.00  2.111266633697951E-05  7.164416110371037E-08 21354428
  70    2760.00    2800.00  2.015748821076102E-05  7.206208820141446E-08 20841466
  71    2800.00    2840.00  1.929572970499212E-05  6.956311171200376E-08 20349143
  72    2840.00    2880.00  1.845322710772826E-05  7.009699863239041E-08 19861622
  73    2880.00    2920.00  1.761894444669623E-05  7.055128931778043E-08 19387136
  74    2920.00    2960.00  1.699706326930288E-05  9.622863839228272E-08 18920803
  75    2960.00    3000.00  1.615164589032150E-05  6.585900178221232E-08 18480406
  76    3000.00    3040.00  1.547475217668139E-05  6.440605737009537E-08 18049988
  77    3040.00    3080.00  1.463736451008418E-05  6.014792545087209E-08 17632453
  78    3080.00    3120.00  1.400171394937679E-05  5.868593411985089E-08 17211238
  79    3120.00    3160.00  1.343239759726823E-05  5.741325428873318E-08 16818933
  80    3160.00    3200.00  1.282690710724477E-05  5.812048022447027E-08 16432616
  81    3200.00    3240.00  1.224509368910488E-05  5.738363643272200E-08 16054722
  82    3240.00    3280.00  1.158168929524926E-05  5.550890422876926E-08 15692249
  83    3280.00    3320.00  1.111960815057167E-05  5.516246858668277E-08 15335728
  84    3320.00    3360.00  1.051462471266170E-05  5.136261639381631E-08 14989929
  85    3360.00    3400.00  1.010437657661722E-05  5.203810886736711E-08 14643354
  86    3400.00    3440.00  9.484135014853130E-06  4.801231065540447E-08 14323748
  87    3440.00    3480.00  9.196485062431495E-06  5.075644783418624E-08 14007612
  88    3480.00    3520.00  8.637672445766556E-06  4.488178865948213E-08 13689879
  89    3520.00    3560.00  8.336473414469081E-06  4.582458154798855E-08 13386108
  90    3560.00    3600.00  7.891187475545545E-06  4.380025873735823E-08 13087587
  91    3600.00    3640.00  7.522640792437454E-06  4.285704352251026E-08 12800768
  92    3640.00    3680.00  7.197805495709162E-06  4.246543797980000E-08 12523066
  93    3680.00    3720.00  6.912439900213415E-06  4.228573490489810E-08 12257024
  94    3720.00    3760.00  6.489242022767169E-06  3.888077035785522E-08 11980007
  95    3760.00    3800.00  6.221935327797971E-06  3.783706782521955E-08 11722645
  96    3800.00    3840.00  5.877223030702625E-06  3.861524040610387E-08 11467388
  97    3840.00    3880.00  5.646409593624156E-06  3.646896061593837E-08 11221386
  98    3880.00    3920.00  5.353710470540825E-06  3.530447500387016E-08 10983157
  99    3920.00    3960.00  5.060247237658505E-06  3.457685531074918E-08 10747896
 100    3960.00    4000.00  4.844914865469103E-06  3.270829394627816E-08 10512709
 101    4000.00    4040.00  4.620820653899625E-06  3.320771539169844E-08 10292925
 102    4040.00    4080.00  4.415777916479799E-06  3.605626858006571E-08 10069786
 103    4080.00    4120.00  4.138936120941914E-06  2.866422280425635E-08 9858839
 104    4120.00    4160.00  3.954479624853006E-06  2.857135780516197E-08 9648546
 105    4160.00    4200.00  3.786197889758703E-06  2.899092281122953E-08 9444666
 106    4200.00    4240.00  3.564475941393875E-06  2.731574972429484E-08 9253252
 107    4240.00    4280.00  3.383137555555736E-06  2.594333481873398E-08 9056044
 108    4280.00    4320.00  3.253963361244633E-06  2.614086674092878E-08 8869976
 109    4320.00    4360.00  3.098414978956668E-06  2.484721486514942E-08 8679534
 110    4360.00    4400.00  2.876434551108246E-06  2.271964308643118E-08 8500428
 111    4400.00    4440.00  2.762272235830057E-06  2.361302527115181E-08 8318955
 112    4440.00    4480.00  2.600550622002504E-06  2.217541803777090E-08 8146810
 113    4480.00    4520.00  2.492813993202000E-06  2.179276967635641E-08 7980252
 114    4520.00    4560.00  2.355959995615988E-06  1.994921716615384E-08 7819675
 115    4560.00    4600.00  2.285688253290337E-06  2.371652317700066E-08 7652270
 116    4600.00    4640.00  2.137527122820995E-06  2.048059358826244E-08 7493899
 117    4640.00    4680.00  2.006506137886865E-06  1.751841463122973E-08 7337541
 118    4680.00    4720.00  1.926140087486774E-06  1.801854588489330E-08 7190200
 119    4720.00    4760.00  1.837026477451149E-06  1.786172390668466E-08 7043387
 120    4760.00    4800.00  1.723554023179535E-06  1.664887798435793E-08 6897543
 121    4800.00    4840.00  1.626629547259959E-06  1.604781657928604E-08 6755884
 122    4840.00    4880.00  1.538099662992295E-06  1.478164343659151E-08 6615543
 123    4880.00    4920.00  1.467537074856727E-06  1.501533896395381E-08 6483709
 124    4920.00    4960.00  1.394393074149068E-06  1.466575707969981E-08 6351549
 125    4960.00    5000.00  1.306144119856207E-06  1.275406530315382E-08 6220083
 126    5000.00    5040.00  1.235386005607318E-06  1.227922727660044E-08 6099690
 127    5040.00    5080.00  1.172558723393490E-06  1.189427862450303E-08 5973241
 128    5080.00    5120.00  1.133884907178647E-06  1.233343583717276E-08 5848824
 129    5120.00    5160.00  1.033660707622186E-06  1.072000199403839E-08 5731432
 130    5160.00    5200.00  1.002311368614893E-06  1.086837124284736E-08 5612284
 131    5200.00    5240.00  9.341480525983313E-07  1.142299429589336E-08 5500622
 132    5240.00    5280.00  8.899676557297207E-07  1.018007890756083E-08 5390275
 133    5280.00    5320.00  8.597605473018628E-07  1.052736751418249E-08 5274584
 134    5320.00    5360.00  7.898545795536513E-07  8.276892402745825E-09 5172140
 135    5360.00    5400.00  7.602886360619138E-07  9.368522922278751E-09 5066573
 136    5400.00    5440.00  7.167491284128099E-07  8.449975689242875E-09 4965036
 137    5440.00    5480.00  6.974564418505944E-07  9.438968225279203E-09 4863318
 138    5480.00    5520.00  6.493658446171017E-07  8.039316808912676E-09 4764638
 139    5520.00    5560.00  6.053384855132378E-07  7.060662880159427E-09 4667225
 140    5560.00    5600.00  5.846046669273238E-07  1.663239291051089E-08 4574047
 141    5600.00    5640.00  5.393551633162462E-07  6.484596989524020E-09 4484806
 142    5640.00    5680.00  5.002627247227504E-07  6.341854968536792E-09 4390337
 143    5680.00    5720.00  4.898099690801771E-07  6.658798586477526E-09 4302822
 144    5720.00    5760.00  4.601550487627017E-07  6.074188452042809E-09 4215001
 145    5760.00    5800.00  4.259677480609148E-07  5.297456768784896E-09 4131024
 146    5800.00    5840.00  4.012762529286253E-07  5.201916715797889E-09 4045946
 147    5840.00    5880.00  3.760449259834931E-07  4.607751679819721E-09 3959652
 148    5880.00    5920.00  3.588476393084825E-07  4.842627195343194E-09 3882048
 149    5920.00    5960.00  3.357375766690798E-07  4.439754247324544E-09 3801034
 150    5960.00    6000.00  3.239848418188081E-07  4.909387744677435E-09 3723822
 151    6000.00    6040.00  2.963990785633512E-07  3.707274140492067E-09 3651726
 152    6040.00    6080.00  2.874460637576526E-07  4.224135957393391E-09 3574848
 153    6080.00    6120.00  2.671801022345377E-07  3.692896347102657E-09 3501199
 154    6120.00    6160.00  2.528453749571928E-07  3.701671567568562E-09 3430218
 155    6160.00    6200.00  2.392361678254342E-07  3.994408212596411E-09 3357731
 156    6200.00    6240.00  2.209415402557856E-07  3.461737489653024E-09 3289376
 157    6240.00    6280.00  2.067413358851817E-07  2.879700850584546E-09 3224656
 158    6280.00    6320.00  2.027841414039491E-07  3.044251276826613E-09 3158355
 159    6320.00    6360.00  1.869748407718450E-07  2.840903674441024E-09 3093576
 160    6360.00    6400.00  1.757413006136311E-07  2.568006281695012E-09 3026501
 161    6400.00    6440.00  1.652486564620760E-07  2.404688903751104E-09 2966832
 162    6440.00    6480.00  1.530121481448851E-07  2.262437988926564E-09 2905823
 163    6480.00    6520.00  1.498711263574783E-07  2.355499635437635E-09 2845034
 164    6520.00    6560.00  1.368362550551827E-07  2.220703618750147E-09 2788671
 165    6560.00    6600.00  1.321746014813002E-07  2.230761304754186E-09 2729837
 166    6600.00    6640.00  1.214043797083781E-07  1.931866300224371E-09 2673077
 167    6640.00    6680.00  1.168979241818780E-07  1.909596686098361E-09 2616148
 168    6680.00    6720.00  1.066817004619886E-07  1.822272106576023E-09 2560504
 169    6720.00    6760.00  1.041731007469826E-07  2.107121915794652E-09 2505479
 170    6760.00    6800.00  9.397585291465478E-08  1.729112386305751E-09 2454942
 171    6800.00    6840.00  9.159701862247228E-08  1.739613505912356E-09 2403669
 172    6840.00    6880.00  8.360593015926602E-08  1.395696430826746E-09 2353854
 173    6880.00    6920.00  7.626132774829029E-08  1.160568166847599E-09 2304378
 174    6920.00    6960.00  7.323128180664032E-08  1.253779941329603E-09 2252505
 175    6960.00    7000.00  6.994305489286626E-08  1.477885463825442E-09 2205790
 176    7000.00    7040.00  6.466032061283194E-08  1.020084550303567E-09 2161717
 177    7040.00    7080.00  6.154025920411532E-08  1.136579491566537E-09 2113287
 178    7080.00    7120.00  5.809864150126740E-08  1.063677867698501E-09 2067843
 179    7120.00    7160.00  5.517159633089561E-08  1.071066291031069E-09 2024708
 180    7160.00    7200.00  5.048015599980622E-08  9.341987825533201E-10 1980808
 181    7200.00    7240.00  4.709131605038443E-08  8.580689785077140E-10 1939069
 182    7240.00    7280.00  4.453307066107515E-08  1.018809386930389E-09 1897662
 183    7280.00    7320.00  3.985020765236789E-08  6.207500007848225E-10 1857277
 184    7320.00    7360.00  3.938843752210178E-08  7.673429086100640E-10 1816404
 185    7360.00    7400.00  3.348479638226864E-08  5.277490301204684E-10 1777404
 186    7400.00    7440.00  3.485599419475100E-08  7.782902907451125E-10 1738394
 187    7440.00    7480.00  3.150793255069885E-08  6.137527357833719E-10 1698919
 188    7480.00    7520.00  2.982470153744792E-08  5.515682415926682E-10 1663795
 189    7520.00    7560.00  2.811894247454654E-08  5.027045559259688E-10 1627373
 190    7560.00    7600.00  2.611156805801147E-08  5.285468496351525E-10 1589853
 191    7600.00    7640.00  2.379447491631665E-08  4.618560499135367E-10 1554642
 192    7640.00    7680.00  2.182585353036300E-08  4.062634017765554E-10 1520050
 193    7680.00    7720.00  2.136213006954703E-08  4.841726792151761E-10 1484716
 194    7720.00    7760.00  1.898480115786385E-08  3.703032955022399E-10 1453054
 195    7760.00    7800.00  1.810273945072536E-08  3.762190952844617E-10 1418230
 196    7800.00    7840.00  1.762577598247706E-08  3.899276314708538E-10 1388786
 197    7840.00    7880.00  1.665376178288622E-08  3.536487200812957E-10 1354934
 198    7880.00    7920.00  1.483405704505759E-08  3.995612266597334E-10 1327152
 199    7920.00    7960.00  1.406588451499511E-08  2.838317097171272E-10 1296417
 200    7960.00    8000.00  1.292633598323572E-08  2.491325215335823E-10 1265620
 201    8000.00    8040.00  1.219849978631462E-08  3.350344443115916E-10 1234694
 202    8040.00    8080.00  1.186359611285618E-08  3.335114573736299E-10 1206498
 203    8080.00    8120.00  1.093094071669883E-08  2.641945039871809E-10 1178168
 204    8120.00    8160.00  9.425355948787575E-09  1.930160831398483E-10 1150297
 205    8160.00    8200.00  9.601032325753009E-09  3.224759793489645E-10 1125764
 206    8200.00    8240.00  8.573391297575139E-09  1.805670436855350E-10 1098946
 207    8240.00    8280.00  8.328829443485644E-09  2.156634561028228E-10 1070633
 208    8280.00    8320.00  7.265710687598533E-09  1.770719931126780E-10 1046657
 209    8320.00    8360.00  6.643171778282763E-09  1.557750259317230E-10 1021540
 210    8360.00    8400.00  6.532212504817505E-09  1.784190425854097E-10 998775
 211    8400.00    8440.00  5.698675514438783E-09  1.326669329733856E-10 974114
 212    8440.00    8480.00  5.584590266183398E-09  1.270758146684968E-10 950744
 213    8480.00    8520.00  5.225975715868470E-09  1.296305801853864E-10 925270
 214    8520.00    8560.00  4.586877571838537E-09  9.658671423580890E-11 904040
 215    8560.00    8600.00  4.408036986275197E-09  1.116739343131819E-10 880882
 216    8600.00    8640.00  3.998588906626581E-09  8.992811555261277E-11 860170
 217    8640.00    8680.00  3.722796985476533E-09  1.178188445044084E-10 836509
 218    8680.00    8720.00  3.622133218964664E-09  9.077726925207616E-11 815981
 219    8720.00    8760.00  3.292238239580010E-09  9.414607916469291E-11 793695
 220    8760.00    8800.00  2.971275087778538E-09  7.126536171106284E-11 775851
 221    8800.00    8840.00  2.813301991780962E-09  1.073340512502391E-10 755889
 222    8840.00    8880.00  2.619480383279088E-09  7.995351848094907E-11 735209
 223    8880.00    8920.00  2.492722999976597E-09  7.321303759233807E-11 715281
 224    8920.00    8960.00  2.191504836419809E-09  5.512323993942678E-11 697141
 225    8960.00    9000.00  2.028299722561185E-09  5.992972381805476E-11 679105
 226    9000.00    9040.00  2.013257196631781E-09  6.736648559730571E-11 663375
 227    9040.00    9080.00  1.727557151256326E-09  5.064346905097857E-11 643749
 228    9080.00    9120.00  1.718562408793500E-09  8.355049595976433E-11 626699
 229    9120.00    9160.00  1.415882932122247E-09  3.569181461286522E-11 608452
 230    9160.00    9200.00  1.328689882772581E-09  3.831908135027100E-11 591942
 231    9200.00    9240.00  1.231501821257024E-09  4.470848270310752E-11 576458
 232    9240.00    9280.00  1.155908597501115E-09  2.934373110844491E-11 560964
 233    9280.00    9320.00  1.057479778826084E-09  3.749808923875790E-11 544833
 234    9320.00    9360.00  9.885812641635422E-10  3.163501785889957E-11 530182
 235    9360.00    9400.00  9.252889415392257E-10  4.725242069455212E-11 513863
 236    9400.00    9440.00  7.949497820323287E-10  2.052289475291962E-11 500582
 237    9440.00    9480.00  7.766116281255838E-10  2.499657287625973E-11 484655
 238    9480.00    9520.00  7.177032393781622E-10  2.323286429279522E-11 470816
 239    9520.00    9560.00  6.415514664789361E-10  1.897325899035576E-11 457734
 240    9560.00    9600.00  5.816814044681412E-10  1.574416399838733E-11 443392
 241    9600.00    9640.00  5.528546877623534E-10  2.431388071661729E-11 430278
 242    9640.00    9680.00  4.938736848928785E-10  1.791756854674124E-11 416598
 243    9680.00    9720.00  4.469612539909105E-10  1.294442819005899E-11 405007
 244    9720.00    9760.00  4.386063549250846E-10  1.942669936796389E-11 392247
 245    9760.00    9800.00  3.667164582983856E-10  9.953453385969985E-12 379836
 246    9800.00    9840.00  3.406245605963195E-10  1.205529551560595E-11 367108
 247    9840.00    9880.00  3.343111767125677E-10  1.317110746199390E-11 355658
 248    9880.00    9920.00  2.771824148089787E-10  7.749764354011461E-12 345221
 249    9920.00    9960.00  2.519133283582149E-10  6.659658603491004E-12 334661
 250    9960.00   10000.00  2.318369547779939E-10  6.315446245574994E-12 322361
 251   10000.00   10040.00  2.269785609245392E-10  1.046287891325495E-11 311781
 252   10040.00   10080.00  1.834589548075867E-10  5.301068392223384E-12 301569
 253   10080.00   10120.00  1.747892019969369E-10  6.617903097532952E-12 292311
 254   10120.00   10160.00  1.587789224276202E-10  4.603698715292886E-12 281807
 255   10160.00   10200.00  1.497516402665563E-10  5.858199032206263E-12 270815
 256   10200.00   10240.00  1.293676738826542E-10  4.601763657619192E-12 261746
 257   10240.00   10280.00  1.180137924721705E-10  4.468647443889176E-12 253025
 258   10280.00   10320.00  1.027161784161842E-10  3.253777409479200E-12 243623
 259   10320.00   10360.00  9.423612494351850E-11  3.033418834845523E-12 234630
 260   10360.00   10400.00  8.453311931374355E-11  2.262556819281646E-12 226523
 261   10400.00   10440.00  7.791443335960332E-11  2.401499956795982E-12 217930
 262   10440.00   10480.00  7.462735447496739E-11  2.808458958775287E-12 209103
 263   10480.00   10520.00  5.619551599771078E-11  1.488021427853474E-12 201901
 264   10520.00   10560.00  5.645130243868808E-11  1.618495786615676E-12 194309
 265   10560.00   10600.00  4.883990381248182E-11  1.580824978312064E-12 185308
 266   10600.00   10640.00  4.427749939882099E-11  1.737392146436015E-12 177693
 267   10640.00   10680.00  3.889888421613104E-11  1.163741237555990E-12 171361
 268   10680.00   10720.00  3.257088045124458E-11  1.012359846544201E-12 163897
 269   10720.00   10760.00  3.080124891915206E-11  9.146191590152645E-13 157359
 270   10760.00   10800.00  2.611681662285418E-11  7.652610346719389E-13 150270
 271   10800.00   10840.00  2.331910505720172E-11  7.052381507391908E-13 143365
 272   10840.00   10880.00  2.029288053238090E-11  5.987401080669089E-13 137245
 273   10880.00   10920.00  1.761821899645419E-11  5.276644212004880E-13 129915
 274   10920.00   10960.00  1.651746129469294E-11  6.157656414098970E-13 125522
 275   10960.00   11000.00  1.511233552265069E-11  8.454809618739851E-13 118614
 276   11000.00   11040.00  1.332647814136751E-11  5.843286043724507E-13 113096
 277   11040.00   11080.00  1.171615643831213E-11  6.748111798974775E-13 107905
 278   11080.00   11120.00  9.635984178914060E-12  3.649595992237224E-13 102467
 279   11120.00   11160.00  8.848480391871696E-12  3.889438926985147E-13 97302
 280   11160.00   11200.00  6.700599631359900E-12  2.210486813020688E-13 92481
 281   11200.00   11240.00  5.924126719037351E-12  1.984553957152521E-13 87442
 282   11240.00   11280.00  5.229071592485186E-12  2.260346178508410E-13 83018
 283   11280.00   11320.00  4.453492983840870E-12  1.431538519393346E-13 77799
 284   11320.00   11360.00  3.823599174314477E-12  1.359390723940269E-13 73049
 285   11360.00   11400.00  3.305752032225697E-12  1.287746335451520E-13 69383
 286   11400.00   11440.00  2.525079910663426E-12  1.031319382938033E-13 65056
 287   11440.00   11480.00  2.138745294859617E-12  7.378435108842745E-14 61184
 288   11480.00   11520.00  2.051120312841418E-12  9.016306263586616E-14 57684
 289   11520.00   11560.00  1.567716960034607E-12  5.467593083723622E-14 53893
 290   11560.00   11600.00  1.287856257170072E-12  4.350774411500113E-14 50164
 291   11600.00   11640.00  1.155368494291193E-12  8.204184467588894E-14 46453
 292   11640.00   11680.00  9.449776167361714E-13  4.475756885725074E-14 43626
 293   11680.00   11720.00  7.189253767449664E-13  2.466243963057094E-14 40610
 294   11720.00   11760.00  5.785153739561658E-13  2.050477544737577E-14 37213
 295   11760.00   11800.00  5.061389272175308E-13  3.341828965807876E-14 34383
 296   11800.00   11840.00  3.640191543693240E-13  1.426879182143078E-14 31895
 297   11840.00   11880.00  2.750592691652702E-13  9.567159751053878E-15 29063
 298   11880.00   11920.00  2.394068931959919E-13  1.309708761672809E-14 26582
 299   11920.00   11960.00  1.969197719028429E-13  1.098049143765360E-14 24029
 300   11960.00   12000.00  1.395422663998392E-13  6.474952926761488E-15 21613
 301   12000.00   12040.00  9.621396983012607E-14  4.106731289922865E-15 19569
 302   12040.00   12080.00  8.175634448348793E-14  5.078911777744913E-15 18023
 303   12080.00   12120.00  5.622312547440954E-14  3.480599236405217E-15 15755
 304   12120.00   12160.00  4.177846534366414E-14  2.689118302583512E-15 14179
 305   12160.00   12200.00  2.839964417701249E-14  1.690919555917099E-15 12654
 306   12200.00   12240.00  2.201076344683426E-14  1.435721663679975E-15 10938
 307   12240.00   12280.00  1.632259840906446E-14  1.558208707577467E-15 9487
 308   12280.00   12320.00  1.034519602699188E-14  6.272595437883798E-16 8374
 309   12320.00   12360.00  6.312628159506996E-15  4.683556319463492E-16 6898
 310   12360.00   12400.00  4.061381039080275E-15  2.579512184929740E-16 5966
 311   12400.00   12440.00  2.299554265709795E-15  1.607074699202278E-16 4784
 312   12440.00   12480.00  1.580660867079522E-15  1.363863373844557E-16 3990
 313   12480.00   12520.00  8.628827970001047E-16  8.718664150355376E-17 3241
 314   12520.00   12560.00  3.543545646787450E-16  2.959489873023732E-17 2525
 315   12560.00   12600.00  2.018892721936555E-16  2.227831297857041E-17 1887
 316   12600.00   12640.00  8.198930530682212E-17  9.519753541344720E-18 1381
 317   12640.00   12680.00  4.448676469114832E-17  9.699346821314599E-18 957
 318   12680.00   12720.00  1.089894715211376E-17  2.168131963680965E-18 640
 319   12720.00   12760.00  3.190542929322083E-18  7.509269031403047E-19 351
 320   12760.00   12800.00  1.235556294162397E-18  3.267713341699729E-19 201
 321   12800.00   12840.00  9.605733664581836E-20  3.408468538797130E-20 61
 322   12840.00   12880.00  6.381958589544330E-21  4.242112833872518E-21 8
 323   12880.00   12920.00  0.000000000000000E+00  0.000000000000000E+00 0
 324   12920.00   12960.00  0.000000000000000E+00  0.000000000000000E+00 0
 325   12960.00   13000.00  0.000000000000000E+00  0.000000000000000E+00 0
# Underflow:                 0.0000000000000000E+00  0.0000000000000000E+00 0
# Overflow:                  0.0000000000000000E+00  0.0000000000000000E+00 0
#-------------------------------------------------------------------------------------
# Sum:                       1.6710655924343499E-06  2.1304880041610116E-09 20479000
#=====================================================================================
