# title = Transverse Momentum anti-Muon
# xlabel = $p_{\text{T},\mu^+}\,$[GeV]
# ylabel = $\frac{\text{d}\sigma}{\text{d}p_{\text{T},\mu^+}}\,\left[\frac{\text{fb}}{\text{GeV}}\right]$
# xmin=  0.000E+00
# xmax=  8.000E+02
# ymin=  1.000E-07
# ymax=  5.000E-03
# kmin=  0.000E+00
# kmax=  1.000E+02
# logscale = true
# Renormalization and factorization scale scaled by: 1.0000000000
# Renormalization scaled by: 1.0000000000
# Number of generated events: 1919548716
#
#=====================================================================================
# No.       Left      Right                   Value                   Error Hits
#-------------------------------------------------------------------------------------
   1       0.00      20.00  0.000000000000000E+00  0.000000000000000E+00 0
   2      20.00      40.00  2.090358780495368E-03  7.829323520184178E-07 711712167
   3      40.00      60.00  1.821827506427151E-03  7.087714463774337E-07 663769523
   4      60.00      80.00  1.270966625920831E-03  5.925425909854997E-07 439392186
   5      80.00     100.00  8.339182809840479E-04  4.736181863111458E-07 304619457
   6     100.00     120.00  5.327029503522745E-04  3.736929430891824E-07 216705846
   7     120.00     140.00  3.595792980959898E-04  2.910759507221248E-07 163380235
   8     140.00     160.00  2.569395629372526E-04  2.448787315606677E-07 128910864
   9     160.00     180.00  1.888273604186509E-04  2.020374336935860E-07 104438883
  10     180.00     200.00  1.422299434729634E-04  1.726718836720541E-07 86258385
  11     200.00     220.00  1.085418342594808E-04  1.455716064125612E-07 72285309
  12     220.00     240.00  8.382738726019120E-05  1.249438704208052E-07 61350537
  13     240.00     260.00  6.546076491403145E-05  1.092310350873726E-07 52593878
  14     260.00     280.00  5.160966171877731E-05  9.269608532838483E-08 45496000
  15     280.00     300.00  4.095850859383521E-05  8.125242313038863E-08 39650322
  16     300.00     320.00  3.283853117243706E-05  7.227945279250488E-08 34780360
  17     320.00     340.00  2.625467580901787E-05  6.191606696313778E-08 30706596
  18     340.00     360.00  2.131262794318545E-05  5.444675252458328E-08 27248926
  19     360.00     380.00  1.738568078187590E-05  4.830274544357282E-08 24280190
  20     380.00     400.00  1.410994701842921E-05  4.189531692183134E-08 21733704
  21     400.00     420.00  1.158419340493526E-05  3.718749983601309E-08 19533564
  22     420.00     440.00  9.552897724134258E-06  3.328944815811132E-08 17620483
  23     440.00     460.00  7.919130680967678E-06  3.014146191425262E-08 15939852
  24     460.00     480.00  6.623651343153188E-06  2.663932869349732E-08 14470073
  25     480.00     500.00  5.520611737526040E-06  2.379655532525456E-08 13166665
  26     500.00     520.00  4.568156491805390E-06  2.031139483215843E-08 12004288
  27     520.00     540.00  3.875189670184361E-06  1.873990803628669E-08 10978567
  28     540.00     560.00  3.264126227276368E-06  1.678512077409181E-08 10056368
  29     560.00     580.00  2.745327903814464E-06  1.480788566234909E-08 9234953
  30     580.00     600.00  2.329136291389040E-06  1.353859743585744E-08 8497135
  31     600.00     620.00  1.965508659159450E-06  1.217783263385171E-08 7829845
  32     620.00     640.00  1.695769432757413E-06  1.043327483947468E-08 7226419
  33     640.00     660.00  1.452344223999164E-06  9.849151973486984E-09 6681555
  34     660.00     680.00  1.228478097274891E-06  8.589308989895924E-09 6181664
  35     680.00     700.00  1.062207893289595E-06  7.708617259747992E-09 5739444
  36     700.00     720.00  9.050026155114694E-07  7.045811238914933E-09 5327181
  37     720.00     740.00  7.929505764053220E-07  6.644344810815334E-09 4947139
  38     740.00     760.00  6.783284401534793E-07  5.831164330307046E-09 4610603
  39     760.00     780.00  5.848242703902290E-07  5.229944596849295E-09 4290347
  40     780.00     800.00  5.155206216689929E-07  5.200003689333136E-09 4001840
  41     800.00     820.00  4.396711789766750E-07  4.438643186322980E-09 3736178
  42     820.00     840.00  3.860276093583750E-07  3.968352079469655E-09 3493087
  43     840.00     860.00  3.314817566140351E-07  3.403160526294864E-09 3271720
  44     860.00     880.00  2.917396250601090E-07  3.259531548259820E-09 3063338
  45     880.00     900.00  2.531560746107572E-07  3.040059218737142E-09 2873490
  46     900.00     920.00  2.193014858777935E-07  2.578382775190654E-09 2695403
  47     920.00     940.00  1.912767946768385E-07  2.251017365211840E-09 2526838
  48     940.00     960.00  1.680589043548414E-07  2.155054306203371E-09 2378879
  49     960.00     980.00  1.471072887942794E-07  1.877258398378321E-09 2236248
  50     980.00    1000.00  1.334050073506754E-07  1.894378723732269E-09 2106253
  51    1000.00    1020.00  1.151804606438522E-07  1.681664455981987E-09 1983065
  52    1020.00    1040.00  1.017708674972030E-07  1.547124027546454E-09 1868672
  53    1040.00    1060.00  8.998745442013815E-08  1.529183970608369E-09 1760167
  54    1060.00    1080.00  8.097063931869651E-08  1.322793464159897E-09 1663129
  55    1080.00    1100.00  7.183168445996406E-08  1.245149627917440E-09 1570928
  56    1100.00    1120.00  6.158484434153807E-08  1.037431560374579E-09 1483204
  57    1120.00    1140.00  5.376363439372840E-08  1.021629236279747E-09 1400513
  58    1140.00    1160.00  5.010408512358214E-08  9.848899371827647E-10 1323335
  59    1160.00    1180.00  4.225540061852248E-08  7.542062265990090E-10 1255615
  60    1180.00    1200.00  3.738376357358120E-08  6.467159517343874E-10 1189115
  61    1200.00    1220.00  3.332212474829576E-08  6.020693453715592E-10 1126324
  62    1220.00    1240.00  3.027441509602641E-08  6.149960768439462E-10 1064925
  63    1240.00    1260.00  2.826322750896727E-08  6.931074112799169E-10 1010921
  64    1260.00    1280.00  2.392037010035747E-08  5.271731415334563E-10 958591
  65    1280.00    1300.00  2.116455889302394E-08  4.554827697717303E-10 909799
  66    1300.00    1320.00  1.809038802338429E-08  3.547775220931641E-10 862724
  67    1320.00    1340.00  1.676072963665565E-08  3.931564811618268E-10 817978
  68    1340.00    1360.00  1.456278155472109E-08  3.264760900171722E-10 778158
  69    1360.00    1380.00  1.392624446203874E-08  3.791455922278475E-10 739536
  70    1380.00    1400.00  1.235445122814127E-08  3.187020549876198E-10 703242
  71    1400.00    1420.00  1.079183459558924E-08  2.609540860967148E-10 669100
  72    1420.00    1440.00  9.895455484612058E-09  2.838994106137813E-10 636790
  73    1440.00    1460.00  8.993758113807267E-09  2.392013144229280E-10 606210
  74    1460.00    1480.00  7.518755247880700E-09  1.920864461419471E-10 577806
  75    1480.00    1500.00  7.079573665536441E-09  2.231210357324907E-10 548929
  76    1500.00    1520.00  6.211580622554599E-09  1.720473140802005E-10 524196
  77    1520.00    1540.00  5.799297397445309E-09  2.662340719340891E-10 498780
  78    1540.00    1560.00  5.301528182281325E-09  1.603445387907160E-10 473541
  79    1560.00    1580.00  4.668329562213037E-09  1.549355917508942E-10 453657
  80    1580.00    1600.00  4.080429630796423E-09  1.366775676578543E-10 430393
  81    1600.00    1620.00  3.639822886493959E-09  1.353949791179269E-10 410633
  82    1620.00    1640.00  3.580237087641856E-09  1.373006993690311E-10 393243
  83    1640.00    1660.00  2.886598169103790E-09  1.212340112982575E-10 375680
  84    1660.00    1680.00  2.807680522110303E-09  9.854617677737887E-11 358213
  85    1680.00    1700.00  2.378383230848521E-09  7.471073899773881E-11 342254
  86    1700.00    1720.00  2.053376121379683E-09  5.996074190730588E-11 325503
  87    1720.00    1740.00  1.981824482469380E-09  8.080809731544019E-11 311520
  88    1740.00    1760.00  1.834268374477151E-09  8.131643574933710E-11 297310
  89    1760.00    1780.00  1.598940454931411E-09  6.959996609500957E-11 284995
  90    1780.00    1800.00  1.530163565350936E-09  6.766771335468406E-11 272148
  91    1800.00    1820.00  1.284188959237531E-09  5.465206149574130E-11 259324
  92    1820.00    1840.00  1.186930915593240E-09  4.298654713799637E-11 247988
  93    1840.00    1860.00  1.052975023522720E-09  3.701352382437835E-11 238169
  94    1860.00    1880.00  1.017790288232748E-09  4.316377697235781E-11 227186
  95    1880.00    1900.00  8.269598157995417E-10  5.004445951049519E-11 217151
  96    1900.00    1920.00  8.124487294014074E-10  4.116989468352308E-11 206887
  97    1920.00    1940.00  7.301568869562349E-10  3.307773943138419E-11 198682
  98    1940.00    1960.00  6.617938585023485E-10  3.604364920380217E-11 189231
  99    1960.00    1980.00  5.794907735526377E-10  3.049644811847004E-11 182414
 100    1980.00    2000.00  5.166822588095291E-10  2.195653847391676E-11 174505
 101    2000.00    2020.00  4.844886549073992E-10  2.313339206708554E-11 167275
 102    2020.00    2040.00  3.892376944227946E-10  1.461999921608625E-11 160074
 103    2040.00    2060.00  3.850787756183336E-10  2.467328964652913E-11 152779
 104    2060.00    2080.00  3.384125680186427E-10  1.514568900666346E-11 146957
 105    2080.00    2100.00  2.959876334081227E-10  1.462072730573174E-11 139863
 106    2100.00    2120.00  2.630562121429878E-10  1.146447650700430E-11 133873
 107    2120.00    2140.00  2.710850445855467E-10  1.472895907850501E-11 128312
 108    2140.00    2160.00  2.678511985773507E-10  1.673781172687537E-11 124165
 109    2160.00    2180.00  2.034932145320687E-10  9.224104437112469E-12 117955
 110    2180.00    2200.00  1.983393786674145E-10  2.239893751298035E-11 113283
 111    2200.00    2220.00  1.702213209046117E-10  8.885394018795705E-12 108776
 112    2220.00    2240.00  1.694673173299314E-10  1.024330501126692E-11 104061
 113    2240.00    2260.00  1.406061266655428E-10  7.681886997343965E-12 99926
 114    2260.00    2280.00  1.226309120867114E-10  6.488146227946795E-12 95591
 115    2280.00    2300.00  1.101061441215339E-10  5.131487998032965E-12 91818
 116    2300.00    2320.00  1.056134270218730E-10  6.709187143867926E-12 87484
 117    2320.00    2340.00  1.026322302738415E-10  8.312946790909400E-12 84053
 118    2340.00    2360.00  9.160131077160941E-11  6.069653501581854E-12 80898
 119    2360.00    2380.00  8.256333594220609E-11  4.677041707001642E-12 77544
 120    2380.00    2400.00  7.645899376824277E-11  5.449156525868160E-12 74711
 121    2400.00    2420.00  6.763043925525168E-11  5.271885924471990E-12 71034
 122    2420.00    2440.00  6.556406181953727E-11  4.717072961961155E-12 68202
 123    2440.00    2460.00  5.655252061932573E-11  4.634756452459835E-12 65011
 124    2460.00    2480.00  5.186128693573349E-11  6.887028329665736E-12 62635
 125    2480.00    2500.00  4.769810139621815E-11  3.321740382746028E-12 60403
 126    2500.00    2520.00  4.034326919062282E-11  2.444692070023804E-12 57141
 127    2520.00    2540.00  3.413764858980910E-11  1.995759378126784E-12 55284
 128    2540.00    2560.00  3.145315581020770E-11  1.951377941570587E-12 52975
 129    2560.00    2580.00  2.995041361995919E-11  2.244733537817370E-12 50789
 130    2580.00    2600.00  2.722041212179687E-11  1.969369157325516E-12 48909
 131    2600.00    2620.00  2.751766447203937E-11  2.534087137329439E-12 46555
 132    2620.00    2640.00  1.984771010365569E-11  1.333307592027012E-12 44791
 133    2640.00    2660.00  2.148015897878074E-11  2.497186898031930E-12 42730
 134    2660.00    2680.00  1.822591185519271E-11  1.115799134601651E-12 41125
 135    2680.00    2700.00  1.524702936419718E-11  1.321646847558535E-12 39741
 136    2700.00    2720.00  1.621613071754485E-11  1.509501338049026E-12 37963
 137    2720.00    2740.00  1.721436040952251E-11  1.874501028137578E-12 36543
 138    2740.00    2760.00  1.289367943094464E-11  1.043397197651606E-12 34873
 139    2760.00    2780.00  1.102399168924887E-11  8.867898704829798E-13 33631
 140    2780.00    2800.00  1.287184558390637E-11  1.765817391255823E-12 31918
 141    2800.00    2820.00  9.420631152860908E-12  7.867117061529565E-13 30821
 142    2820.00    2840.00  7.601915699548157E-12  5.983850676495794E-13 29455
 143    2840.00    2860.00  9.291482019684459E-12  1.455515365629305E-12 28240
 144    2860.00    2880.00  7.026239127315677E-12  1.059076681846359E-12 27291
 145    2880.00    2900.00  7.661213495058176E-12  1.635821492504079E-12 25887
 146    2900.00    2920.00  7.029624449915367E-12  7.628960958271163E-13 25274
 147    2920.00    2940.00  5.658867102267152E-12  5.360026122405963E-13 24449
 148    2940.00    2960.00  5.616715915251504E-12  6.264235095675602E-13 23198
 149    2960.00    2980.00  4.107319431183901E-12  4.404536276974418E-13 22080
 150    2980.00    3000.00  3.970818732604894E-12  5.816217202407300E-13 20960
 151    3000.00    3020.00  4.106951764739291E-12  7.551270890277348E-13 20204
 152    3020.00    3040.00  3.417979756536772E-12  4.756634083141978E-13 19659
 153    3040.00    3060.00  3.322804734332359E-12  4.087473679489725E-13 18440
 154    3060.00    3080.00  2.370282692147304E-12  2.013826667697963E-13 17861
 155    3080.00    3100.00  1.940330465141319E-12  1.576377410543308E-13 17560
 156    3100.00    3120.00  2.352615898611225E-12  2.899195256823222E-13 16260
 157    3120.00    3140.00  2.514579870382080E-12  2.948170654537149E-13 15926
 158    3140.00    3160.00  3.043329716012439E-12  7.607538203252933E-13 15118
 159    3160.00    3180.00  1.273034075777640E-12  1.042001853647848E-13 14381
 160    3180.00    3200.00  1.239118395256381E-12  1.185238440254211E-13 13948
 161    3200.00    3220.00  1.553496822369958E-12  2.264423729842317E-13 13328
 162    3220.00    3240.00  1.532395695446063E-12  2.898955375271364E-13 12785
 163    3240.00    3260.00  1.230505968579386E-12  2.096996450281991E-13 12069
 164    3260.00    3280.00  1.191746782829619E-12  1.861273355236540E-13 11669
 165    3280.00    3300.00  1.778321295410452E-12  7.188266384090418E-13 11130
 166    3300.00    3320.00  7.593525774476949E-13  1.057094203831358E-13 10666
 167    3320.00    3340.00  8.674519500395782E-13  2.130380540224915E-13 10095
 168    3340.00    3360.00  7.925734684888844E-13  1.292155334193226E-13 9777
 169    3360.00    3380.00  5.896509029543984E-13  7.915182165106041E-14 9428
 170    3380.00    3400.00  7.835199138343152E-13  1.670232568279547E-13 8933
 171    3400.00    3420.00  6.149184942935705E-13  8.296665091861085E-14 8697
 172    3420.00    3440.00  4.072229590320920E-13  4.903284595824560E-14 8212
 173    3440.00    3460.00  4.281031136839910E-13  6.444085428194224E-14 8020
 174    3460.00    3480.00  3.876850607339179E-13  5.909137207877065E-14 7495
 175    3480.00    3500.00  4.059788871494136E-13  6.898923970993109E-14 7214
 176    3500.00    3520.00  3.750259938832426E-13  6.123101456081016E-14 6783
 177    3520.00    3540.00  2.779110630547200E-13  3.934748790135996E-14 6692
 178    3540.00    3560.00  2.362648878861382E-13  4.290707521243860E-14 6293
 179    3560.00    3580.00  3.609553195301728E-13  7.798981351492871E-14 6140
 180    3580.00    3600.00  1.968741879690878E-13  2.377389367553473E-14 5845
 181    3600.00    3620.00  1.578222220192427E-13  1.711879432235214E-14 5415
 182    3620.00    3640.00  1.459133879002874E-13  2.772032941150403E-14 5198
 183    3640.00    3660.00  2.692416074624779E-13  5.652933300446154E-14 5003
 184    3660.00    3680.00  2.246097541192212E-13  6.405405250927663E-14 4830
 185    3680.00    3700.00  1.076112119109166E-13  1.266000542317250E-14 4601
 186    3700.00    3720.00  1.224205122901592E-13  2.030197637633179E-14 4405
 187    3720.00    3740.00  1.295811012598293E-13  3.305165505075450E-14 4175
 188    3740.00    3760.00  7.047673604691307E-14  8.977221101943484E-15 4030
 189    3760.00    3780.00  8.055227893372296E-14  1.142366802128928E-14 3790
 190    3780.00    3800.00  7.371739583826109E-14  1.418644693151093E-14 3522
 191    3800.00    3820.00  6.927227703844945E-14  1.566179994223897E-14 3501
 192    3820.00    3840.00  4.215799641121587E-14  5.774803768056571E-15 3422
 193    3840.00    3860.00  4.848409556155202E-14  8.056183695214257E-15 3157
 194    3860.00    3880.00  5.011076781548314E-14  8.953438837097456E-15 3072
 195    3880.00    3900.00  3.970238736832904E-14  5.406183596307438E-15 2900
 196    3900.00    3920.00  2.639533612591263E-14  3.837045519338035E-15 2737
 197    3920.00    3940.00  3.879437514302174E-14  8.548727400237984E-15 2697
 198    3940.00    3960.00  2.990255857258477E-14  6.275690469890350E-15 2501
 199    3960.00    3980.00  2.216409267774073E-14  3.183517075224727E-15 2333
 200    3980.00    4000.00  2.225387746357311E-14  2.805683545557252E-15 2327
 201    4000.00    4020.00  2.593459190972879E-14  9.421648061712700E-15 2151
 202    4020.00    4040.00  2.141851670685580E-14  4.042686304579476E-15 2070
 203    4040.00    4060.00  2.262342527195800E-14  5.415024942386117E-15 1947
 204    4060.00    4080.00  1.168061014754674E-14  1.639844083871114E-15 1954
 205    4080.00    4100.00  2.305687216578908E-14  7.521880660798567E-15 1811
 206    4100.00    4120.00  8.713118501011356E-15  1.311829840077503E-15 1774
 207    4120.00    4140.00  9.048731478083045E-15  1.723227728195705E-15 1592
 208    4140.00    4160.00  1.690914098112535E-14  3.705967376234469E-15 1529
 209    4160.00    4180.00  1.462791321217729E-14  4.985717619396348E-15 1496
 210    4180.00    4200.00  6.175740784362273E-15  1.235520027436983E-15 1371
 211    4200.00    4220.00  4.446187134038439E-15  7.819251590122837E-16 1341
 212    4220.00    4240.00  8.346007762537742E-15  1.938116548658124E-15 1243
 213    4240.00    4260.00  4.195875677320750E-15  7.352489432179323E-16 1162
 214    4260.00    4280.00  4.269329081849518E-15  8.701137872273207E-16 1090
 215    4280.00    4300.00  6.755215217923512E-15  2.351890707452632E-15 1087
 216    4300.00    4320.00  4.713238138518466E-15  2.117029623801394E-15 1002
 217    4320.00    4340.00  3.576486036213452E-15  7.654351435886672E-16 944
 218    4340.00    4360.00  1.983581864544601E-15  5.241724954769733E-16 894
 219    4360.00    4380.00  3.032726236689073E-15  5.398283469316795E-16 833
 220    4380.00    4400.00  1.419959626489087E-15  2.628670732606826E-16 796
 221    4400.00    4420.00  1.170033386016764E-15  1.970123048701012E-16 756
 222    4420.00    4440.00  3.555497923146768E-15  9.959799085517351E-16 756
 223    4440.00    4460.00  1.773669876560968E-15  4.156310569322738E-16 684
 224    4460.00    4480.00  1.657595431598082E-15  6.017303873481868E-16 652
 225    4480.00    4500.00  1.540220603299972E-15  4.104931704767533E-16 666
 226    4500.00    4520.00  2.257846439866741E-15  8.226688437714761E-16 555
 227    4520.00    4540.00  8.036878751713796E-16  2.381987718490575E-16 530
 228    4540.00    4560.00  6.888339494077019E-16  2.026756504907715E-16 496
 229    4560.00    4580.00  3.759679202745941E-15  2.189037766813779E-15 463
 230    4580.00    4600.00  7.093484252332772E-16  2.185324852339218E-16 462
 231    4600.00    4620.00  1.162190153751312E-15  4.865257001067594E-16 466
 232    4620.00    4640.00  5.354507157381966E-16  1.652536845094304E-16 395
 233    4640.00    4660.00  3.094531550759410E-16  9.937244858592274E-17 382
 234    4660.00    4680.00  6.354470411606746E-16  2.519386235705190E-16 340
 235    4680.00    4700.00  3.813335966927528E-16  2.075138217790390E-16 358
 236    4700.00    4720.00  1.386467838860043E-15  1.185332319029606E-15 303
 237    4720.00    4740.00  2.342184467568886E-16  6.142655752102731E-17 304
 238    4740.00    4760.00  1.516546110805165E-16  3.866051838263781E-17 244
 239    4760.00    4780.00  3.277129022733519E-16  1.375641255977520E-16 240
 240    4780.00    4800.00  4.064299010804865E-16  2.339062923524678E-16 243
 241    4800.00    4820.00  3.248512443870226E-15  3.054479108021989E-15 232
 242    4820.00    4840.00  9.882745016000733E-17  2.901429441893494E-17 196
 243    4840.00    4860.00  1.506018670094223E-16  8.183048120574695E-17 192
 244    4860.00    4880.00  1.831849477010964E-16  1.154717589335469E-16 161
 245    4880.00    4900.00  3.744452504186181E-17  7.029064922697028E-18 191
 246    4900.00    4920.00  4.999760999890858E-17  1.327327326480277E-17 165
 247    4920.00    4940.00  4.002337319049612E-17  1.644484759349834E-17 142
 248    4940.00    4960.00  2.859244634281205E-17  8.000374216282899E-18 130
 249    4960.00    4980.00  5.523478050624830E-17  2.325463526910061E-17 126
 250    4980.00    5000.00  1.761774892142171E-17  1.009372395298378E-17 113
 251    5000.00    5020.00  6.829783615608727E-17  4.781368497473231E-17 115
 252    5020.00    5040.00  9.450195787118587E-18  2.934257263657447E-18 94
 253    5040.00    5060.00  1.220273654939496E-17  3.999038665152202E-18 99
 254    5060.00    5080.00  2.948544683604141E-17  1.521584323890303E-17 73
 255    5080.00    5100.00  2.130348226375241E-17  1.432572999448595E-17 100
 256    5100.00    5120.00  1.155877881045844E-16  9.820797207662654E-17 77
 257    5120.00    5140.00  1.701203407279760E-17  8.889454275505250E-18 53
 258    5140.00    5160.00  2.691964796802050E-18  8.084143401222220E-19 61
 259    5160.00    5180.00  3.761284601177509E-18  1.375345408732303E-18 55
 260    5180.00    5200.00  1.033283727961172E-17  7.724059758708848E-18 50
 261    5200.00    5220.00  5.073546596581354E-18  2.329272132235681E-18 53
 262    5220.00    5240.00  1.255635165678136E-18  5.724617610007294E-19 40
 263    5240.00    5260.00  3.343739633067603E-18  1.682455597886955E-18 28
 264    5260.00    5280.00  4.361197477576177E-18  1.831987928109293E-18 46
 265    5280.00    5300.00  2.405015456147495E-18  1.438571720219035E-18 33
 266    5300.00    5320.00  3.341745506279646E-19  1.811353022238195E-19 30
 267    5320.00    5340.00  4.732696706825204E-19  2.506545456538117E-19 22
 268    5340.00    5360.00  1.443564407809629E-19  6.717286255942717E-20 19
 269    5360.00    5380.00  1.675954032927838E-19  7.995194764808943E-20 27
 270    5380.00    5400.00  3.407494111890635E-18  2.728865100109137E-18 18
 271    5400.00    5420.00  3.621285991811675E-19  2.080151316936502E-19 24
 272    5420.00    5440.00  7.972562481235791E-19  4.782016907145201E-19 20
 273    5440.00    5460.00  2.777714614184193E-19  1.528446831980172E-19 15
 274    5460.00    5480.00  1.916065380176538E-18  1.707305941715007E-18 13
 275    5480.00    5500.00  3.697904728117705E-20  2.601142069886131E-20 7
 276    5500.00    5520.00  1.300029210915676E-19  7.305692680818259E-20 8
 277    5520.00    5540.00  4.735098121973386E-20  2.463043085994978E-20 8
 278    5540.00    5560.00  7.682022596869318E-21  5.709207205605399E-21 6
 279    5560.00    5580.00  1.316675049508106E-19  7.737725006470598E-20 11
 280    5580.00    5600.00  1.561219792405144E-19  1.210309275321547E-19 7
 281    5600.00    5620.00  8.596494338730417E-20  6.112932013417911E-20 7
 282    5620.00    5640.00  1.363585111851437E-20  1.363583497621158E-20 2
 283    5640.00    5660.00  2.976788014952937E-21  2.551242379853162E-21 5
 284    5660.00    5680.00  2.934755197209830E-19  2.892892928839893E-19 5
 285    5680.00    5700.00  7.898725959002952E-21  5.568348937018279E-21 3
 286    5700.00    5720.00  4.351992642439730E-19  4.126055611142304E-19 4
 287    5720.00    5740.00  5.058091848868018E-19  3.266816097699507E-19 4
 288    5740.00    5760.00  1.049262721233192E-26  1.049262720740047E-26 1
 289    5760.00    5780.00  4.754041635166578E-22  4.754041632940781E-22 1
 290    5780.00    5800.00  1.416616887598450E-20  1.416616886978691E-20 1
 291    5800.00    5820.00  5.884823334874657E-22  5.884666868332089E-22 2
 292    5820.00    5840.00  9.261111565691839E-22  8.264068356222780E-22 3
 293    5840.00    5860.00  2.333069933851307E-26  2.333069932893751E-26 1
 294    5860.00    5880.00  0.000000000000000E+00  0.000000000000000E+00 0
 295    5880.00    5900.00  5.915385932673299E-21  5.845797077357729E-21 2
 296    5900.00    5920.00  0.000000000000000E+00  0.000000000000000E+00 0
 297    5920.00    5940.00  1.296586748577471E-21  1.296586748041803E-21 1
 298    5940.00    5960.00  0.000000000000000E+00  0.000000000000000E+00 0
 299    5960.00    5980.00  0.000000000000000E+00  0.000000000000000E+00 0
 300    5980.00    6000.00  0.000000000000000E+00  0.000000000000000E+00 0
 301    6000.00    6020.00  0.000000000000000E+00  0.000000000000000E+00 0
 302    6020.00    6040.00  0.000000000000000E+00  0.000000000000000E+00 0
 303    6040.00    6060.00  0.000000000000000E+00  0.000000000000000E+00 0
 304    6060.00    6080.00  0.000000000000000E+00  0.000000000000000E+00 0
 305    6080.00    6100.00  0.000000000000000E+00  0.000000000000000E+00 0
 306    6100.00    6120.00  0.000000000000000E+00  0.000000000000000E+00 0
 307    6120.00    6140.00  0.000000000000000E+00  0.000000000000000E+00 0
 308    6140.00    6160.00  0.000000000000000E+00  0.000000000000000E+00 0
 309    6160.00    6180.00  0.000000000000000E+00  0.000000000000000E+00 0
 310    6180.00    6200.00  0.000000000000000E+00  0.000000000000000E+00 0
 311    6200.00    6220.00  0.000000000000000E+00  0.000000000000000E+00 0
 312    6220.00    6240.00  0.000000000000000E+00  0.000000000000000E+00 0
 313    6240.00    6260.00  0.000000000000000E+00  0.000000000000000E+00 0
 314    6260.00    6280.00  0.000000000000000E+00  0.000000000000000E+00 0
 315    6280.00    6300.00  0.000000000000000E+00  0.000000000000000E+00 0
 316    6300.00    6320.00  0.000000000000000E+00  0.000000000000000E+00 0
 317    6320.00    6340.00  0.000000000000000E+00  0.000000000000000E+00 0
 318    6340.00    6360.00  0.000000000000000E+00  0.000000000000000E+00 0
 319    6360.00    6380.00  0.000000000000000E+00  0.000000000000000E+00 0
 320    6380.00    6400.00  0.000000000000000E+00  0.000000000000000E+00 0
 321    6400.00    6420.00  0.000000000000000E+00  0.000000000000000E+00 0
 322    6420.00    6440.00  0.000000000000000E+00  0.000000000000000E+00 0
 323    6440.00    6460.00  0.000000000000000E+00  0.000000000000000E+00 0
 324    6460.00    6480.00  0.000000000000000E+00  0.000000000000000E+00 0
 325    6480.00    6500.00  0.000000000000000E+00  0.000000000000000E+00 0
 326    6500.00    6520.00  0.000000000000000E+00  0.000000000000000E+00 0
 327    6520.00    6540.00  0.000000000000000E+00  0.000000000000000E+00 0
 328    6540.00    6560.00  0.000000000000000E+00  0.000000000000000E+00 0
 329    6560.00    6580.00  0.000000000000000E+00  0.000000000000000E+00 0
 330    6580.00    6600.00  0.000000000000000E+00  0.000000000000000E+00 0
 331    6600.00    6620.00  0.000000000000000E+00  0.000000000000000E+00 0
 332    6620.00    6640.00  0.000000000000000E+00  0.000000000000000E+00 0
 333    6640.00    6660.00  0.000000000000000E+00  0.000000000000000E+00 0
 334    6660.00    6680.00  0.000000000000000E+00  0.000000000000000E+00 0
 335    6680.00    6700.00  0.000000000000000E+00  0.000000000000000E+00 0
 336    6700.00    6720.00  0.000000000000000E+00  0.000000000000000E+00 0
 337    6720.00    6740.00  0.000000000000000E+00  0.000000000000000E+00 0
 338    6740.00    6760.00  0.000000000000000E+00  0.000000000000000E+00 0
 339    6760.00    6780.00  0.000000000000000E+00  0.000000000000000E+00 0
 340    6780.00    6800.00  0.000000000000000E+00  0.000000000000000E+00 0
 341    6800.00    6820.00  0.000000000000000E+00  0.000000000000000E+00 0
 342    6820.00    6840.00  0.000000000000000E+00  0.000000000000000E+00 0
 343    6840.00    6860.00  0.000000000000000E+00  0.000000000000000E+00 0
 344    6860.00    6880.00  0.000000000000000E+00  0.000000000000000E+00 0
 345    6880.00    6900.00  0.000000000000000E+00  0.000000000000000E+00 0
 346    6900.00    6920.00  0.000000000000000E+00  0.000000000000000E+00 0
 347    6920.00    6940.00  0.000000000000000E+00  0.000000000000000E+00 0
 348    6940.00    6960.00  0.000000000000000E+00  0.000000000000000E+00 0
 349    6960.00    6980.00  0.000000000000000E+00  0.000000000000000E+00 0
 350    6980.00    7000.00  0.000000000000000E+00  0.000000000000000E+00 0
 351    7000.00    7020.00  0.000000000000000E+00  0.000000000000000E+00 0
 352    7020.00    7040.00  0.000000000000000E+00  0.000000000000000E+00 0
 353    7040.00    7060.00  0.000000000000000E+00  0.000000000000000E+00 0
 354    7060.00    7080.00  0.000000000000000E+00  0.000000000000000E+00 0
 355    7080.00    7100.00  0.000000000000000E+00  0.000000000000000E+00 0
 356    7100.00    7120.00  0.000000000000000E+00  0.000000000000000E+00 0
 357    7120.00    7140.00  0.000000000000000E+00  0.000000000000000E+00 0
 358    7140.00    7160.00  0.000000000000000E+00  0.000000000000000E+00 0
 359    7160.00    7180.00  0.000000000000000E+00  0.000000000000000E+00 0
 360    7180.00    7200.00  0.000000000000000E+00  0.000000000000000E+00 0
 361    7200.00    7220.00  0.000000000000000E+00  0.000000000000000E+00 0
 362    7220.00    7240.00  0.000000000000000E+00  0.000000000000000E+00 0
 363    7240.00    7260.00  0.000000000000000E+00  0.000000000000000E+00 0
 364    7260.00    7280.00  0.000000000000000E+00  0.000000000000000E+00 0
 365    7280.00    7300.00  0.000000000000000E+00  0.000000000000000E+00 0
 366    7300.00    7320.00  0.000000000000000E+00  0.000000000000000E+00 0
 367    7320.00    7340.00  0.000000000000000E+00  0.000000000000000E+00 0
 368    7340.00    7360.00  0.000000000000000E+00  0.000000000000000E+00 0
 369    7360.00    7380.00  0.000000000000000E+00  0.000000000000000E+00 0
 370    7380.00    7400.00  0.000000000000000E+00  0.000000000000000E+00 0
 371    7400.00    7420.00  0.000000000000000E+00  0.000000000000000E+00 0
 372    7420.00    7440.00  0.000000000000000E+00  0.000000000000000E+00 0
 373    7440.00    7460.00  0.000000000000000E+00  0.000000000000000E+00 0
 374    7460.00    7480.00  0.000000000000000E+00  0.000000000000000E+00 0
 375    7480.00    7500.00  0.000000000000000E+00  0.000000000000000E+00 0
 376    7500.00    7520.00  0.000000000000000E+00  0.000000000000000E+00 0
 377    7520.00    7540.00  0.000000000000000E+00  0.000000000000000E+00 0
 378    7540.00    7560.00  0.000000000000000E+00  0.000000000000000E+00 0
 379    7560.00    7580.00  0.000000000000000E+00  0.000000000000000E+00 0
 380    7580.00    7600.00  0.000000000000000E+00  0.000000000000000E+00 0
 381    7600.00    7620.00  0.000000000000000E+00  0.000000000000000E+00 0
 382    7620.00    7640.00  0.000000000000000E+00  0.000000000000000E+00 0
 383    7640.00    7660.00  0.000000000000000E+00  0.000000000000000E+00 0
 384    7660.00    7680.00  0.000000000000000E+00  0.000000000000000E+00 0
 385    7680.00    7700.00  0.000000000000000E+00  0.000000000000000E+00 0
 386    7700.00    7720.00  0.000000000000000E+00  0.000000000000000E+00 0
 387    7720.00    7740.00  0.000000000000000E+00  0.000000000000000E+00 0
 388    7740.00    7760.00  0.000000000000000E+00  0.000000000000000E+00 0
 389    7760.00    7780.00  0.000000000000000E+00  0.000000000000000E+00 0
 390    7780.00    7800.00  0.000000000000000E+00  0.000000000000000E+00 0
 391    7800.00    7820.00  0.000000000000000E+00  0.000000000000000E+00 0
 392    7820.00    7840.00  0.000000000000000E+00  0.000000000000000E+00 0
 393    7840.00    7860.00  0.000000000000000E+00  0.000000000000000E+00 0
 394    7860.00    7880.00  0.000000000000000E+00  0.000000000000000E+00 0
 395    7880.00    7900.00  0.000000000000000E+00  0.000000000000000E+00 0
 396    7900.00    7920.00  0.000000000000000E+00  0.000000000000000E+00 0
 397    7920.00    7940.00  0.000000000000000E+00  0.000000000000000E+00 0
 398    7940.00    7960.00  0.000000000000000E+00  0.000000000000000E+00 0
 399    7960.00    7980.00  0.000000000000000E+00  0.000000000000000E+00 0
 400    7980.00    8000.00  0.000000000000000E+00  0.000000000000000E+00 0
 401    8000.00    8020.00  0.000000000000000E+00  0.000000000000000E+00 0
 402    8020.00    8040.00  0.000000000000000E+00  0.000000000000000E+00 0
 403    8040.00    8060.00  0.000000000000000E+00  0.000000000000000E+00 0
 404    8060.00    8080.00  0.000000000000000E+00  0.000000000000000E+00 0
 405    8080.00    8100.00  0.000000000000000E+00  0.000000000000000E+00 0
 406    8100.00    8120.00  0.000000000000000E+00  0.000000000000000E+00 0
 407    8120.00    8140.00  0.000000000000000E+00  0.000000000000000E+00 0
 408    8140.00    8160.00  0.000000000000000E+00  0.000000000000000E+00 0
 409    8160.00    8180.00  0.000000000000000E+00  0.000000000000000E+00 0
 410    8180.00    8200.00  0.000000000000000E+00  0.000000000000000E+00 0
 411    8200.00    8220.00  0.000000000000000E+00  0.000000000000000E+00 0
 412    8220.00    8240.00  0.000000000000000E+00  0.000000000000000E+00 0
 413    8240.00    8260.00  0.000000000000000E+00  0.000000000000000E+00 0
 414    8260.00    8280.00  0.000000000000000E+00  0.000000000000000E+00 0
 415    8280.00    8300.00  0.000000000000000E+00  0.000000000000000E+00 0
 416    8300.00    8320.00  0.000000000000000E+00  0.000000000000000E+00 0
 417    8320.00    8340.00  0.000000000000000E+00  0.000000000000000E+00 0
 418    8340.00    8360.00  0.000000000000000E+00  0.000000000000000E+00 0
 419    8360.00    8380.00  0.000000000000000E+00  0.000000000000000E+00 0
 420    8380.00    8400.00  0.000000000000000E+00  0.000000000000000E+00 0
 421    8400.00    8420.00  0.000000000000000E+00  0.000000000000000E+00 0
 422    8420.00    8440.00  0.000000000000000E+00  0.000000000000000E+00 0
 423    8440.00    8460.00  0.000000000000000E+00  0.000000000000000E+00 0
 424    8460.00    8480.00  0.000000000000000E+00  0.000000000000000E+00 0
 425    8480.00    8500.00  0.000000000000000E+00  0.000000000000000E+00 0
 426    8500.00    8520.00  0.000000000000000E+00  0.000000000000000E+00 0
 427    8520.00    8540.00  0.000000000000000E+00  0.000000000000000E+00 0
 428    8540.00    8560.00  0.000000000000000E+00  0.000000000000000E+00 0
 429    8560.00    8580.00  0.000000000000000E+00  0.000000000000000E+00 0
 430    8580.00    8600.00  0.000000000000000E+00  0.000000000000000E+00 0
 431    8600.00    8620.00  0.000000000000000E+00  0.000000000000000E+00 0
 432    8620.00    8640.00  0.000000000000000E+00  0.000000000000000E+00 0
 433    8640.00    8660.00  0.000000000000000E+00  0.000000000000000E+00 0
 434    8660.00    8680.00  0.000000000000000E+00  0.000000000000000E+00 0
 435    8680.00    8700.00  0.000000000000000E+00  0.000000000000000E+00 0
 436    8700.00    8720.00  0.000000000000000E+00  0.000000000000000E+00 0
 437    8720.00    8740.00  0.000000000000000E+00  0.000000000000000E+00 0
 438    8740.00    8760.00  0.000000000000000E+00  0.000000000000000E+00 0
 439    8760.00    8780.00  0.000000000000000E+00  0.000000000000000E+00 0
 440    8780.00    8800.00  0.000000000000000E+00  0.000000000000000E+00 0
 441    8800.00    8820.00  0.000000000000000E+00  0.000000000000000E+00 0
 442    8820.00    8840.00  0.000000000000000E+00  0.000000000000000E+00 0
 443    8840.00    8860.00  0.000000000000000E+00  0.000000000000000E+00 0
 444    8860.00    8880.00  0.000000000000000E+00  0.000000000000000E+00 0
 445    8880.00    8900.00  0.000000000000000E+00  0.000000000000000E+00 0
 446    8900.00    8920.00  0.000000000000000E+00  0.000000000000000E+00 0
 447    8920.00    8940.00  0.000000000000000E+00  0.000000000000000E+00 0
 448    8940.00    8960.00  0.000000000000000E+00  0.000000000000000E+00 0
 449    8960.00    8980.00  0.000000000000000E+00  0.000000000000000E+00 0
 450    8980.00    9000.00  0.000000000000000E+00  0.000000000000000E+00 0
 451    9000.00    9020.00  0.000000000000000E+00  0.000000000000000E+00 0
 452    9020.00    9040.00  0.000000000000000E+00  0.000000000000000E+00 0
 453    9040.00    9060.00  0.000000000000000E+00  0.000000000000000E+00 0
 454    9060.00    9080.00  0.000000000000000E+00  0.000000000000000E+00 0
 455    9080.00    9100.00  0.000000000000000E+00  0.000000000000000E+00 0
 456    9100.00    9120.00  0.000000000000000E+00  0.000000000000000E+00 0
 457    9120.00    9140.00  0.000000000000000E+00  0.000000000000000E+00 0
 458    9140.00    9160.00  0.000000000000000E+00  0.000000000000000E+00 0
 459    9160.00    9180.00  0.000000000000000E+00  0.000000000000000E+00 0
 460    9180.00    9200.00  0.000000000000000E+00  0.000000000000000E+00 0
 461    9200.00    9220.00  0.000000000000000E+00  0.000000000000000E+00 0
 462    9220.00    9240.00  0.000000000000000E+00  0.000000000000000E+00 0
 463    9240.00    9260.00  0.000000000000000E+00  0.000000000000000E+00 0
 464    9260.00    9280.00  0.000000000000000E+00  0.000000000000000E+00 0
 465    9280.00    9300.00  0.000000000000000E+00  0.000000000000000E+00 0
 466    9300.00    9320.00  0.000000000000000E+00  0.000000000000000E+00 0
 467    9320.00    9340.00  0.000000000000000E+00  0.000000000000000E+00 0
 468    9340.00    9360.00  0.000000000000000E+00  0.000000000000000E+00 0
 469    9360.00    9380.00  0.000000000000000E+00  0.000000000000000E+00 0
 470    9380.00    9400.00  0.000000000000000E+00  0.000000000000000E+00 0
 471    9400.00    9420.00  0.000000000000000E+00  0.000000000000000E+00 0
 472    9420.00    9440.00  0.000000000000000E+00  0.000000000000000E+00 0
 473    9440.00    9460.00  0.000000000000000E+00  0.000000000000000E+00 0
 474    9460.00    9480.00  0.000000000000000E+00  0.000000000000000E+00 0
 475    9480.00    9500.00  0.000000000000000E+00  0.000000000000000E+00 0
 476    9500.00    9520.00  0.000000000000000E+00  0.000000000000000E+00 0
 477    9520.00    9540.00  0.000000000000000E+00  0.000000000000000E+00 0
 478    9540.00    9560.00  0.000000000000000E+00  0.000000000000000E+00 0
 479    9560.00    9580.00  0.000000000000000E+00  0.000000000000000E+00 0
 480    9580.00    9600.00  0.000000000000000E+00  0.000000000000000E+00 0
 481    9600.00    9620.00  0.000000000000000E+00  0.000000000000000E+00 0
 482    9620.00    9640.00  0.000000000000000E+00  0.000000000000000E+00 0
 483    9640.00    9660.00  0.000000000000000E+00  0.000000000000000E+00 0
 484    9660.00    9680.00  0.000000000000000E+00  0.000000000000000E+00 0
 485    9680.00    9700.00  0.000000000000000E+00  0.000000000000000E+00 0
 486    9700.00    9720.00  0.000000000000000E+00  0.000000000000000E+00 0
 487    9720.00    9740.00  0.000000000000000E+00  0.000000000000000E+00 0
 488    9740.00    9760.00  0.000000000000000E+00  0.000000000000000E+00 0
 489    9760.00    9780.00  0.000000000000000E+00  0.000000000000000E+00 0
 490    9780.00    9800.00  0.000000000000000E+00  0.000000000000000E+00 0
 491    9800.00    9820.00  0.000000000000000E+00  0.000000000000000E+00 0
 492    9820.00    9840.00  0.000000000000000E+00  0.000000000000000E+00 0
 493    9840.00    9860.00  0.000000000000000E+00  0.000000000000000E+00 0
 494    9860.00    9880.00  0.000000000000000E+00  0.000000000000000E+00 0
 495    9880.00    9900.00  0.000000000000000E+00  0.000000000000000E+00 0
 496    9900.00    9920.00  0.000000000000000E+00  0.000000000000000E+00 0
 497    9920.00    9940.00  0.000000000000000E+00  0.000000000000000E+00 0
 498    9940.00    9960.00  0.000000000000000E+00  0.000000000000000E+00 0
 499    9960.00    9980.00  0.000000000000000E+00  0.000000000000000E+00 0
 500    9980.00   10000.00  0.000000000000000E+00  0.000000000000000E+00 0
 501   10000.00   10020.00  0.000000000000000E+00  0.000000000000000E+00 0
 502   10020.00   10040.00  0.000000000000000E+00  0.000000000000000E+00 0
 503   10040.00   10060.00  0.000000000000000E+00  0.000000000000000E+00 0
 504   10060.00   10080.00  0.000000000000000E+00  0.000000000000000E+00 0
 505   10080.00   10100.00  0.000000000000000E+00  0.000000000000000E+00 0
 506   10100.00   10120.00  0.000000000000000E+00  0.000000000000000E+00 0
 507   10120.00   10140.00  0.000000000000000E+00  0.000000000000000E+00 0
 508   10140.00   10160.00  0.000000000000000E+00  0.000000000000000E+00 0
 509   10160.00   10180.00  0.000000000000000E+00  0.000000000000000E+00 0
 510   10180.00   10200.00  0.000000000000000E+00  0.000000000000000E+00 0
 511   10200.00   10220.00  0.000000000000000E+00  0.000000000000000E+00 0
 512   10220.00   10240.00  0.000000000000000E+00  0.000000000000000E+00 0
 513   10240.00   10260.00  0.000000000000000E+00  0.000000000000000E+00 0
 514   10260.00   10280.00  0.000000000000000E+00  0.000000000000000E+00 0
 515   10280.00   10300.00  0.000000000000000E+00  0.000000000000000E+00 0
 516   10300.00   10320.00  0.000000000000000E+00  0.000000000000000E+00 0
 517   10320.00   10340.00  0.000000000000000E+00  0.000000000000000E+00 0
 518   10340.00   10360.00  0.000000000000000E+00  0.000000000000000E+00 0
 519   10360.00   10380.00  0.000000000000000E+00  0.000000000000000E+00 0
 520   10380.00   10400.00  0.000000000000000E+00  0.000000000000000E+00 0
 521   10400.00   10420.00  0.000000000000000E+00  0.000000000000000E+00 0
 522   10420.00   10440.00  0.000000000000000E+00  0.000000000000000E+00 0
 523   10440.00   10460.00  0.000000000000000E+00  0.000000000000000E+00 0
 524   10460.00   10480.00  0.000000000000000E+00  0.000000000000000E+00 0
 525   10480.00   10500.00  0.000000000000000E+00  0.000000000000000E+00 0
 526   10500.00   10520.00  0.000000000000000E+00  0.000000000000000E+00 0
 527   10520.00   10540.00  0.000000000000000E+00  0.000000000000000E+00 0
 528   10540.00   10560.00  0.000000000000000E+00  0.000000000000000E+00 0
 529   10560.00   10580.00  0.000000000000000E+00  0.000000000000000E+00 0
 530   10580.00   10600.00  0.000000000000000E+00  0.000000000000000E+00 0
 531   10600.00   10620.00  0.000000000000000E+00  0.000000000000000E+00 0
 532   10620.00   10640.00  0.000000000000000E+00  0.000000000000000E+00 0
 533   10640.00   10660.00  0.000000000000000E+00  0.000000000000000E+00 0
 534   10660.00   10680.00  0.000000000000000E+00  0.000000000000000E+00 0
 535   10680.00   10700.00  0.000000000000000E+00  0.000000000000000E+00 0
 536   10700.00   10720.00  0.000000000000000E+00  0.000000000000000E+00 0
 537   10720.00   10740.00  0.000000000000000E+00  0.000000000000000E+00 0
 538   10740.00   10760.00  0.000000000000000E+00  0.000000000000000E+00 0
 539   10760.00   10780.00  0.000000000000000E+00  0.000000000000000E+00 0
 540   10780.00   10800.00  0.000000000000000E+00  0.000000000000000E+00 0
 541   10800.00   10820.00  0.000000000000000E+00  0.000000000000000E+00 0
 542   10820.00   10840.00  0.000000000000000E+00  0.000000000000000E+00 0
 543   10840.00   10860.00  0.000000000000000E+00  0.000000000000000E+00 0
 544   10860.00   10880.00  0.000000000000000E+00  0.000000000000000E+00 0
 545   10880.00   10900.00  0.000000000000000E+00  0.000000000000000E+00 0
 546   10900.00   10920.00  0.000000000000000E+00  0.000000000000000E+00 0
 547   10920.00   10940.00  0.000000000000000E+00  0.000000000000000E+00 0
 548   10940.00   10960.00  0.000000000000000E+00  0.000000000000000E+00 0
 549   10960.00   10980.00  0.000000000000000E+00  0.000000000000000E+00 0
 550   10980.00   11000.00  0.000000000000000E+00  0.000000000000000E+00 0
 551   11000.00   11020.00  0.000000000000000E+00  0.000000000000000E+00 0
 552   11020.00   11040.00  0.000000000000000E+00  0.000000000000000E+00 0
 553   11040.00   11060.00  0.000000000000000E+00  0.000000000000000E+00 0
 554   11060.00   11080.00  0.000000000000000E+00  0.000000000000000E+00 0
 555   11080.00   11100.00  0.000000000000000E+00  0.000000000000000E+00 0
 556   11100.00   11120.00  0.000000000000000E+00  0.000000000000000E+00 0
 557   11120.00   11140.00  0.000000000000000E+00  0.000000000000000E+00 0
 558   11140.00   11160.00  0.000000000000000E+00  0.000000000000000E+00 0
 559   11160.00   11180.00  0.000000000000000E+00  0.000000000000000E+00 0
 560   11180.00   11200.00  0.000000000000000E+00  0.000000000000000E+00 0
 561   11200.00   11220.00  0.000000000000000E+00  0.000000000000000E+00 0
 562   11220.00   11240.00  0.000000000000000E+00  0.000000000000000E+00 0
 563   11240.00   11260.00  0.000000000000000E+00  0.000000000000000E+00 0
 564   11260.00   11280.00  0.000000000000000E+00  0.000000000000000E+00 0
 565   11280.00   11300.00  0.000000000000000E+00  0.000000000000000E+00 0
 566   11300.00   11320.00  0.000000000000000E+00  0.000000000000000E+00 0
 567   11320.00   11340.00  0.000000000000000E+00  0.000000000000000E+00 0
 568   11340.00   11360.00  0.000000000000000E+00  0.000000000000000E+00 0
 569   11360.00   11380.00  0.000000000000000E+00  0.000000000000000E+00 0
 570   11380.00   11400.00  0.000000000000000E+00  0.000000000000000E+00 0
 571   11400.00   11420.00  0.000000000000000E+00  0.000000000000000E+00 0
 572   11420.00   11440.00  0.000000000000000E+00  0.000000000000000E+00 0
 573   11440.00   11460.00  0.000000000000000E+00  0.000000000000000E+00 0
 574   11460.00   11480.00  0.000000000000000E+00  0.000000000000000E+00 0
 575   11480.00   11500.00  0.000000000000000E+00  0.000000000000000E+00 0
 576   11500.00   11520.00  0.000000000000000E+00  0.000000000000000E+00 0
 577   11520.00   11540.00  0.000000000000000E+00  0.000000000000000E+00 0
 578   11540.00   11560.00  0.000000000000000E+00  0.000000000000000E+00 0
 579   11560.00   11580.00  0.000000000000000E+00  0.000000000000000E+00 0
 580   11580.00   11600.00  0.000000000000000E+00  0.000000000000000E+00 0
 581   11600.00   11620.00  0.000000000000000E+00  0.000000000000000E+00 0
 582   11620.00   11640.00  0.000000000000000E+00  0.000000000000000E+00 0
 583   11640.00   11660.00  0.000000000000000E+00  0.000000000000000E+00 0
 584   11660.00   11680.00  0.000000000000000E+00  0.000000000000000E+00 0
 585   11680.00   11700.00  0.000000000000000E+00  0.000000000000000E+00 0
 586   11700.00   11720.00  0.000000000000000E+00  0.000000000000000E+00 0
 587   11720.00   11740.00  0.000000000000000E+00  0.000000000000000E+00 0
 588   11740.00   11760.00  0.000000000000000E+00  0.000000000000000E+00 0
 589   11760.00   11780.00  0.000000000000000E+00  0.000000000000000E+00 0
 590   11780.00   11800.00  0.000000000000000E+00  0.000000000000000E+00 0
 591   11800.00   11820.00  0.000000000000000E+00  0.000000000000000E+00 0
 592   11820.00   11840.00  0.000000000000000E+00  0.000000000000000E+00 0
 593   11840.00   11860.00  0.000000000000000E+00  0.000000000000000E+00 0
 594   11860.00   11880.00  0.000000000000000E+00  0.000000000000000E+00 0
 595   11880.00   11900.00  0.000000000000000E+00  0.000000000000000E+00 0
 596   11900.00   11920.00  0.000000000000000E+00  0.000000000000000E+00 0
 597   11920.00   11940.00  0.000000000000000E+00  0.000000000000000E+00 0
 598   11940.00   11960.00  0.000000000000000E+00  0.000000000000000E+00 0
 599   11960.00   11980.00  0.000000000000000E+00  0.000000000000000E+00 0
 600   11980.00   12000.00  0.000000000000000E+00  0.000000000000000E+00 0
 601   12000.00   12020.00  0.000000000000000E+00  0.000000000000000E+00 0
 602   12020.00   12040.00  0.000000000000000E+00  0.000000000000000E+00 0
 603   12040.00   12060.00  0.000000000000000E+00  0.000000000000000E+00 0
 604   12060.00   12080.00  0.000000000000000E+00  0.000000000000000E+00 0
 605   12080.00   12100.00  0.000000000000000E+00  0.000000000000000E+00 0
 606   12100.00   12120.00  0.000000000000000E+00  0.000000000000000E+00 0
 607   12120.00   12140.00  0.000000000000000E+00  0.000000000000000E+00 0
 608   12140.00   12160.00  0.000000000000000E+00  0.000000000000000E+00 0
 609   12160.00   12180.00  0.000000000000000E+00  0.000000000000000E+00 0
 610   12180.00   12200.00  0.000000000000000E+00  0.000000000000000E+00 0
 611   12200.00   12220.00  0.000000000000000E+00  0.000000000000000E+00 0
 612   12220.00   12240.00  0.000000000000000E+00  0.000000000000000E+00 0
 613   12240.00   12260.00  0.000000000000000E+00  0.000000000000000E+00 0
 614   12260.00   12280.00  0.000000000000000E+00  0.000000000000000E+00 0
 615   12280.00   12300.00  0.000000000000000E+00  0.000000000000000E+00 0
 616   12300.00   12320.00  0.000000000000000E+00  0.000000000000000E+00 0
 617   12320.00   12340.00  0.000000000000000E+00  0.000000000000000E+00 0
 618   12340.00   12360.00  0.000000000000000E+00  0.000000000000000E+00 0
 619   12360.00   12380.00  0.000000000000000E+00  0.000000000000000E+00 0
 620   12380.00   12400.00  0.000000000000000E+00  0.000000000000000E+00 0
 621   12400.00   12420.00  0.000000000000000E+00  0.000000000000000E+00 0
 622   12420.00   12440.00  0.000000000000000E+00  0.000000000000000E+00 0
 623   12440.00   12460.00  0.000000000000000E+00  0.000000000000000E+00 0
 624   12460.00   12480.00  0.000000000000000E+00  0.000000000000000E+00 0
 625   12480.00   12500.00  0.000000000000000E+00  0.000000000000000E+00 0
 626   12500.00   12520.00  0.000000000000000E+00  0.000000000000000E+00 0
 627   12520.00   12540.00  0.000000000000000E+00  0.000000000000000E+00 0
 628   12540.00   12560.00  0.000000000000000E+00  0.000000000000000E+00 0
 629   12560.00   12580.00  0.000000000000000E+00  0.000000000000000E+00 0
 630   12580.00   12600.00  0.000000000000000E+00  0.000000000000000E+00 0
 631   12600.00   12620.00  0.000000000000000E+00  0.000000000000000E+00 0
 632   12620.00   12640.00  0.000000000000000E+00  0.000000000000000E+00 0
 633   12640.00   12660.00  0.000000000000000E+00  0.000000000000000E+00 0
 634   12660.00   12680.00  0.000000000000000E+00  0.000000000000000E+00 0
 635   12680.00   12700.00  0.000000000000000E+00  0.000000000000000E+00 0
 636   12700.00   12720.00  0.000000000000000E+00  0.000000000000000E+00 0
 637   12720.00   12740.00  0.000000000000000E+00  0.000000000000000E+00 0
 638   12740.00   12760.00  0.000000000000000E+00  0.000000000000000E+00 0
 639   12760.00   12780.00  0.000000000000000E+00  0.000000000000000E+00 0
 640   12780.00   12800.00  0.000000000000000E+00  0.000000000000000E+00 0
 641   12800.00   12820.00  0.000000000000000E+00  0.000000000000000E+00 0
 642   12820.00   12840.00  0.000000000000000E+00  0.000000000000000E+00 0
 643   12840.00   12860.00  0.000000000000000E+00  0.000000000000000E+00 0
 644   12860.00   12880.00  0.000000000000000E+00  0.000000000000000E+00 0
 645   12880.00   12900.00  0.000000000000000E+00  0.000000000000000E+00 0
 646   12900.00   12920.00  0.000000000000000E+00  0.000000000000000E+00 0
 647   12920.00   12940.00  0.000000000000000E+00  0.000000000000000E+00 0
 648   12940.00   12960.00  0.000000000000000E+00  0.000000000000000E+00 0
 649   12960.00   12980.00  0.000000000000000E+00  0.000000000000000E+00 0
 650   12980.00   13000.00  0.000000000000000E+00  0.000000000000000E+00 0
# Underflow:                 0.0000000000000000E+00  0.0000000000000000E+00 0
# Overflow:                  0.0000000000000000E+00  0.0000000000000000E+00 0
#-------------------------------------------------------------------------------------
# Sum:                       1.6710655924343480E-06  2.1304501925836395E-09 20479000
#=====================================================================================
