# title = Transverse Mass of W
# xlabel = $M_{\text{T},\text{W}}\,$[GeV]
# ylabel = $\frac{\text{d}\sigma}{\text{d}M_{\text{T},\text{W}}}\,\left[\frac{\text{fb}}{\text{GeV}}\right]$
# xmin=  0.000E+00
# xmax=  8.000E+02
# ymin=  1.000E-06
# ymax=  1.000E-02
# kmin=  0.000E+00
# kmax=  1.000E+02
# logscale = true
# Renormalization and factorization scale scaled by: 1.0000000000
# Renormalization scaled by: 1.0000000000
# Number of generated events: 1919548716
#
#=====================================================================================
# No.       Left      Right                   Value                   Error Hits
#-------------------------------------------------------------------------------------
   1       0.00      20.00  5.722143462588902E-04  3.000054915721554E-07 377946732
   2      20.00      40.00  7.610144640220867E-04  3.666317229449137E-07 455108607
   3      40.00      60.00  1.355381354062580E-03  5.397717849399118E-07 675714373
   4      60.00      80.00  4.263557022099977E-03  1.125400201894016E-06 1608788597
   5      80.00     100.00  9.972099126617803E-04  5.674139739393414E-07 337430064
   6     100.00     120.00  4.053660074232333E-05  1.154438721279295E-07 13023082
   7     120.00     140.00  1.577198549014055E-05  7.359412973304862E-08 5050200
   8     140.00     160.00  8.388936100563272E-06  5.502353259205599E-08 2714365
   9     160.00     180.00  4.994060572958204E-06  3.921833058300249E-08 1700695
  10     180.00     200.00  3.229611413820136E-06  3.001469036532660E-08 1168064
  11     200.00     220.00  2.230589340323039E-06  2.672400190655073E-08 857049
  12     220.00     240.00  1.612843935267679E-06  2.282144508045653E-08 656473
  13     240.00     260.00  1.202655015613640E-06  1.908420887495337E-08 521821
  14     260.00     280.00  9.056534473547613E-07  1.688797096038780E-08 426300
  15     280.00     300.00  6.886568461099994E-07  1.331102068746737E-08 354988
  16     300.00     320.00  5.761380208756895E-07  1.637697075006627E-08 301373
  17     320.00     340.00  4.217416855109001E-07  1.001097541830309E-08 260471
  18     340.00     360.00  3.586750988109257E-07  1.111840740496436E-08 227939
  19     360.00     380.00  2.792764216376056E-07  8.705564668795289E-09 200250
  20     380.00     400.00  2.319450772220772E-07  8.377405598597644E-09 179746
  21     400.00     420.00  1.879673818521311E-07  7.049439730939196E-09 160986
  22     420.00     440.00  1.586483153250901E-07  5.020596185982356E-09 146005
  23     440.00     460.00  1.370306870134304E-07  5.386580909149839E-09 131006
  24     460.00     480.00  1.054895576992906E-07  3.721672464705228E-09 120225
  25     480.00     500.00  8.342523591041429E-08  2.576412773603096E-09 110702
  26     500.00     520.00  8.021294938169678E-08  3.589848307748423E-09 101492
  27     520.00     540.00  6.730224564840433E-08  3.142988894852396E-09 93391
  28     540.00     560.00  5.571083387016687E-08  2.473460244629587E-09 87343
  29     560.00     580.00  4.906633012824128E-08  2.362295957843785E-09 81076
  30     580.00     600.00  4.241210298436296E-08  2.156039096355617E-09 75906
  31     600.00     620.00  3.682943782148332E-08  1.840477736605032E-09 71216
  32     620.00     640.00  2.958762432180523E-08  1.274639975853404E-09 66644
  33     640.00     660.00  2.743519905110333E-08  2.267970381754010E-09 62424
  34     660.00     680.00  2.674941753609853E-08  2.046177353353393E-09 58754
  35     680.00     700.00  2.507437489039133E-08  2.643456199049129E-09 55889
  36     700.00     720.00  1.805024094108683E-08  1.308641156232729E-09 52569
  37     720.00     740.00  1.754750440428738E-08  1.290594319547513E-09 49636
  38     740.00     760.00  1.437242847091813E-08  1.132381012519715E-09 46971
  39     760.00     780.00  1.363100042031246E-08  1.019549150135882E-09 44497
  40     780.00     800.00  1.113168570830894E-08  9.138804236997145E-10 42255
  41     800.00     820.00  9.122887672995765E-09  5.489251449358963E-10 40339
  42     820.00     840.00  9.759817410031500E-09  9.496316259602914E-10 38480
  43     840.00     860.00  8.527193923322076E-09  7.860103093306353E-10 36439
  44     860.00     880.00  6.589509816975558E-09  4.047856590249132E-10 34854
  45     880.00     900.00  7.714030755625412E-09  8.633374155906478E-10 33143
  46     900.00     920.00  5.945455332713926E-09  7.202336119046031E-10 32135
  47     920.00     940.00  4.730142353104324E-09  4.371923662863301E-10 30412
  48     940.00     960.00  4.523016491872280E-09  4.294994939331600E-10 29043
  49     960.00     980.00  4.210308099356657E-09  4.013526553180722E-10 27640
  50     980.00    1000.00  3.263532498218386E-09  2.421992464765119E-10 26451
  51    1000.00    1020.00  3.265140706097581E-09  2.903739312465571E-10 25439
  52    1020.00    1040.00  3.157942958668710E-09  2.663009276423598E-10 24361
  53    1040.00    1060.00  3.432099889309833E-09  4.454694913704824E-10 23607
  54    1060.00    1080.00  2.116851761695145E-09  1.749405091849327E-10 22467
  55    1080.00    1100.00  2.360412147891859E-09  2.650305602651249E-10 21593
  56    1100.00    1120.00  2.230548945206478E-09  2.389436843396635E-10 20636
  57    1120.00    1140.00  2.448608214381407E-09  4.692669492646530E-10 20054
  58    1140.00    1160.00  2.482754740142806E-09  3.770510552412240E-10 19193
  59    1160.00    1180.00  1.273251216606524E-09  1.163073108848203E-10 18514
  60    1180.00    1200.00  1.381485890454528E-09  1.642678498971767E-10 17641
  61    1200.00    1220.00  1.594292070752586E-09  2.485055745008976E-10 17035
  62    1220.00    1240.00  1.273211450708776E-09  2.464655416033859E-10 16576
  63    1240.00    1260.00  1.106866175913041E-09  1.117950931831010E-10 16298
  64    1260.00    1280.00  9.215357380741696E-10  9.446805636723412E-11 15438
  65    1280.00    1300.00  9.162528718371047E-10  1.741808743745715E-10 14765
  66    1300.00    1320.00  7.691019865658310E-10  1.053757212725750E-10 14407
  67    1320.00    1340.00  1.149522277356250E-09  4.660424309671060E-10 14078
  68    1340.00    1360.00  5.187163533492554E-10  5.439163235333055E-11 13526
  69    1360.00    1380.00  7.460827145741413E-10  1.229142628329133E-10 13155
  70    1380.00    1400.00  5.853681064251760E-10  8.758008055512489E-11 12570
  71    1400.00    1420.00  6.928964441203882E-10  1.003531297433364E-10 11941
  72    1420.00    1440.00  5.874374087678797E-10  1.323669120483791E-10 12029
  73    1440.00    1460.00  4.698392699236073E-10  1.032929182333253E-10 11139
  74    1460.00    1480.00  5.058804938208777E-10  9.844448318312226E-11 10967
  75    1480.00    1500.00  3.876475542205502E-10  7.840301913250816E-11 10604
  76    1500.00    1520.00  2.882636307344604E-10  5.255146066018420E-11 10156
  77    1520.00    1540.00  4.444576106852448E-10  1.953857413588601E-10 9972
  78    1540.00    1560.00  3.196021520068895E-10  5.458760461560932E-11 9583
  79    1560.00    1580.00  3.351583901961679E-10  7.584884009523326E-11 9302
  80    1580.00    1600.00  2.925279437159132E-10  1.176260565491888E-10 9041
  81    1600.00    1620.00  1.727970325220665E-10  3.501309279272387E-11 8659
  82    1620.00    1640.00  2.390217323170570E-10  3.661807149847405E-11 8416
  83    1640.00    1660.00  2.061337201793210E-10  2.863235852456402E-11 8196
  84    1660.00    1680.00  1.555429164491351E-10  2.502777509216668E-11 7966
  85    1680.00    1700.00  2.043638403756736E-10  3.785163817355382E-11 7709
  86    1700.00    1720.00  1.723623799371626E-10  3.356355845987620E-11 7438
  87    1720.00    1740.00  1.562145756600319E-10  3.012963866195581E-11 7417
  88    1740.00    1760.00  1.191253308966412E-10  2.826273163427913E-11 7232
  89    1760.00    1780.00  1.563524424501333E-10  3.734505796394991E-11 6994
  90    1780.00    1800.00  8.732750498056710E-11  1.150388322320649E-11 6868
  91    1800.00    1820.00  1.944074068617617E-10  6.255488305080052E-11 6642
  92    1820.00    1840.00  1.582448454473691E-10  9.120944283915846E-11 6339
  93    1840.00    1860.00  6.371593125279919E-11  1.278911884729669E-11 6189
  94    1860.00    1880.00  1.291280947293576E-10  2.605032108762070E-11 6002
  95    1880.00    1900.00  6.723027143621180E-11  1.428157145531966E-11 5898
  96    1900.00    1920.00  6.206729156764139E-11  1.347681455824091E-11 5773
  97    1920.00    1940.00  7.192187295077432E-11  1.383043774535655E-11 5648
  98    1940.00    1960.00  6.742388729728732E-11  1.370701661594445E-11 5365
  99    1960.00    1980.00  5.422068497832769E-11  1.100092299173317E-11 5181
 100    1980.00    2000.00  5.774992614709572E-11  1.204443875384752E-11 5091
 101    2000.00    2020.00  4.030921367831087E-11  7.423258903432936E-12 4848
 102    2020.00    2040.00  8.206055464922402E-11  2.332958678509672E-11 4690
 103    2040.00    2060.00  3.679957185685154E-11  6.404677550848295E-12 4620
 104    2060.00    2080.00  9.777907163251368E-11  3.592018466399164E-11 4486
 105    2080.00    2100.00  5.339931376855723E-11  1.214615432346021E-11 4442
 106    2100.00    2120.00  2.899208569827154E-11  4.521531526202927E-12 4220
 107    2120.00    2140.00  7.108704618602116E-11  1.993298487492399E-11 4207
 108    2140.00    2160.00  2.498759516394960E-11  5.897068267346610E-12 4126
 109    2160.00    2180.00  5.344600111615663E-11  1.786920458806271E-11 3919
 110    2180.00    2200.00  6.622324044453719E-11  3.916755433944694E-11 3881
 111    2200.00    2220.00  1.559975537592589E-11  2.443253022012695E-12 3750
 112    2220.00    2240.00  3.369922049230486E-11  1.009763034095748E-11 3618
 113    2240.00    2260.00  2.721536578215694E-11  6.831232249814668E-12 3575
 114    2260.00    2280.00  2.493322278318164E-11  8.616885494464322E-12 3642
 115    2280.00    2300.00  1.508977345388332E-11  3.381804942641550E-12 3259
 116    2300.00    2320.00  3.079416015666523E-11  1.027379916588430E-11 3352
 117    2320.00    2340.00  1.888203344169450E-11  4.568626757177822E-12 3231
 118    2340.00    2360.00  1.983794440218808E-11  5.880698087463386E-12 3089
 119    2360.00    2380.00  1.619557636440336E-11  8.480431735868960E-12 3075
 120    2380.00    2400.00  1.114821841606253E-11  2.343699573981893E-12 2985
 121    2400.00    2420.00  1.826885400345192E-11  6.084292784352825E-12 2989
 122    2420.00    2440.00  1.017292422243329E-11  2.272278022635882E-12 2821
 123    2440.00    2460.00  2.172954030753727E-11  1.117750844533697E-11 2819
 124    2460.00    2480.00  9.848298986427156E-12  3.001261584905378E-12 2740
 125    2480.00    2500.00  1.524082628946518E-11  6.740119901293118E-12 2701
 126    2500.00    2520.00  7.045091947649282E-12  1.580855997847263E-12 2632
 127    2520.00    2540.00  8.814420361701902E-12  3.073784990788835E-12 2439
 128    2540.00    2560.00  1.301068348810353E-11  6.506495049186837E-12 2519
 129    2560.00    2580.00  1.359439503373447E-11  7.634356631360160E-12 2416
 130    2580.00    2600.00  4.137958226102743E-11  3.365219463993408E-11 2356
 131    2600.00    2620.00  9.551783511729963E-12  3.119971745636875E-12 2274
 132    2620.00    2640.00  8.241788439007812E-12  2.085736042204155E-12 2262
 133    2640.00    2660.00  6.773242327969478E-12  2.290588649859315E-12 2202
 134    2660.00    2680.00  3.995905880736801E-12  1.014432216345684E-12 2213
 135    2680.00    2700.00  5.239128717096770E-12  1.436750882731141E-12 2108
 136    2700.00    2720.00  3.069116406465138E-12  7.191318366996433E-13 2065
 137    2720.00    2740.00  6.400638339542357E-12  2.364510585992732E-12 2075
 138    2740.00    2760.00  4.378112366295703E-12  2.075284205919317E-12 1994
 139    2760.00    2780.00  8.466179409661234E-12  3.892265798675973E-12 1887
 140    2780.00    2800.00  3.142426044181049E-12  1.003581062144816E-12 1842
 141    2800.00    2820.00  1.326787721631603E-11  8.185307475499419E-12 1804
 142    2820.00    2840.00  2.475151632503282E-12  6.702816365743425E-13 1794
 143    2840.00    2860.00  3.867352694897887E-12  1.630870154149836E-12 1773
 144    2860.00    2880.00  3.246966696322315E-12  1.231381733480216E-12 1630
 145    2880.00    2900.00  1.361671257766481E-11  9.986249716069645E-12 1642
 146    2900.00    2920.00  6.807107168663649E-12  3.019595876910241E-12 1557
 147    2920.00    2940.00  1.567125066923709E-12  3.412747662650590E-13 1643
 148    2940.00    2960.00  5.036300429093475E-12  3.039382084869793E-12 1514
 149    2960.00    2980.00  1.123376636418016E-11  5.626748650474570E-12 1512
 150    2980.00    3000.00  4.785551167531629E-12  2.133013095386479E-12 1515
 151    3000.00    3020.00  4.826602271990085E-12  2.591645561693757E-12 1422
 152    3020.00    3040.00  3.002008167190012E-12  8.914848801030687E-13 1406
 153    3040.00    3060.00  1.497874988639704E-12  5.573398909468556E-13 1380
 154    3060.00    3080.00  1.840964485097363E-12  5.237208291214672E-13 1394
 155    3080.00    3100.00  7.458650971210939E-13  2.111017691188221E-13 1323
 156    3100.00    3120.00  6.921787775376346E-13  1.528741964383900E-13 1310
 157    3120.00    3140.00  9.339292693226271E-13  3.957338339741759E-13 1259
 158    3140.00    3160.00  2.098214735326324E-12  8.624383355472269E-13 1215
 159    3160.00    3180.00  6.917945657257466E-12  5.453299246031272E-12 1148
 160    3180.00    3200.00  1.018517970830480E-12  2.758297875852389E-13 1160
 161    3200.00    3220.00  7.997441490134651E-13  2.305401648370108E-13 1155
 162    3220.00    3240.00  1.510658838421261E-12  7.622272369820920E-13 1064
 163    3240.00    3260.00  5.079307190109478E-12  4.780388257081898E-12 1095
 164    3260.00    3280.00  3.633605869899410E-13  1.065602978916736E-13 1068
 165    3280.00    3300.00  1.159693304062370E-12  5.529644077680260E-13 1025
 166    3300.00    3320.00  4.261162526563690E-13  1.645739983491475E-13 1021
 167    3320.00    3340.00  1.047527512381529E-12  6.128092592504302E-13 1046
 168    3340.00    3360.00  6.078128577349217E-13  1.434954606324544E-13 989
 169    3360.00    3380.00  1.294512422730051E-12  5.736014730969540E-13 1014
 170    3380.00    3400.00  1.167866442855793E-12  3.908422057427705E-13 918
 171    3400.00    3420.00  4.724665610291868E-13  1.626861599237587E-13 961
 172    3420.00    3440.00  1.262868591497041E-12  6.519257644895283E-13 935
 173    3440.00    3460.00  7.297794544352094E-13  4.051364127267188E-13 875
 174    3460.00    3480.00  3.803264028472732E-13  1.190151974114116E-13 905
 175    3480.00    3500.00  3.816618343989863E-13  1.562878228227314E-13 809
 176    3500.00    3520.00  6.449963356417326E-13  3.543483163396136E-13 803
 177    3520.00    3540.00  6.357695403235043E-13  2.818203772916683E-13 861
 178    3540.00    3560.00  3.634840783467321E-13  2.303737770621187E-13 735
 179    3560.00    3580.00  3.881368890981966E-13  2.004630654510415E-13 733
 180    3580.00    3600.00  2.170316801695851E-13  5.921375562136351E-14 788
 181    3600.00    3620.00  2.133852286132163E-13  7.228516257560433E-14 744
 182    3620.00    3640.00  3.671712257548352E-12  3.108243688985603E-12 697
 183    3640.00    3660.00  1.081368856554816E-13  3.352263354510950E-14 747
 184    3660.00    3680.00  9.631607170237485E-13  5.738747137518716E-13 679
 185    3680.00    3700.00  1.609726363035362E-13  5.726123731546327E-14 655
 186    3700.00    3720.00  2.151878964271394E-13  7.569085934131197E-14 664
 187    3720.00    3740.00  5.361042666506128E-14  1.498034627644437E-14 648
 188    3740.00    3760.00  3.855778145599129E-13  2.597723099942110E-13 628
 189    3760.00    3780.00  1.579519989786784E-13  5.257585197671424E-14 623
 190    3780.00    3800.00  1.682128512803674E-13  5.789789346304660E-14 682
 191    3800.00    3820.00  5.773758012930691E-14  1.706428338444389E-14 584
 192    3820.00    3840.00  3.906008135003561E-13  1.881215144940647E-13 560
 193    3840.00    3860.00  2.239255360023839E-13  1.822402879345338E-13 580
 194    3860.00    3880.00  6.956150178476116E-13  6.080572482798012E-13 576
 195    3880.00    3900.00  1.260482842989164E-12  1.039711134627417E-12 521
 196    3900.00    3920.00  1.456829370136807E-13  7.035455621511352E-14 547
 197    3920.00    3940.00  1.434792123399715E-12  9.721280877889543E-13 501
 198    3940.00    3960.00  2.782355248019759E-13  1.923917057659398E-13 538
 199    3960.00    3980.00  3.445028520519496E-14  8.809144949415792E-15 544
 200    3980.00    4000.00  1.656764966082830E-13  9.174861976414682E-14 471
 201    4000.00    4020.00  7.432395388939547E-14  3.650060652324351E-14 486
 202    4020.00    4040.00  3.998569494447809E-14  1.055964730128717E-14 509
 203    4040.00    4060.00  6.536409265725646E-14  2.415475649628923E-14 486
 204    4060.00    4080.00  6.195005682713620E-14  1.932009048106547E-14 457
 205    4080.00    4100.00  1.294069092373114E-13  5.300917265002763E-14 451
 206    4100.00    4120.00  1.184255359852960E-13  7.639863863840892E-14 470
 207    4120.00    4140.00  1.531132925966335E-13  7.045800087221600E-14 463
 208    4140.00    4160.00  6.555054012138097E-14  2.443765955299745E-14 404
 209    4160.00    4180.00  6.400809564298478E-14  3.641731130944293E-14 384
 210    4180.00    4200.00  3.372571645068513E-14  1.310418501906154E-14 365
 211    4200.00    4220.00  5.298835277057783E-14  1.932132587711578E-14 381
 212    4220.00    4240.00  5.023553109801768E-14  2.139402334821584E-14 400
 213    4240.00    4260.00  1.987373440426076E-14  5.444548550566010E-15 333
 214    4260.00    4280.00  6.454289079890353E-14  3.427178738507336E-14 350
 215    4280.00    4300.00  2.895103633468559E-14  1.106975662748155E-14 361
 216    4300.00    4320.00  1.908692842076479E-13  1.225022367368260E-13 349
 217    4320.00    4340.00  2.418812847762200E-13  1.677585827511286E-13 355
 218    4340.00    4360.00  9.020575837977628E-15  3.372713856195798E-15 341
 219    4360.00    4380.00  4.319651756797155E-14  3.434307473248743E-14 321
 220    4380.00    4400.00  4.595131459721396E-13  3.519500343584306E-13 323
 221    4400.00    4420.00  1.379805244294358E-14  6.024094482510935E-15 331
 222    4420.00    4440.00  5.425715225040478E-14  2.567469663354439E-14 304
 223    4440.00    4460.00  2.110942960200085E-14  1.220489790831049E-14 328
 224    4460.00    4480.00  1.424410030447612E-13  1.180416161750596E-13 284
 225    4480.00    4500.00  3.234394476480467E-14  1.401584214140749E-14 318
 226    4500.00    4520.00  2.952133220000133E-13  2.809323341293528E-13 267
 227    4520.00    4540.00  3.116085675986750E-14  2.021982749595266E-14 270
 228    4540.00    4560.00  5.759438747935776E-15  1.606897776032691E-15 282
 229    4560.00    4580.00  2.148902909727575E-15  5.201275459523180E-16 280
 230    4580.00    4600.00  3.599484512776639E-14  1.490556769297817E-14 292
 231    4600.00    4620.00  6.069856112399674E-14  4.802865458680144E-14 308
 232    4620.00    4640.00  1.796526250777851E-13  9.577565065141695E-14 262
 233    4640.00    4660.00  1.507007545088394E-14  8.858693062445412E-15 259
 234    4660.00    4680.00  2.715289307351464E-14  1.097859288136123E-14 249
 235    4680.00    4700.00  1.043008523754189E-14  4.152767008519182E-15 234
 236    4700.00    4720.00  4.365113407736589E-15  1.253210167444386E-15 248
 237    4720.00    4740.00  1.391290928234572E-14  7.356310455819151E-15 229
 238    4740.00    4760.00  9.351049085462542E-14  6.564028858231895E-14 247
 239    4760.00    4780.00  3.361681518343605E-14  1.574118500440806E-14 215
 240    4780.00    4800.00  2.481030065721832E-14  1.384845920035760E-14 243
 241    4800.00    4820.00  4.407519878053764E-15  2.045233913372609E-15 220
 242    4820.00    4840.00  2.173870742681421E-15  7.405234958026794E-16 214
 243    4840.00    4860.00  3.992823154274850E-14  2.968733523732803E-14 187
 244    4860.00    4880.00  3.239000482781191E-15  1.612857900258599E-15 205
 245    4880.00    4900.00  1.295959091931492E-14  8.216157555005194E-15 184
 246    4900.00    4920.00  1.061342158838024E-14  5.588316682215575E-15 204
 247    4920.00    4940.00  1.252788481554345E-15  3.757562589225849E-16 189
 248    4940.00    4960.00  4.675180588281332E-14  3.161189726469719E-14 196
 249    4960.00    4980.00  1.302803443279970E-13  1.124286467126938E-13 160
 250    4980.00    5000.00  9.512264420076147E-15  6.472247335200103E-15 172
 251    5000.00    5020.00  3.811411115609386E-15  2.827013088794335E-15 188
 252    5020.00    5040.00  4.269108455096995E-15  1.559849957380836E-15 187
 253    5040.00    5060.00  5.088651324707005E-15  3.616836738302831E-15 157
 254    5060.00    5080.00  2.332846398253465E-14  2.257966739308843E-14 143
 255    5080.00    5100.00  6.825186212182014E-15  4.245466542602192E-15 153
 256    5100.00    5120.00  1.570430915275544E-14  1.015805634202414E-14 148
 257    5120.00    5140.00  3.219074975387188E-14  2.988026795871220E-14 174
 258    5140.00    5160.00  1.104294985164815E-15  4.835358880778819E-16 126
 259    5160.00    5180.00  1.389231084611401E-15  5.317046834755175E-16 159
 260    5180.00    5200.00  7.604424689325521E-15  4.451880215954013E-15 134
 261    5200.00    5220.00  8.238646976429990E-15  6.690682427197579E-15 157
 262    5220.00    5240.00  1.199085114095526E-14  5.909614946012346E-15 158
 263    5240.00    5260.00  3.763918273696150E-15  2.034480177484057E-15 114
 264    5260.00    5280.00  1.150023660458841E-13  1.084078115963165E-13 141
 265    5280.00    5300.00  5.636122436842932E-16  2.385795427406215E-16 134
 266    5300.00    5320.00  5.695452818932874E-15  3.162902043986307E-15 159
 267    5320.00    5340.00  1.951253080307285E-15  1.305050969351334E-15 107
 268    5340.00    5360.00  1.553264683369163E-15  6.433287689014774E-16 132
 269    5360.00    5380.00  2.383841832869246E-15  1.481250548552686E-15 118
 270    5380.00    5400.00  7.550766733304818E-16  3.496274406614293E-16 121
 271    5400.00    5420.00  3.473379569171605E-15  2.444569546951618E-15 142
 272    5420.00    5440.00  1.546487108676532E-15  1.301055866300960E-15 99
 273    5440.00    5460.00  1.338774943752860E-15  9.339130985779497E-16 108
 274    5460.00    5480.00  4.924850908109546E-15  4.655629043494261E-15 119
 275    5480.00    5500.00  3.292205483935208E-15  1.893426415840682E-15 99
 276    5500.00    5520.00  4.805958822417783E-16  2.706709214070467E-16 89
 277    5520.00    5540.00  6.789008274118823E-16  2.479180423216615E-16 105
 278    5540.00    5560.00  2.728057283052646E-16  1.040472228430345E-16 91
 279    5560.00    5580.00  8.454464657205857E-16  5.539378316139418E-16 125
 280    5580.00    5600.00  1.807512960813544E-15  9.848096450464142E-16 121
 281    5600.00    5620.00  9.840564897717704E-16  6.052950525554844E-16 91
 282    5620.00    5640.00  2.688907101990649E-16  8.485572530225522E-17 82
 283    5640.00    5660.00  5.100747413079940E-16  2.607552724880771E-16 115
 284    5660.00    5680.00  7.808728553745831E-15  7.068358871132921E-15 98
 285    5680.00    5700.00  9.732953950096116E-16  4.852315608444168E-16 98
 286    5700.00    5720.00  3.131051264893217E-16  1.361099099586617E-16 85
 287    5720.00    5740.00  6.496671373260763E-16  4.966618455512336E-16 101
 288    5740.00    5760.00  2.862044056840873E-14  2.738114889556227E-14 78
 289    5760.00    5780.00  7.965124802389532E-16  4.844726791970687E-16 83
 290    5780.00    5800.00  5.503306823074130E-16  3.827009247323399E-16 76
 291    5800.00    5820.00  5.190590095865033E-16  2.213392624417747E-16 74
 292    5820.00    5840.00  1.125004970952298E-15  6.788688696119926E-16 74
 293    5840.00    5860.00  5.805610931233132E-16  3.385171410313064E-16 78
 294    5860.00    5880.00  2.158371634932084E-14  2.142284220499206E-14 61
 295    5880.00    5900.00  1.283421505540458E-16  6.937050284052387E-17 70
 296    5900.00    5920.00  4.810520037648885E-16  1.995192603242376E-16 81
 297    5920.00    5940.00  3.677029814044650E-16  2.229011116431991E-16 55
 298    5940.00    5960.00  2.713169367946813E-17  9.890416007666253E-18 73
 299    5960.00    5980.00  4.303354614486234E-16  2.550327003047645E-16 58
 300    5980.00    6000.00  8.043963789721530E-16  7.141601870015975E-16 46
 301    6000.00    6020.00  2.731944717649851E-16  1.711299160000221E-16 54
 302    6020.00    6040.00  1.948812889376744E-15  1.333891343127872E-15 71
 303    6040.00    6060.00  1.616562362409296E-16  1.044604770064026E-16 72
 304    6060.00    6080.00  5.291515863705789E-15  4.573570839983049E-15 65
 305    6080.00    6100.00  1.784595813580986E-16  1.376794480784743E-16 55
 306    6100.00    6120.00  9.461122921499131E-16  8.826728760346404E-16 56
 307    6120.00    6140.00  8.571777474599714E-16  5.352741069526374E-16 53
 308    6140.00    6160.00  4.796467615978964E-17  3.615185775753979E-17 45
 309    6160.00    6180.00  1.963740900416710E-16  1.271317732767288E-16 53
 310    6180.00    6200.00  9.390434349882420E-16  6.961016065059924E-16 65
 311    6200.00    6220.00  2.430214553698331E-15  1.589061853140184E-15 51
 312    6220.00    6240.00  4.345539750161020E-17  1.555295318080061E-17 53
 313    6240.00    6260.00  1.428017608245994E-16  1.014551848307423E-16 50
 314    6260.00    6280.00  2.908990232090996E-16  2.023255223564306E-16 50
 315    6280.00    6300.00  3.876266780987505E-15  3.471333143655948E-15 47
 316    6300.00    6320.00  3.631094934549509E-16  1.809733087568085E-16 50
 317    6320.00    6340.00  8.411620833095799E-16  8.367616047376300E-16 61
 318    6340.00    6360.00  1.511383328384312E-16  6.344369502814218E-17 50
 319    6360.00    6380.00  9.332580161055286E-18  4.636558958353033E-18 43
 320    6380.00    6400.00  4.256457021200023E-17  2.426857467760483E-17 41
 321    6400.00    6420.00  8.235629698144387E-17  3.608157500127192E-17 48
 322    6420.00    6440.00  3.135488383934824E-16  2.747181652902321E-16 40
 323    6440.00    6460.00  7.100243134834821E-18  3.144648965705914E-18 37
 324    6460.00    6480.00  6.701825987123591E-17  5.511565805615740E-17 39
 325    6480.00    6500.00  4.437418512523412E-17  3.728559473746189E-17 49
 326    6500.00    6520.00  1.437753914743223E-16  8.852248049363569E-17 49
 327    6520.00    6540.00  4.642171607101546E-17  3.663744687940696E-17 32
 328    6540.00    6560.00  1.625151532517220E-17  1.139044661308567E-17 36
 329    6560.00    6580.00  5.155980208087468E-16  4.681682002199914E-16 38
 330    6580.00    6600.00  4.269906894550860E-17  2.521232799715327E-17 27
 331    6600.00    6620.00  1.170646021572859E-15  1.119741743759242E-15 29
 332    6620.00    6640.00  2.771004430278797E-17  1.455761767746050E-17 28
 333    6640.00    6660.00  3.363498161132548E-17  3.072670840158832E-17 42
 334    6660.00    6680.00  4.843312302473557E-15  4.832120322423700E-15 29
 335    6680.00    6700.00  4.783157254661211E-17  2.474970127894815E-17 31
 336    6700.00    6720.00  5.264235648097491E-17  2.113439688447866E-17 40
 337    6720.00    6740.00  1.756801119887130E-17  1.137339691086149E-17 33
 338    6740.00    6760.00  1.039164156890740E-17  6.133817496403146E-18 26
 339    6760.00    6780.00  1.048386157441579E-16  8.010069971306720E-17 33
 340    6780.00    6800.00  3.693062215866570E-16  3.111494423216198E-16 32
 341    6800.00    6820.00  2.198378926614440E-17  1.787092967577950E-17 20
 342    6820.00    6840.00  1.801092534933279E-18  1.097819043414580E-18 22
 343    6840.00    6860.00  1.104609756753225E-16  9.033960139033936E-17 33
 344    6860.00    6880.00  2.205196660607920E-17  1.007127616928978E-17 32
 345    6880.00    6900.00  3.084936217643795E-17  2.830806772953285E-17 24
 346    6900.00    6920.00  6.613275015519709E-18  4.032646757580539E-18 23
 347    6920.00    6940.00  2.008053464884016E-17  1.235239653216760E-17 26
 348    6940.00    6960.00  7.248697972386796E-18  5.606330037753347E-18 36
 349    6960.00    6980.00  1.393142429498598E-16  1.150735143010970E-16 33
 350    6980.00    7000.00  2.771992577964122E-18  1.709065263110140E-18 25
 351    7000.00    7020.00  1.456716348463189E-17  1.399760523673494E-17 20
 352    7020.00    7040.00  7.688067381338297E-18  3.566267806145854E-18 19
 353    7040.00    7060.00  3.905465784530757E-17  2.476289066525054E-17 25
 354    7060.00    7080.00  2.162731647058803E-17  1.220019707853122E-17 19
 355    7080.00    7100.00  2.282055953161039E-18  1.834075712491898E-18 22
 356    7100.00    7120.00  9.754061686598966E-17  9.006563529729570E-17 17
 357    7120.00    7140.00  1.738642811429704E-17  1.429434674459915E-17 18
 358    7140.00    7160.00  1.214823160837006E-17  1.074469084753448E-17 14
 359    7160.00    7180.00  3.106599749830024E-17  3.012683538464408E-17 16
 360    7180.00    7200.00  3.183587032646495E-17  2.516824089445175E-17 13
 361    7200.00    7220.00  2.600457967838326E-18  1.360007436834463E-18 19
 362    7220.00    7240.00  5.651514567643163E-17  5.091584071640320E-17 19
 363    7240.00    7260.00  4.836315593356521E-19  2.528514318700171E-19 13
 364    7260.00    7280.00  5.361336418603193E-18  3.982908752452008E-18 17
 365    7280.00    7300.00  8.267757000410517E-18  6.109012811176082E-18 15
 366    7300.00    7320.00  1.109983873053298E-18  7.647128926745114E-19 14
 367    7320.00    7340.00  5.315342268834957E-18  3.385945277757260E-18 13
 368    7340.00    7360.00  2.525778483971590E-17  1.809405383923090E-17 17
 369    7360.00    7380.00  1.906336653462454E-17  1.500886454665324E-17 11
 370    7380.00    7400.00  1.110154290207143E-18  6.257306794983759E-19 16
 371    7400.00    7420.00  4.923170044284648E-18  4.218534850003183E-18 14
 372    7420.00    7440.00  5.659455275096523E-18  3.551075770179944E-18 15
 373    7440.00    7460.00  7.173262611998914E-19  6.031458738528918E-19 15
 374    7460.00    7480.00  2.260043622699620E-18  1.562226988263256E-18 16
 375    7480.00    7500.00  9.873985924134485E-20  7.045812473860028E-20 8
 376    7500.00    7520.00  4.511261530842692E-20  3.278508063635530E-20 10
 377    7520.00    7540.00  4.493525963302695E-19  3.368141401845672E-19 18
 378    7540.00    7560.00  7.510289150589320E-19  4.692384201532676E-19 10
 379    7560.00    7580.00  5.680636852902784E-18  4.930317577262826E-18 15
 380    7580.00    7600.00  1.397847139129150E-19  1.078116949176260E-19 13
 381    7600.00    7620.00  2.190328770737040E-19  1.228006080238874E-19 12
 382    7620.00    7640.00  2.557657697917629E-18  1.360507837709423E-18 17
 383    7640.00    7660.00  9.899031058300799E-18  8.404071170948141E-18 8
 384    7660.00    7680.00  2.758173859056572E-18  2.249495643103779E-18 16
 385    7680.00    7700.00  3.021502993582727E-19  2.184368440268963E-19 11
 386    7700.00    7720.00  8.106854531782182E-17  7.168071273400778E-17 12
 387    7720.00    7740.00  1.307947755757113E-17  1.273096580934549E-17 9
 388    7740.00    7760.00  3.296977232828251E-16  3.272432024924620E-16 15
 389    7760.00    7780.00  5.295987047306687E-18  5.274255332350123E-18 8
 390    7780.00    7800.00  5.008764431790140E-20  4.809447003742177E-20 5
 391    7800.00    7820.00  2.152870226591790E-17  1.904199506262809E-17 17
 392    7820.00    7840.00  1.526344488866070E-19  8.914629322337639E-20 7
 393    7840.00    7860.00  6.079815668399510E-19  4.199301914147837E-19 13
 394    7860.00    7880.00  1.327346406178680E-19  7.005243838206409E-20 14
 395    7880.00    7900.00  2.988918251710815E-19  1.717377605142217E-19 11
 396    7900.00    7920.00  4.648431792556424E-18  3.479345696145087E-18 10
 397    7920.00    7940.00  4.633562061581670E-19  3.320968397437216E-19 6
 398    7940.00    7960.00  7.896136098856269E-19  6.046826256166820E-19 12
 399    7960.00    7980.00  3.210096843767621E-19  2.401586041959617E-19 5
 400    7980.00    8000.00  1.526631370227986E-19  1.285723076609872E-19 7
 401    8000.00    8020.00  8.519656314377940E-19  7.217823093490717E-19 13
 402    8020.00    8040.00  6.275183539394200E-19  5.380336571719517E-19 10
 403    8040.00    8060.00  2.249216049876893E-18  1.744729996136519E-18 10
 404    8060.00    8080.00  5.646434908473424E-18  5.265613517569780E-18 7
 405    8080.00    8100.00  5.322323706010863E-19  3.824323038914678E-19 10
 406    8100.00    8120.00  1.500218284251842E-20  8.654518060717419E-21 6
 407    8120.00    8140.00  5.272281378449581E-18  4.887718490821345E-18 9
 408    8140.00    8160.00  3.575906286883640E-19  2.704537412388384E-19 8
 409    8160.00    8180.00  7.492525847777739E-18  6.807939920436616E-18 11
 410    8180.00    8200.00  2.448468158465433E-18  2.052283211590499E-18 5
 411    8200.00    8220.00  1.703319331623318E-20  1.702395205995525E-20 2
 412    8220.00    8240.00  1.017890811954376E-19  1.017868297227727E-19 3
 413    8240.00    8260.00  3.889290275468341E-19  3.167122852643832E-19 13
 414    8260.00    8280.00  2.993788652435630E-20  1.818088789633470E-20 5
 415    8280.00    8300.00  1.950769746504392E-19  1.155006550653170E-19 10
 416    8300.00    8320.00  1.316947000031616E-18  1.096855284559382E-18 5
 417    8320.00    8340.00  7.691779315709784E-18  7.664050256661822E-18 4
 418    8340.00    8360.00  2.961554813487192E-18  2.961511773360902E-18 3
 419    8360.00    8380.00  2.563185305411912E-19  1.852734808164060E-19 6
 420    8380.00    8400.00  4.195714790551115E-15  4.195696707170246E-15 5
 421    8400.00    8420.00  2.979775501623690E-21  2.979775500054032E-21 1
 422    8420.00    8440.00  3.789273890664141E-19  3.714659650480514E-19 4
 423    8440.00    8460.00  7.097752839357882E-21  5.039512885062077E-21 3
 424    8460.00    8480.00  6.304053522633997E-21  5.683950216153374E-21 4
 425    8480.00    8500.00  5.193692254515905E-18  5.186492326251477E-18 2
 426    8500.00    8520.00  1.845011279835311E-20  9.465724245107192E-21 6
 427    8520.00    8540.00  4.552494279103707E-21  4.552493819085452E-21 2
 428    8540.00    8560.00  4.406968451143977E-20  4.363473430768635E-20 2
 429    8560.00    8580.00  4.778784656059667E-18  4.765354390199369E-18 5
 430    8580.00    8600.00  2.863568470619610E-22  2.862164734215224E-22 3
 431    8600.00    8620.00  2.703554555009289E-19  2.690082076781484E-19 5
 432    8620.00    8640.00  2.421693350196124E-22  1.581115894042430E-22 3
 433    8640.00    8660.00  8.700790199408271E-20  8.668538781923215E-20 3
 434    8660.00    8680.00  1.766388559746687E-18  1.637280048771641E-18 5
 435    8680.00    8700.00  5.908656100511563E-21  5.854739959791392E-21 3
 436    8700.00    8720.00  1.723226476395626E-26  1.723226475703120E-26 1
 437    8720.00    8740.00  1.588032728026717E-22  1.587963335703917E-22 3
 438    8740.00    8760.00  3.017993436584412E-20  2.063934084000731E-20 5
 439    8760.00    8780.00  1.673860901062277E-18  1.672556977908496E-18 4
 440    8780.00    8800.00  0.000000000000000E+00  0.000000000000000E+00 0
 441    8800.00    8820.00  2.295807612896276E-19  2.293353198314410E-19 4
 442    8820.00    8840.00  6.285410841175202E-25  4.749274457178647E-25 2
 443    8840.00    8860.00  2.576482210091497E-21  2.546301868557297E-21 3
 444    8860.00    8880.00  1.846409222310684E-23  1.532947769657056E-23 3
 445    8880.00    8900.00  1.375052295486006E-21  1.375052294912972E-21 1
 446    8900.00    8920.00  0.000000000000000E+00  0.000000000000000E+00 0
 447    8920.00    8940.00  5.237513513141416E-21  5.230441910522263E-21 3
 448    8940.00    8960.00  1.571737065671320E-23  1.191257563522566E-23 2
 449    8960.00    8980.00  2.500735571556500E-19  2.328317961939264E-19 6
 450    8980.00    9000.00  9.733033724933511E-20  7.232703456575021E-20 6
 451    9000.00    9020.00  9.323444678470801E-21  9.323350094470543E-21 2
 452    9020.00    9040.00  7.229606091274001E-23  7.229606088111103E-23 1
 453    9040.00    9060.00  4.362771414161642E-23  4.361954146648642E-23 2
 454    9060.00    9080.00  7.601219343002812E-22  7.601219339837022E-22 1
 455    9080.00    9100.00  5.842692574958881E-22  5.657317650291123E-22 3
 456    9100.00    9120.00  2.168805468915203E-25  2.168805467895884E-25 1
 457    9120.00    9140.00  4.514706744924094E-20  4.514706742829648E-20 1
 458    9140.00    9160.00  8.393403435760148E-21  7.396606516490044E-21 2
 459    9160.00    9180.00  0.000000000000000E+00  0.000000000000000E+00 0
 460    9180.00    9200.00  9.750057361267653E-23  9.750057357132610E-23 1
 461    9200.00    9220.00  1.576143579441085E-22  1.566860507343282E-22 2
 462    9220.00    9240.00  0.000000000000000E+00  0.000000000000000E+00 0
 463    9240.00    9260.00  4.162449844972333E-23  4.162449843021147E-23 1
 464    9260.00    9280.00  2.448613356964383E-18  2.448302405707705E-18 2
 465    9280.00    9300.00  5.058227972916102E-27  5.058227970502893E-27 1
 466    9300.00    9320.00  4.513179468768715E-23  3.651232575352983E-23 2
 467    9320.00    9340.00  0.000000000000000E+00  0.000000000000000E+00 0
 468    9340.00    9360.00  2.120186208412626E-21  1.964566799128244E-21 2
 469    9360.00    9380.00  5.661453014151004E-21  5.661439300913018E-21 2
 470    9380.00    9400.00  5.469535275497834E-20  5.412401132693446E-20 2
 471    9400.00    9420.00  1.101823610327954E-17  1.101823609856841E-17 1
 472    9420.00    9440.00  1.407830038882014E-21  1.407830038295321E-21 1
 473    9440.00    9460.00  5.786739336752958E-25  5.786739334427463E-25 1
 474    9460.00    9480.00  1.688445763329169E-22  1.688445762613092E-22 1
 475    9480.00    9500.00  1.249471731532089E-21  1.246267731587714E-21 2
 476    9500.00    9520.00  4.633038832852867E-26  4.633038831007653E-26 1
 477    9520.00    9540.00  4.966507488063969E-21  4.966496824185547E-21 2
 478    9540.00    9560.00  6.735197337916173E-26  6.735197335151861E-26 1
 479    9560.00    9580.00  0.000000000000000E+00  0.000000000000000E+00 0
 480    9580.00    9600.00  0.000000000000000E+00  0.000000000000000E+00 0
 481    9600.00    9620.00  7.107842216387581E-22  5.256102175412630E-22 2
 482    9620.00    9640.00  0.000000000000000E+00  0.000000000000000E+00 0
 483    9640.00    9660.00  1.407275841584011E-18  1.407273749102913E-18 3
 484    9660.00    9680.00  3.344238757586829E-22  3.344238755825183E-22 1
 485    9680.00    9700.00  1.807867583654138E-22  1.807829760428991E-22 2
 486    9700.00    9720.00  0.000000000000000E+00  0.000000000000000E+00 0
 487    9720.00    9740.00  4.006999757776727E-26  4.006999756082394E-26 1
 488    9740.00    9760.00  0.000000000000000E+00  0.000000000000000E+00 0
 489    9760.00    9780.00  2.153288854931373E-21  2.080147854353733E-21 4
 490    9780.00    9800.00  0.000000000000000E+00  0.000000000000000E+00 0
 491    9800.00    9820.00  0.000000000000000E+00  0.000000000000000E+00 0
 492    9820.00    9840.00  0.000000000000000E+00  0.000000000000000E+00 0
 493    9840.00    9860.00  0.000000000000000E+00  0.000000000000000E+00 0
 494    9860.00    9880.00  0.000000000000000E+00  0.000000000000000E+00 0
 495    9880.00    9900.00  0.000000000000000E+00  0.000000000000000E+00 0
 496    9900.00    9920.00  0.000000000000000E+00  0.000000000000000E+00 0
 497    9920.00    9940.00  0.000000000000000E+00  0.000000000000000E+00 0
 498    9940.00    9960.00  0.000000000000000E+00  0.000000000000000E+00 0
 499    9960.00    9980.00  1.043377219545797E-22  8.372101289377385E-23 2
 500    9980.00   10000.00  0.000000000000000E+00  0.000000000000000E+00 0
 501   10000.00   10020.00  0.000000000000000E+00  0.000000000000000E+00 0
 502   10020.00   10040.00  8.759086153547246E-21  8.759086150034308E-21 1
 503   10040.00   10060.00  0.000000000000000E+00  0.000000000000000E+00 0
 504   10060.00   10080.00  1.361763615561406E-23  1.361763615001923E-23 1
 505   10080.00   10100.00  0.000000000000000E+00  0.000000000000000E+00 0
 506   10100.00   10120.00  0.000000000000000E+00  0.000000000000000E+00 0
 507   10120.00   10140.00  0.000000000000000E+00  0.000000000000000E+00 0
 508   10140.00   10160.00  2.428326747698936E-21  2.428326746560636E-21 1
 509   10160.00   10180.00  0.000000000000000E+00  0.000000000000000E+00 0
 510   10180.00   10200.00  0.000000000000000E+00  0.000000000000000E+00 0
 511   10200.00   10220.00  0.000000000000000E+00  0.000000000000000E+00 0
 512   10220.00   10240.00  0.000000000000000E+00  0.000000000000000E+00 0
 513   10240.00   10260.00  0.000000000000000E+00  0.000000000000000E+00 0
 514   10260.00   10280.00  1.429676537506759E-21  1.429676536753648E-21 1
 515   10280.00   10300.00  0.000000000000000E+00  0.000000000000000E+00 0
 516   10300.00   10320.00  1.611348583417735E-31  1.611348582756393E-31 1
 517   10320.00   10340.00  0.000000000000000E+00  0.000000000000000E+00 0
 518   10340.00   10360.00  0.000000000000000E+00  0.000000000000000E+00 0
 519   10360.00   10380.00  5.442776411059401E-28  5.442776408891693E-28 1
 520   10380.00   10400.00  0.000000000000000E+00  0.000000000000000E+00 0
 521   10400.00   10420.00  0.000000000000000E+00  0.000000000000000E+00 0
 522   10420.00   10440.00  0.000000000000000E+00  0.000000000000000E+00 0
 523   10440.00   10460.00  0.000000000000000E+00  0.000000000000000E+00 0
 524   10460.00   10480.00  0.000000000000000E+00  0.000000000000000E+00 0
 525   10480.00   10500.00  0.000000000000000E+00  0.000000000000000E+00 0
 526   10500.00   10520.00  0.000000000000000E+00  0.000000000000000E+00 0
 527   10520.00   10540.00  6.816975794333679E-23  6.816975791130191E-23 1
 528   10540.00   10560.00  0.000000000000000E+00  0.000000000000000E+00 0
 529   10560.00   10580.00  1.560708714552377E-22  1.560708713835649E-22 1
 530   10580.00   10600.00  2.779822505718310E-27  2.779822504411817E-27 1
 531   10600.00   10620.00  0.000000000000000E+00  0.000000000000000E+00 0
 532   10620.00   10640.00  0.000000000000000E+00  0.000000000000000E+00 0
 533   10640.00   10660.00  0.000000000000000E+00  0.000000000000000E+00 0
 534   10660.00   10680.00  0.000000000000000E+00  0.000000000000000E+00 0
 535   10680.00   10700.00  0.000000000000000E+00  0.000000000000000E+00 0
 536   10700.00   10720.00  0.000000000000000E+00  0.000000000000000E+00 0
 537   10720.00   10740.00  0.000000000000000E+00  0.000000000000000E+00 0
 538   10740.00   10760.00  0.000000000000000E+00  0.000000000000000E+00 0
 539   10760.00   10780.00  0.000000000000000E+00  0.000000000000000E+00 0
 540   10780.00   10800.00  0.000000000000000E+00  0.000000000000000E+00 0
 541   10800.00   10820.00  0.000000000000000E+00  0.000000000000000E+00 0
 542   10820.00   10840.00  0.000000000000000E+00  0.000000000000000E+00 0
 543   10840.00   10860.00  0.000000000000000E+00  0.000000000000000E+00 0
 544   10860.00   10880.00  0.000000000000000E+00  0.000000000000000E+00 0
 545   10880.00   10900.00  0.000000000000000E+00  0.000000000000000E+00 0
 546   10900.00   10920.00  0.000000000000000E+00  0.000000000000000E+00 0
 547   10920.00   10940.00  0.000000000000000E+00  0.000000000000000E+00 0
 548   10940.00   10960.00  0.000000000000000E+00  0.000000000000000E+00 0
 549   10960.00   10980.00  0.000000000000000E+00  0.000000000000000E+00 0
 550   10980.00   11000.00  0.000000000000000E+00  0.000000000000000E+00 0
 551   11000.00   11020.00  0.000000000000000E+00  0.000000000000000E+00 0
 552   11020.00   11040.00  0.000000000000000E+00  0.000000000000000E+00 0
 553   11040.00   11060.00  0.000000000000000E+00  0.000000000000000E+00 0
 554   11060.00   11080.00  0.000000000000000E+00  0.000000000000000E+00 0
 555   11080.00   11100.00  0.000000000000000E+00  0.000000000000000E+00 0
 556   11100.00   11120.00  0.000000000000000E+00  0.000000000000000E+00 0
 557   11120.00   11140.00  0.000000000000000E+00  0.000000000000000E+00 0
 558   11140.00   11160.00  0.000000000000000E+00  0.000000000000000E+00 0
 559   11160.00   11180.00  0.000000000000000E+00  0.000000000000000E+00 0
 560   11180.00   11200.00  0.000000000000000E+00  0.000000000000000E+00 0
 561   11200.00   11220.00  0.000000000000000E+00  0.000000000000000E+00 0
 562   11220.00   11240.00  0.000000000000000E+00  0.000000000000000E+00 0
 563   11240.00   11260.00  0.000000000000000E+00  0.000000000000000E+00 0
 564   11260.00   11280.00  0.000000000000000E+00  0.000000000000000E+00 0
 565   11280.00   11300.00  0.000000000000000E+00  0.000000000000000E+00 0
 566   11300.00   11320.00  0.000000000000000E+00  0.000000000000000E+00 0
 567   11320.00   11340.00  0.000000000000000E+00  0.000000000000000E+00 0
 568   11340.00   11360.00  0.000000000000000E+00  0.000000000000000E+00 0
 569   11360.00   11380.00  0.000000000000000E+00  0.000000000000000E+00 0
 570   11380.00   11400.00  0.000000000000000E+00  0.000000000000000E+00 0
 571   11400.00   11420.00  0.000000000000000E+00  0.000000000000000E+00 0
 572   11420.00   11440.00  0.000000000000000E+00  0.000000000000000E+00 0
 573   11440.00   11460.00  0.000000000000000E+00  0.000000000000000E+00 0
 574   11460.00   11480.00  0.000000000000000E+00  0.000000000000000E+00 0
 575   11480.00   11500.00  0.000000000000000E+00  0.000000000000000E+00 0
 576   11500.00   11520.00  0.000000000000000E+00  0.000000000000000E+00 0
 577   11520.00   11540.00  0.000000000000000E+00  0.000000000000000E+00 0
 578   11540.00   11560.00  0.000000000000000E+00  0.000000000000000E+00 0
 579   11560.00   11580.00  0.000000000000000E+00  0.000000000000000E+00 0
 580   11580.00   11600.00  0.000000000000000E+00  0.000000000000000E+00 0
 581   11600.00   11620.00  0.000000000000000E+00  0.000000000000000E+00 0
 582   11620.00   11640.00  0.000000000000000E+00  0.000000000000000E+00 0
 583   11640.00   11660.00  0.000000000000000E+00  0.000000000000000E+00 0
 584   11660.00   11680.00  0.000000000000000E+00  0.000000000000000E+00 0
 585   11680.00   11700.00  0.000000000000000E+00  0.000000000000000E+00 0
 586   11700.00   11720.00  0.000000000000000E+00  0.000000000000000E+00 0
 587   11720.00   11740.00  0.000000000000000E+00  0.000000000000000E+00 0
 588   11740.00   11760.00  0.000000000000000E+00  0.000000000000000E+00 0
 589   11760.00   11780.00  0.000000000000000E+00  0.000000000000000E+00 0
 590   11780.00   11800.00  0.000000000000000E+00  0.000000000000000E+00 0
 591   11800.00   11820.00  0.000000000000000E+00  0.000000000000000E+00 0
 592   11820.00   11840.00  0.000000000000000E+00  0.000000000000000E+00 0
 593   11840.00   11860.00  0.000000000000000E+00  0.000000000000000E+00 0
 594   11860.00   11880.00  0.000000000000000E+00  0.000000000000000E+00 0
 595   11880.00   11900.00  0.000000000000000E+00  0.000000000000000E+00 0
 596   11900.00   11920.00  0.000000000000000E+00  0.000000000000000E+00 0
 597   11920.00   11940.00  0.000000000000000E+00  0.000000000000000E+00 0
 598   11940.00   11960.00  0.000000000000000E+00  0.000000000000000E+00 0
 599   11960.00   11980.00  0.000000000000000E+00  0.000000000000000E+00 0
 600   11980.00   12000.00  0.000000000000000E+00  0.000000000000000E+00 0
 601   12000.00   12020.00  0.000000000000000E+00  0.000000000000000E+00 0
 602   12020.00   12040.00  0.000000000000000E+00  0.000000000000000E+00 0
 603   12040.00   12060.00  0.000000000000000E+00  0.000000000000000E+00 0
 604   12060.00   12080.00  0.000000000000000E+00  0.000000000000000E+00 0
 605   12080.00   12100.00  0.000000000000000E+00  0.000000000000000E+00 0
 606   12100.00   12120.00  0.000000000000000E+00  0.000000000000000E+00 0
 607   12120.00   12140.00  0.000000000000000E+00  0.000000000000000E+00 0
 608   12140.00   12160.00  0.000000000000000E+00  0.000000000000000E+00 0
 609   12160.00   12180.00  0.000000000000000E+00  0.000000000000000E+00 0
 610   12180.00   12200.00  0.000000000000000E+00  0.000000000000000E+00 0
 611   12200.00   12220.00  0.000000000000000E+00  0.000000000000000E+00 0
 612   12220.00   12240.00  0.000000000000000E+00  0.000000000000000E+00 0
 613   12240.00   12260.00  0.000000000000000E+00  0.000000000000000E+00 0
 614   12260.00   12280.00  0.000000000000000E+00  0.000000000000000E+00 0
 615   12280.00   12300.00  0.000000000000000E+00  0.000000000000000E+00 0
 616   12300.00   12320.00  0.000000000000000E+00  0.000000000000000E+00 0
 617   12320.00   12340.00  0.000000000000000E+00  0.000000000000000E+00 0
 618   12340.00   12360.00  0.000000000000000E+00  0.000000000000000E+00 0
 619   12360.00   12380.00  0.000000000000000E+00  0.000000000000000E+00 0
 620   12380.00   12400.00  0.000000000000000E+00  0.000000000000000E+00 0
 621   12400.00   12420.00  0.000000000000000E+00  0.000000000000000E+00 0
 622   12420.00   12440.00  0.000000000000000E+00  0.000000000000000E+00 0
 623   12440.00   12460.00  0.000000000000000E+00  0.000000000000000E+00 0
 624   12460.00   12480.00  0.000000000000000E+00  0.000000000000000E+00 0
 625   12480.00   12500.00  0.000000000000000E+00  0.000000000000000E+00 0
 626   12500.00   12520.00  0.000000000000000E+00  0.000000000000000E+00 0
 627   12520.00   12540.00  0.000000000000000E+00  0.000000000000000E+00 0
 628   12540.00   12560.00  0.000000000000000E+00  0.000000000000000E+00 0
 629   12560.00   12580.00  0.000000000000000E+00  0.000000000000000E+00 0
 630   12580.00   12600.00  0.000000000000000E+00  0.000000000000000E+00 0
 631   12600.00   12620.00  0.000000000000000E+00  0.000000000000000E+00 0
 632   12620.00   12640.00  0.000000000000000E+00  0.000000000000000E+00 0
 633   12640.00   12660.00  0.000000000000000E+00  0.000000000000000E+00 0
 634   12660.00   12680.00  0.000000000000000E+00  0.000000000000000E+00 0
 635   12680.00   12700.00  0.000000000000000E+00  0.000000000000000E+00 0
 636   12700.00   12720.00  0.000000000000000E+00  0.000000000000000E+00 0
 637   12720.00   12740.00  0.000000000000000E+00  0.000000000000000E+00 0
 638   12740.00   12760.00  0.000000000000000E+00  0.000000000000000E+00 0
 639   12760.00   12780.00  0.000000000000000E+00  0.000000000000000E+00 0
 640   12780.00   12800.00  0.000000000000000E+00  0.000000000000000E+00 0
 641   12800.00   12820.00  0.000000000000000E+00  0.000000000000000E+00 0
 642   12820.00   12840.00  0.000000000000000E+00  0.000000000000000E+00 0
 643   12840.00   12860.00  0.000000000000000E+00  0.000000000000000E+00 0
 644   12860.00   12880.00  0.000000000000000E+00  0.000000000000000E+00 0
 645   12880.00   12900.00  0.000000000000000E+00  0.000000000000000E+00 0
 646   12900.00   12920.00  0.000000000000000E+00  0.000000000000000E+00 0
 647   12920.00   12940.00  0.000000000000000E+00  0.000000000000000E+00 0
 648   12940.00   12960.00  0.000000000000000E+00  0.000000000000000E+00 0
 649   12960.00   12980.00  0.000000000000000E+00  0.000000000000000E+00 0
 650   12980.00   13000.00  0.000000000000000E+00  0.000000000000000E+00 0
# Underflow:                 0.0000000000000000E+00  0.0000000000000000E+00 0
# Overflow:                  0.0000000000000000E+00  0.0000000000000000E+00 0
#-------------------------------------------------------------------------------------
# Sum:                       1.6710655924342533E-06  2.1303824191214302E-09 20479000
#=====================================================================================
