# title = W boson Transverse Momentum
# xlabel = $p_{\text{T},\text{W}}\,$[GeV]
# ylabel = $\frac{\text{d}\sigma}{\text{d}p_{\text{T},\text{W}}}\,\left[\frac{\text{fb}}{\text{GeV}}\right]$
# xmin=  0.000E+00
# xmax=  8.000E+02
# ymin=  1.000E-06
# ymax=  1.000E-02
# kmin=  0.000E+00
# kmax=  1.000E+02
# logscale = true
# Renormalization and factorization scale scaled by: 2.0000000000
# Renormalization scaled by: 2.0000000000
# Number of generated events: 1658404060
#
#=====================================================================================
# No.       Left      Right                   Value                   Error Hits
#-------------------------------------------------------------------------------------
   1       0.00      20.00  8.854230361118912E-04  1.141628513263925E-06 63527944
   2      20.00      40.00  2.257331003837521E-03  1.795283641302903E-06 123105371
   3      40.00      60.00  2.838786923953366E-03  2.004470218997173E-06 144155569
   4      60.00      80.00  2.790193203082829E-03  1.918394372834731E-06 144797359
   5      80.00     100.00  2.515063840743404E-03  1.748624139920705E-06 139961292
   6     100.00     120.00  2.163523002581035E-03  1.560611557469896E-06 132083528
   7     120.00     140.00  1.801869134849309E-03  1.365042246164431E-06 122633283
   8     140.00     160.00  1.478554148711328E-03  1.175543700906537E-06 112753679
   9     160.00     180.00  1.199986836615265E-03  1.008039418666835E-06 103149910
  10     180.00     200.00  9.699623958789497E-04  8.706776958319461E-07 94085844
  11     200.00     220.00  7.839617909466474E-04  7.536368824657946E-07 85800369
  12     220.00     240.00  6.329187015550140E-04  6.440799992047242E-07 78258273
  13     240.00     260.00  5.113107661817763E-04  5.545844006649153E-07 71467386
  14     260.00     280.00  4.143753717297372E-04  4.835031722639539E-07 65352828
  15     280.00     300.00  3.361502102373716E-04  4.146762526597691E-07 59853225
  16     300.00     320.00  2.739594380772600E-04  3.598385591835549E-07 54928940
  17     320.00     340.00  2.234694162495768E-04  3.125304906742269E-07 50489815
  18     340.00     360.00  1.824748361251803E-04  2.707130215697622E-07 46501262
  19     360.00     380.00  1.499116315530071E-04  2.356577127545972E-07 42886810
  20     380.00     400.00  1.237124306965842E-04  2.095005136108796E-07 39624660
  21     400.00     420.00  1.016538452823934E-04  1.781188998359261E-07 36693132
  22     420.00     440.00  8.421918191813729E-05  1.564322996032536E-07 34014976
  23     440.00     460.00  6.983571038323800E-05  1.369009060579417E-07 31578158
  24     460.00     480.00  5.830291560341976E-05  1.236930679921361E-07 29359770
  25     480.00     500.00  4.855252614917386E-05  1.064085157341326E-07 27350497
  26     500.00     520.00  4.064768419853555E-05  9.246491798485703E-08 25494810
  27     520.00     540.00  3.417179886337927E-05  8.015188438399302E-08 23806776
  28     540.00     560.00  2.894647056541555E-05  7.400941573719171E-08 22257071
  29     560.00     580.00  2.434549550398309E-05  6.457192213953969E-08 20831741
  30     580.00     600.00  2.052257490036421E-05  5.725212186630674E-08 19508529
  31     600.00     620.00  1.741413900259429E-05  5.004693120987698E-08 18296429
  32     620.00     640.00  1.486949649031326E-05  4.454464417873875E-08 17180901
  33     640.00     660.00  1.268385309193132E-05  4.092083845320349E-08 16140015
  34     660.00     680.00  1.076151486186204E-05  3.491824893272008E-08 15190425
  35     680.00     700.00  9.198341288846651E-06  3.253359131248594E-08 14298104
  36     700.00     720.00  7.963352532327003E-06  2.902641973049063E-08 13473918
  37     720.00     740.00  6.852018706664781E-06  2.503771849566564E-08 12704532
  38     740.00     760.00  5.843048960015229E-06  2.153413072107585E-08 11992836
  39     760.00     780.00  5.056979514751755E-06  2.041191097377441E-08 11321148
  40     780.00     800.00  4.371062023797002E-06  2.071356468461068E-08 10696839
  41     800.00     820.00  3.742989140559838E-06  1.589204887732373E-08 10115566
  42     820.00     840.00  3.274197844810801E-06  1.451414767953825E-08 9574438
  43     840.00     860.00  2.860294566976400E-06  1.383646128150855E-08 9062311
  44     860.00     880.00  2.491198296562348E-06  1.207703156426649E-08 8592796
  45     880.00     900.00  2.144512996351541E-06  1.048976229781851E-08 8147465
  46     900.00     920.00  1.877078478885118E-06  9.199554926042870E-09 7724765
  47     920.00     940.00  1.635719836582377E-06  8.545042533335083E-09 7335951
  48     940.00     960.00  1.437272991502530E-06  7.568600607110052E-09 6962884
  49     960.00     980.00  1.247174542601359E-06  6.641125600195959E-09 6620101
  50     980.00    1000.00  1.092845266508203E-06  6.085586463413444E-09 6292984
  51    1000.00    1020.00  9.650023137549241E-07  5.778493054088159E-09 5985237
  52    1020.00    1040.00  8.453752931295530E-07  5.442621195786724E-09 5695551
  53    1040.00    1060.00  7.541205285203989E-07  4.886251023225825E-09 5425541
  54    1060.00    1080.00  6.610981707699896E-07  4.481690884013375E-09 5169366
  55    1080.00    1100.00  5.851385847703801E-07  4.293255792290742E-09 4927824
  56    1100.00    1120.00  5.128121031396023E-07  3.556433523337502E-09 4694717
  57    1120.00    1140.00  4.506209197637596E-07  3.287566204101521E-09 4476920
  58    1140.00    1160.00  4.013967372143267E-07  3.016258319072052E-09 4274518
  59    1160.00    1180.00  3.581491140581481E-07  2.800306205124797E-09 4079974
  60    1180.00    1200.00  3.117805809394961E-07  2.264468185822652E-09 3895696
  61    1200.00    1220.00  2.783950251767767E-07  2.159576395544542E-09 3720594
  62    1220.00    1240.00  2.497585471445627E-07  2.059640070044143E-09 3557232
  63    1240.00    1260.00  2.177484723846674E-07  1.786400826019000E-09 3399055
  64    1260.00    1280.00  1.945388577607166E-07  1.608162742193480E-09 3251616
  65    1280.00    1300.00  1.717184127453432E-07  1.581951388966675E-09 3109774
  66    1300.00    1320.00  1.527926271936757E-07  1.323954604961962E-09 2982070
  67    1320.00    1340.00  1.350282167403165E-07  1.312418482625379E-09 2848856
  68    1340.00    1360.00  1.222578754180914E-07  1.194151446520545E-09 2729524
  69    1360.00    1380.00  1.081382040568914E-07  9.799053983026193E-10 2616132
  70    1380.00    1400.00  9.570377162725737E-08  8.900254681088211E-10 2505801
  71    1400.00    1420.00  8.642326303922983E-08  8.997870396910974E-10 2404915
  72    1420.00    1440.00  7.624629864830099E-08  7.070314562919514E-10 2302417
  73    1440.00    1460.00  6.933922224842617E-08  7.113499806117908E-10 2208900
  74    1460.00    1480.00  6.107304944359634E-08  6.161501005765109E-10 2118615
  75    1480.00    1500.00  5.669260726375580E-08  6.537287459129567E-10 2032316
  76    1500.00    1520.00  5.015017674495405E-08  5.353500869206086E-10 1949205
  77    1520.00    1540.00  4.375024172053112E-08  4.655232699080756E-10 1872554
  78    1540.00    1560.00  3.994238837165693E-08  4.811114244798192E-10 1797757
  79    1560.00    1580.00  3.644118892369277E-08  4.405922682535507E-10 1728134
  80    1580.00    1600.00  3.129877797795480E-08  3.494673289524492E-10 1657617
  81    1600.00    1620.00  2.898658853943201E-08  3.544322087638804E-10 1593888
  82    1620.00    1640.00  2.599553494877100E-08  3.165617891490939E-10 1531774
  83    1640.00    1660.00  2.296936826220762E-08  2.790620881438235E-10 1472700
  84    1660.00    1680.00  2.046320122166874E-08  3.007836856105614E-10 1414421
  85    1680.00    1700.00  1.880014400189314E-08  2.503667365849047E-10 1361517
  86    1700.00    1720.00  1.728676119645911E-08  2.423224824441669E-10 1311005
  87    1720.00    1740.00  1.502999839785035E-08  1.877569973992984E-10 1258980
  88    1740.00    1760.00  1.351259127793954E-08  1.839774668300298E-10 1210224
  89    1760.00    1780.00  1.212875435455563E-08  1.777481085590792E-10 1165336
  90    1780.00    1800.00  1.102147258223252E-08  1.747772209616435E-10 1121169
  91    1800.00    1820.00  9.618970750942590E-09  1.243114077136774E-10 1078520
  92    1820.00    1840.00  8.913388894101827E-09  1.331519596548229E-10 1040069
  93    1840.00    1860.00  8.226493409191861E-09  1.354778311670195E-10 1002298
  94    1860.00    1880.00  7.305008311222214E-09  1.142924803123856E-10 964736
  95    1880.00    1900.00  6.480781167298869E-09  9.546517671331582E-11 929046
  96    1900.00    1920.00  5.868675845887333E-09  9.931038247347487E-11 894489
  97    1920.00    1940.00  5.360151133485627E-09  8.610149172405157E-11 860954
  98    1940.00    1960.00  4.819845012186284E-09  8.534564041962972E-11 830551
  99    1960.00    1980.00  4.341207099887572E-09  8.332250560836869E-11 799380
 100    1980.00    2000.00  3.913484997372878E-09  6.463916828137605E-11 772209
 101    2000.00    2020.00  3.479704672531954E-09  5.683646459899559E-11 741660
 102    2020.00    2040.00  3.113742674660070E-09  5.162201509336789E-11 716792
 103    2040.00    2060.00  2.803930817661572E-09  4.738896756480116E-11 690581
 104    2060.00    2080.00  2.609993098899414E-09  4.793222324094678E-11 665366
 105    2080.00    2100.00  2.336163810227102E-09  4.054572217452779E-11 643210
 106    2100.00    2120.00  2.168698406745585E-09  4.243639758405887E-11 619180
 107    2120.00    2140.00  1.856155451986662E-09  3.048526131670443E-11 597961
 108    2140.00    2160.00  1.687579147483243E-09  3.359425165027943E-11 576012
 109    2160.00    2180.00  1.592664289276390E-09  3.143733161743551E-11 555827
 110    2180.00    2200.00  1.400047685391063E-09  2.804902504115180E-11 536492
 111    2200.00    2220.00  1.311177737854872E-09  2.665586331948170E-11 517406
 112    2220.00    2240.00  1.281206330984332E-09  8.730346260066626E-11 499207
 113    2240.00    2260.00  1.034118567726941E-09  2.124630532589375E-11 480358
 114    2260.00    2280.00  9.520440254129521E-10  1.939690538145238E-11 465121
 115    2280.00    2300.00  8.701696397657509E-10  1.834070892588897E-11 448050
 116    2300.00    2320.00  7.847430937455357E-10  1.501483254997638E-11 432521
 117    2320.00    2340.00  7.077353135532075E-10  1.428481562700438E-11 417884
 118    2340.00    2360.00  6.611375218994494E-10  1.442847048775252E-11 403140
 119    2360.00    2380.00  6.045521130131134E-10  1.544409839645822E-11 389685
 120    2380.00    2400.00  5.346269511595706E-10  1.219962821247533E-11 375069
 121    2400.00    2420.00  4.673492743385337E-10  1.039336603768113E-11 362923
 122    2420.00    2440.00  4.360573770573248E-10  9.124787038717957E-12 351216
 123    2440.00    2460.00  4.034046085750888E-10  9.552388369729932E-12 337214
 124    2460.00    2480.00  3.565169441019358E-10  7.938897721675558E-12 327702
 125    2480.00    2500.00  3.199323081433312E-10  7.654302681198117E-12 314065
 126    2500.00    2520.00  2.912448172142362E-10  7.887080997270779E-12 304624
 127    2520.00    2540.00  2.702124568147088E-10  6.784734545631164E-12 294955
 128    2540.00    2560.00  2.421805753533353E-10  5.496222251435958E-12 284273
 129    2560.00    2580.00  2.246595448302353E-10  5.699693251330470E-12 274363
 130    2580.00    2600.00  2.048504519415241E-10  4.938554059152814E-12 266193
 131    2600.00    2620.00  1.849120301946567E-10  4.475988491138475E-12 255974
 132    2620.00    2640.00  1.645609476216615E-10  4.906376357743192E-12 247625
 133    2640.00    2660.00  1.510402655364169E-10  3.570195921172840E-12 239065
 134    2660.00    2680.00  1.365199967058829E-10  3.505013974259464E-12 231207
 135    2680.00    2700.00  1.242348474777319E-10  3.242687261371641E-12 223081
 136    2700.00    2720.00  1.143365451859533E-10  3.280669203435210E-12 215455
 137    2720.00    2740.00  9.966976916459813E-11  2.257092215274707E-12 207690
 138    2740.00    2760.00  9.345406654220510E-11  2.945552628397092E-12 201762
 139    2760.00    2780.00  8.543213295735625E-11  2.450336886301492E-12 194185
 140    2780.00    2800.00  7.828391060494313E-11  2.035359805174154E-12 188599
 141    2800.00    2820.00  7.185144282591435E-11  2.787913136024584E-12 181194
 142    2820.00    2840.00  6.256544059561090E-11  1.635162418227995E-12 174891
 143    2840.00    2860.00  5.841879404431468E-11  1.516298742395563E-12 168345
 144    2860.00    2880.00  5.316038225162388E-11  1.586116508459520E-12 163082
 145    2880.00    2900.00  4.628518175973567E-11  1.324080792881427E-12 157896
 146    2900.00    2920.00  4.270716618396933E-11  1.118516014439618E-12 153101
 147    2920.00    2940.00  3.954970767093123E-11  1.460178688056394E-12 147136
 148    2940.00    2960.00  3.548837469944795E-11  1.144331806173423E-12 141739
 149    2960.00    2980.00  3.437897582415788E-11  1.201191006785792E-12 137600
 150    2980.00    3000.00  2.910663299176999E-11  8.098837391904691E-13 132966
 151    3000.00    3020.00  2.855046759012561E-11  8.418832824033968E-13 128630
 152    3020.00    3040.00  2.580476685371165E-11  8.804384263662857E-13 124446
 153    3040.00    3060.00  2.263560589409982E-11  6.325262883132338E-13 119593
 154    3060.00    3080.00  1.911827575557447E-11  5.262826098615253E-13 116340
 155    3080.00    3100.00  1.883568617412209E-11  7.597657727637059E-13 111987
 156    3100.00    3120.00  1.646328433188326E-11  5.168799029910506E-13 108089
 157    3120.00    3140.00  1.506624370418989E-11  4.576335634591211E-13 103778
 158    3140.00    3160.00  1.323784800615007E-11  3.882599416670411E-13 100891
 159    3160.00    3180.00  1.289849955244073E-11  4.172073565235461E-13 97000
 160    3180.00    3200.00  1.174419647828631E-11  4.022444770399839E-13 93428
 161    3200.00    3220.00  1.099675023826206E-11  3.926741190724621E-13 90433
 162    3220.00    3240.00  9.099536349987179E-12  2.993772546884467E-13 87505
 163    3240.00    3260.00  8.930461319647165E-12  3.075372013337293E-13 84888
 164    3260.00    3280.00  8.243034373789806E-12  3.071414408906552E-13 81616
 165    3280.00    3300.00  7.035444165999423E-12  2.295627035875962E-13 78815
 166    3300.00    3320.00  6.734522228441670E-12  2.827728516809578E-13 76316
 167    3320.00    3340.00  6.040438225240164E-12  2.800810155209058E-13 73285
 168    3340.00    3360.00  5.126625094050652E-12  1.830234014437378E-13 70819
 169    3360.00    3380.00  4.679132918180493E-12  1.677702687538879E-13 68121
 170    3380.00    3400.00  4.526393076580524E-12  1.829780001619413E-13 65789
 171    3400.00    3420.00  4.145344389923207E-12  1.647973218486566E-13 63727
 172    3420.00    3440.00  3.696244466375589E-12  1.508794646758448E-13 61556
 173    3440.00    3460.00  3.218688270245674E-12  1.195031640993916E-13 59326
 174    3460.00    3480.00  3.144094575875032E-12  1.247071143822250E-13 57514
 175    3480.00    3500.00  2.824104400599481E-12  1.292684379265400E-13 55326
 176    3500.00    3520.00  2.709699110782983E-12  1.155251447865282E-13 53068
 177    3520.00    3540.00  2.526117526059493E-12  1.414502859574990E-13 51549
 178    3540.00    3560.00  2.163357275540471E-12  1.091592524157059E-13 49901
 179    3560.00    3580.00  1.894115165725172E-12  8.104152841844290E-14 47774
 180    3580.00    3600.00  1.900742229672370E-12  1.196435347716779E-13 46475
 181    3600.00    3620.00  1.773373143867105E-12  8.998430857592183E-14 44388
 182    3620.00    3640.00  1.523005156027061E-12  6.705125912175707E-14 43303
 183    3640.00    3660.00  1.314176329089249E-12  6.548477041476228E-14 41499
 184    3660.00    3680.00  1.168373286583135E-12  5.255827171060605E-14 40135
 185    3680.00    3700.00  1.170180592744070E-12  5.977675161359588E-14 38032
 186    3700.00    3720.00  9.773366565375511E-13  4.816181255725449E-14 36711
 187    3720.00    3740.00  9.412031289376702E-13  4.591777693122375E-14 35755
 188    3740.00    3760.00  8.176400832255409E-13  4.270535363212654E-14 34218
 189    3760.00    3780.00  7.786063330989734E-13  4.253603720385879E-14 33207
 190    3780.00    3800.00  7.406380292242217E-13  4.507487665224313E-14 31814
 191    3800.00    3820.00  6.249181612093825E-13  3.545487715133004E-14 30679
 192    3820.00    3840.00  5.359013512213146E-13  2.854760142169235E-14 29213
 193    3840.00    3860.00  5.619944249370949E-13  3.895126812263644E-14 28695
 194    3860.00    3880.00  4.755842976344768E-13  2.853687003141050E-14 27605
 195    3880.00    3900.00  4.358468096082698E-13  2.402309080044313E-14 26724
 196    3900.00    3920.00  4.392875679117955E-13  6.414469027676296E-14 25799
 197    3920.00    3940.00  3.574672360709165E-13  2.046887534940624E-14 24539
 198    3940.00    3960.00  3.445654737030014E-13  2.431961978692263E-14 23747
 199    3960.00    3980.00  3.025413080291007E-13  2.748461835641234E-14 22500
 200    3980.00    4000.00  2.817695602753497E-13  2.245780221186488E-14 22067
 201    4000.00    4020.00  2.108034406527740E-13  1.082788996522355E-14 21164
 202    4020.00    4040.00  2.385320764659356E-13  1.917668099231857E-14 20152
 203    4040.00    4060.00  1.876954840326536E-13  1.474729855210761E-14 19313
 204    4060.00    4080.00  2.060252549203005E-13  1.981967170787843E-14 18697
 205    4080.00    4100.00  1.748656459399094E-13  1.566247442609572E-14 18156
 206    4100.00    4120.00  1.459520964811393E-13  1.149395687678354E-14 17464
 207    4120.00    4140.00  1.309067390776863E-13  1.061134553022525E-14 16531
 208    4140.00    4160.00  1.421825622539769E-13  1.167486920124681E-14 15786
 209    4160.00    4180.00  1.317370950982308E-13  1.380607193668095E-14 15416
 210    4180.00    4200.00  1.003668239022552E-13  7.993370270114539E-15 14650
 211    4200.00    4220.00  1.068573717757044E-13  1.199915224689202E-14 14114
 212    4220.00    4240.00  9.491284116899064E-14  9.310475000886960E-15 13325
 213    4240.00    4260.00  6.826005568498388E-14  6.963658583393150E-15 13186
 214    4260.00    4280.00  6.376915838749670E-14  7.517201678825067E-15 12387
 215    4280.00    4300.00  6.600114449699160E-14  7.149563869879226E-15 11842
 216    4300.00    4320.00  5.297829871975357E-14  4.591744505118287E-15 11459
 217    4320.00    4340.00  5.915191139812246E-14  5.774263112697322E-15 10825
 218    4340.00    4360.00  4.739262372750267E-14  4.533310565316743E-15 10481
 219    4360.00    4380.00  5.446342875292168E-14  9.586739255371042E-15 9981
 220    4380.00    4400.00  3.672323530864513E-14  3.175627518974644E-15 9591
 221    4400.00    4420.00  3.567884356052241E-14  3.767433393490915E-15 9221
 222    4420.00    4440.00  4.042977400753783E-14  7.211734602785132E-15 8771
 223    4440.00    4460.00  3.886581356911149E-14  5.443803040698358E-15 8291
 224    4460.00    4480.00  2.609910502215704E-14  2.778106529084870E-15 8139
 225    4480.00    4500.00  2.156079411203946E-14  2.562408157479598E-15 7780
 226    4500.00    4520.00  2.760516446353106E-14  5.341097075637987E-15 7335
 227    4520.00    4540.00  2.176698586163681E-14  3.385497619393229E-15 6973
 228    4540.00    4560.00  1.683350600701626E-14  2.002387876538797E-15 6776
 229    4560.00    4580.00  1.642385938556219E-14  2.063596690047235E-15 6371
 230    4580.00    4600.00  2.101752448139973E-14  5.110992472466145E-15 6145
 231    4600.00    4620.00  1.229546379221825E-14  1.804512010964441E-15 5753
 232    4620.00    4640.00  1.096026053580159E-14  1.512415592054817E-15 5484
 233    4640.00    4660.00  8.237100214386131E-15  1.607991310001279E-15 5308
 234    4660.00    4680.00  7.805797533077824E-15  8.276976317644791E-16 5064
 235    4680.00    4700.00  1.092118558193474E-14  2.068301239066547E-15 4889
 236    4700.00    4720.00  7.919036643940148E-15  1.429652566301842E-15 4614
 237    4720.00    4740.00  1.049633402727151E-14  2.361701467421414E-15 4358
 238    4740.00    4760.00  6.080188797074447E-15  8.318541905776958E-16 4103
 239    4760.00    4780.00  5.682081684527728E-15  8.084848429358467E-16 4064
 240    4780.00    4800.00  6.102399497784954E-15  1.469170402661743E-15 3685
 241    4800.00    4820.00  6.103144450845425E-15  1.296777508132169E-15 3483
 242    4820.00    4840.00  4.626044144901955E-15  8.323821658845556E-16 3400
 243    4840.00    4860.00  3.867764379817994E-15  7.491310884199823E-16 3186
 244    4860.00    4880.00  3.538443257224015E-15  8.651863511125006E-16 2978
 245    4880.00    4900.00  1.935566533179413E-15  3.009332876253198E-16 2842
 246    4900.00    4920.00  1.588760874454769E-15  2.892467333538349E-16 2801
 247    4920.00    4940.00  3.587991751931811E-15  1.166706879446555E-15 2546
 248    4940.00    4960.00  3.613624964558656E-15  1.423395376103568E-15 2419
 249    4960.00    4980.00  2.450650752012190E-15  7.468327906424466E-16 2298
 250    4980.00    5000.00  3.757173978159899E-15  9.920232589454972E-16 2196
 251    5000.00    5020.00  1.101167527110286E-15  1.988887389248826E-16 2087
 252    5020.00    5040.00  1.575819209948709E-15  4.755602742639189E-16 1962
 253    5040.00    5060.00  1.850600075924044E-15  6.955116884051934E-16 1852
 254    5060.00    5080.00  1.631072233358877E-15  6.453454836376714E-16 1757
 255    5080.00    5100.00  7.665938060962499E-16  1.727528619185748E-16 1611
 256    5100.00    5120.00  8.492920135934447E-16  2.308676623369681E-16 1478
 257    5120.00    5140.00  6.740390779207735E-16  2.400996810955984E-16 1406
 258    5140.00    5160.00  1.404500693127559E-15  6.600247771581247E-16 1395
 259    5160.00    5180.00  7.380558849895094E-16  2.452460433533768E-16 1318
 260    5180.00    5200.00  5.032612321528588E-16  1.300789086618643E-16 1145
 261    5200.00    5220.00  6.599398822376896E-16  2.926135316068060E-16 1087
 262    5220.00    5240.00  2.981037335368631E-16  1.154961655514471E-16 1037
 263    5240.00    5260.00  1.744515638530970E-16  4.724545595949540E-17 981
 264    5260.00    5280.00  1.606683856882299E-16  4.641815176956939E-17 892
 265    5280.00    5300.00  3.263921837153895E-16  1.261121860911963E-16 847
 266    5300.00    5320.00  1.106111941378858E-16  3.720653894462832E-17 800
 267    5320.00    5340.00  2.506928856520236E-16  8.986799962316584E-17 765
 268    5340.00    5360.00  2.139669693047195E-16  7.723940549673225E-17 674
 269    5360.00    5380.00  1.576526307673204E-16  6.197316859755735E-17 646
 270    5380.00    5400.00  7.090615694967432E-17  2.483262806553456E-17 548
 271    5400.00    5420.00  1.883812497543742E-16  8.486987901161811E-17 549
 272    5420.00    5440.00  6.215453440264360E-17  2.284459712972728E-17 488
 273    5440.00    5460.00  2.742521969559900E-17  1.356664588295936E-17 467
 274    5460.00    5480.00  4.894684083612206E-17  1.887203945099433E-17 426
 275    5480.00    5500.00  4.724270210035875E-17  1.906281135813692E-17 390
 276    5500.00    5520.00  2.206877144479601E-17  6.976947208111294E-18 344
 277    5520.00    5540.00  7.917245153905729E-17  4.316633801315065E-17 343
 278    5540.00    5560.00  4.062110706666093E-17  1.762414997071841E-17 298
 279    5560.00    5580.00  1.056682130956060E-16  9.907363138294620E-17 262
 280    5580.00    5600.00  1.111998757856564E-17  6.389848402420112E-18 266
 281    5600.00    5620.00  7.459620502063067E-18  3.580840732645443E-18 229
 282    5620.00    5640.00  4.858621174010651E-17  4.044120079297734E-17 206
 283    5640.00    5660.00  9.164058297812403E-19  2.450571235142576E-19 184
 284    5660.00    5680.00  6.060216778039942E-18  5.482384971824228E-18 164
 285    5680.00    5700.00  1.363351021694240E-18  7.823688467146619E-19 116
 286    5700.00    5720.00  2.637666516416434E-18  1.626909906403888E-18 119
 287    5720.00    5740.00  1.416187309173755E-18  7.054477726030814E-19 137
 288    5740.00    5760.00  6.506400044056870E-18  6.211045528562091E-18 111
 289    5760.00    5780.00  7.614871487430995E-18  5.285499558286210E-18 102
 290    5780.00    5800.00  4.692477331303469E-19  2.971856579215166E-19 73
 291    5800.00    5820.00  1.659022921580424E-18  1.266480137616750E-18 61
 292    5820.00    5840.00  1.679300994679755E-18  1.614284090696931E-18 63
 293    5840.00    5860.00  2.937071692586971E-19  2.132922502484328E-19 59
 294    5860.00    5880.00  3.850998844603998E-19  2.239363404932119E-19 39
 295    5880.00    5900.00  4.189777878673265E-20  3.136519465940936E-20 37
 296    5900.00    5920.00  3.455727983691808E-19  2.907762612669846E-19 44
 297    5920.00    5940.00  1.509987844520905E-20  6.824261298580570E-21 30
 298    5940.00    5960.00  9.577971871880500E-21  4.030038839192421E-21 25
 299    5960.00    5980.00  3.471726756646772E-19  2.852852371419357E-19 23
 300    5980.00    6000.00  6.740379168460352E-21  3.101914824386135E-21 24
 301    6000.00    6020.00  1.927075448305756E-20  1.685036356518056E-20 25
 302    6020.00    6040.00  2.657955678191602E-19  2.629280155844167E-19 16
 303    6040.00    6060.00  1.116852274071933E-20  9.811789709023479E-21 8
 304    6060.00    6080.00  1.003997767119651E-22  5.964260390212249E-23 5
 305    6080.00    6100.00  1.130244039878332E-22  9.032904540174314E-23 5
 306    6100.00    6120.00  8.154472233941912E-24  6.617333963736215E-24 4
 307    6120.00    6140.00  1.809184061881409E-23  1.025573933811560E-23 6
 308    6140.00    6160.00  5.637995511103170E-24  5.637995509094973E-24 1
 309    6160.00    6180.00  1.379024856620924E-25  1.379024856121980E-25 1
 310    6180.00    6200.00  1.268438923064084E-23  1.266187157198016E-23 2
 311    6200.00    6220.00  0.000000000000000E+00  0.000000000000000E+00 0
 312    6220.00    6240.00  0.000000000000000E+00  0.000000000000000E+00 0
 313    6240.00    6260.00  0.000000000000000E+00  0.000000000000000E+00 0
 314    6260.00    6280.00  0.000000000000000E+00  0.000000000000000E+00 0
 315    6280.00    6300.00  0.000000000000000E+00  0.000000000000000E+00 0
 316    6300.00    6320.00  0.000000000000000E+00  0.000000000000000E+00 0
 317    6320.00    6340.00  0.000000000000000E+00  0.000000000000000E+00 0
 318    6340.00    6360.00  0.000000000000000E+00  0.000000000000000E+00 0
 319    6360.00    6380.00  0.000000000000000E+00  0.000000000000000E+00 0
 320    6380.00    6400.00  0.000000000000000E+00  0.000000000000000E+00 0
 321    6400.00    6420.00  0.000000000000000E+00  0.000000000000000E+00 0
 322    6420.00    6440.00  0.000000000000000E+00  0.000000000000000E+00 0
 323    6440.00    6460.00  0.000000000000000E+00  0.000000000000000E+00 0
 324    6460.00    6480.00  0.000000000000000E+00  0.000000000000000E+00 0
 325    6480.00    6500.00  0.000000000000000E+00  0.000000000000000E+00 0
 326    6500.00    6520.00  0.000000000000000E+00  0.000000000000000E+00 0
 327    6520.00    6540.00  0.000000000000000E+00  0.000000000000000E+00 0
 328    6540.00    6560.00  0.000000000000000E+00  0.000000000000000E+00 0
 329    6560.00    6580.00  0.000000000000000E+00  0.000000000000000E+00 0
 330    6580.00    6600.00  0.000000000000000E+00  0.000000000000000E+00 0
 331    6600.00    6620.00  0.000000000000000E+00  0.000000000000000E+00 0
 332    6620.00    6640.00  0.000000000000000E+00  0.000000000000000E+00 0
 333    6640.00    6660.00  0.000000000000000E+00  0.000000000000000E+00 0
 334    6660.00    6680.00  0.000000000000000E+00  0.000000000000000E+00 0
 335    6680.00    6700.00  0.000000000000000E+00  0.000000000000000E+00 0
 336    6700.00    6720.00  0.000000000000000E+00  0.000000000000000E+00 0
 337    6720.00    6740.00  0.000000000000000E+00  0.000000000000000E+00 0
 338    6740.00    6760.00  0.000000000000000E+00  0.000000000000000E+00 0
 339    6760.00    6780.00  0.000000000000000E+00  0.000000000000000E+00 0
 340    6780.00    6800.00  0.000000000000000E+00  0.000000000000000E+00 0
 341    6800.00    6820.00  0.000000000000000E+00  0.000000000000000E+00 0
 342    6820.00    6840.00  0.000000000000000E+00  0.000000000000000E+00 0
 343    6840.00    6860.00  0.000000000000000E+00  0.000000000000000E+00 0
 344    6860.00    6880.00  0.000000000000000E+00  0.000000000000000E+00 0
 345    6880.00    6900.00  0.000000000000000E+00  0.000000000000000E+00 0
 346    6900.00    6920.00  0.000000000000000E+00  0.000000000000000E+00 0
 347    6920.00    6940.00  0.000000000000000E+00  0.000000000000000E+00 0
 348    6940.00    6960.00  0.000000000000000E+00  0.000000000000000E+00 0
 349    6960.00    6980.00  0.000000000000000E+00  0.000000000000000E+00 0
 350    6980.00    7000.00  0.000000000000000E+00  0.000000000000000E+00 0
 351    7000.00    7020.00  0.000000000000000E+00  0.000000000000000E+00 0
 352    7020.00    7040.00  0.000000000000000E+00  0.000000000000000E+00 0
 353    7040.00    7060.00  0.000000000000000E+00  0.000000000000000E+00 0
 354    7060.00    7080.00  0.000000000000000E+00  0.000000000000000E+00 0
 355    7080.00    7100.00  0.000000000000000E+00  0.000000000000000E+00 0
 356    7100.00    7120.00  0.000000000000000E+00  0.000000000000000E+00 0
 357    7120.00    7140.00  0.000000000000000E+00  0.000000000000000E+00 0
 358    7140.00    7160.00  0.000000000000000E+00  0.000000000000000E+00 0
 359    7160.00    7180.00  0.000000000000000E+00  0.000000000000000E+00 0
 360    7180.00    7200.00  0.000000000000000E+00  0.000000000000000E+00 0
 361    7200.00    7220.00  0.000000000000000E+00  0.000000000000000E+00 0
 362    7220.00    7240.00  0.000000000000000E+00  0.000000000000000E+00 0
 363    7240.00    7260.00  0.000000000000000E+00  0.000000000000000E+00 0
 364    7260.00    7280.00  0.000000000000000E+00  0.000000000000000E+00 0
 365    7280.00    7300.00  0.000000000000000E+00  0.000000000000000E+00 0
 366    7300.00    7320.00  0.000000000000000E+00  0.000000000000000E+00 0
 367    7320.00    7340.00  0.000000000000000E+00  0.000000000000000E+00 0
 368    7340.00    7360.00  0.000000000000000E+00  0.000000000000000E+00 0
 369    7360.00    7380.00  0.000000000000000E+00  0.000000000000000E+00 0
 370    7380.00    7400.00  0.000000000000000E+00  0.000000000000000E+00 0
 371    7400.00    7420.00  0.000000000000000E+00  0.000000000000000E+00 0
 372    7420.00    7440.00  0.000000000000000E+00  0.000000000000000E+00 0
 373    7440.00    7460.00  0.000000000000000E+00  0.000000000000000E+00 0
 374    7460.00    7480.00  0.000000000000000E+00  0.000000000000000E+00 0
 375    7480.00    7500.00  0.000000000000000E+00  0.000000000000000E+00 0
 376    7500.00    7520.00  0.000000000000000E+00  0.000000000000000E+00 0
 377    7520.00    7540.00  0.000000000000000E+00  0.000000000000000E+00 0
 378    7540.00    7560.00  0.000000000000000E+00  0.000000000000000E+00 0
 379    7560.00    7580.00  0.000000000000000E+00  0.000000000000000E+00 0
 380    7580.00    7600.00  0.000000000000000E+00  0.000000000000000E+00 0
 381    7600.00    7620.00  0.000000000000000E+00  0.000000000000000E+00 0
 382    7620.00    7640.00  0.000000000000000E+00  0.000000000000000E+00 0
 383    7640.00    7660.00  0.000000000000000E+00  0.000000000000000E+00 0
 384    7660.00    7680.00  0.000000000000000E+00  0.000000000000000E+00 0
 385    7680.00    7700.00  0.000000000000000E+00  0.000000000000000E+00 0
 386    7700.00    7720.00  0.000000000000000E+00  0.000000000000000E+00 0
 387    7720.00    7740.00  0.000000000000000E+00  0.000000000000000E+00 0
 388    7740.00    7760.00  0.000000000000000E+00  0.000000000000000E+00 0
 389    7760.00    7780.00  0.000000000000000E+00  0.000000000000000E+00 0
 390    7780.00    7800.00  0.000000000000000E+00  0.000000000000000E+00 0
 391    7800.00    7820.00  0.000000000000000E+00  0.000000000000000E+00 0
 392    7820.00    7840.00  0.000000000000000E+00  0.000000000000000E+00 0
 393    7840.00    7860.00  0.000000000000000E+00  0.000000000000000E+00 0
 394    7860.00    7880.00  0.000000000000000E+00  0.000000000000000E+00 0
 395    7880.00    7900.00  0.000000000000000E+00  0.000000000000000E+00 0
 396    7900.00    7920.00  0.000000000000000E+00  0.000000000000000E+00 0
 397    7920.00    7940.00  0.000000000000000E+00  0.000000000000000E+00 0
 398    7940.00    7960.00  0.000000000000000E+00  0.000000000000000E+00 0
 399    7960.00    7980.00  0.000000000000000E+00  0.000000000000000E+00 0
 400    7980.00    8000.00  0.000000000000000E+00  0.000000000000000E+00 0
 401    8000.00    8020.00  0.000000000000000E+00  0.000000000000000E+00 0
 402    8020.00    8040.00  0.000000000000000E+00  0.000000000000000E+00 0
 403    8040.00    8060.00  0.000000000000000E+00  0.000000000000000E+00 0
 404    8060.00    8080.00  0.000000000000000E+00  0.000000000000000E+00 0
 405    8080.00    8100.00  0.000000000000000E+00  0.000000000000000E+00 0
 406    8100.00    8120.00  0.000000000000000E+00  0.000000000000000E+00 0
 407    8120.00    8140.00  0.000000000000000E+00  0.000000000000000E+00 0
 408    8140.00    8160.00  0.000000000000000E+00  0.000000000000000E+00 0
 409    8160.00    8180.00  0.000000000000000E+00  0.000000000000000E+00 0
 410    8180.00    8200.00  0.000000000000000E+00  0.000000000000000E+00 0
 411    8200.00    8220.00  0.000000000000000E+00  0.000000000000000E+00 0
 412    8220.00    8240.00  0.000000000000000E+00  0.000000000000000E+00 0
 413    8240.00    8260.00  0.000000000000000E+00  0.000000000000000E+00 0
 414    8260.00    8280.00  0.000000000000000E+00  0.000000000000000E+00 0
 415    8280.00    8300.00  0.000000000000000E+00  0.000000000000000E+00 0
 416    8300.00    8320.00  0.000000000000000E+00  0.000000000000000E+00 0
 417    8320.00    8340.00  0.000000000000000E+00  0.000000000000000E+00 0
 418    8340.00    8360.00  0.000000000000000E+00  0.000000000000000E+00 0
 419    8360.00    8380.00  0.000000000000000E+00  0.000000000000000E+00 0
 420    8380.00    8400.00  0.000000000000000E+00  0.000000000000000E+00 0
 421    8400.00    8420.00  0.000000000000000E+00  0.000000000000000E+00 0
 422    8420.00    8440.00  0.000000000000000E+00  0.000000000000000E+00 0
 423    8440.00    8460.00  0.000000000000000E+00  0.000000000000000E+00 0
 424    8460.00    8480.00  0.000000000000000E+00  0.000000000000000E+00 0
 425    8480.00    8500.00  0.000000000000000E+00  0.000000000000000E+00 0
 426    8500.00    8520.00  0.000000000000000E+00  0.000000000000000E+00 0
 427    8520.00    8540.00  0.000000000000000E+00  0.000000000000000E+00 0
 428    8540.00    8560.00  0.000000000000000E+00  0.000000000000000E+00 0
 429    8560.00    8580.00  0.000000000000000E+00  0.000000000000000E+00 0
 430    8580.00    8600.00  0.000000000000000E+00  0.000000000000000E+00 0
 431    8600.00    8620.00  0.000000000000000E+00  0.000000000000000E+00 0
 432    8620.00    8640.00  0.000000000000000E+00  0.000000000000000E+00 0
 433    8640.00    8660.00  0.000000000000000E+00  0.000000000000000E+00 0
 434    8660.00    8680.00  0.000000000000000E+00  0.000000000000000E+00 0
 435    8680.00    8700.00  0.000000000000000E+00  0.000000000000000E+00 0
 436    8700.00    8720.00  0.000000000000000E+00  0.000000000000000E+00 0
 437    8720.00    8740.00  0.000000000000000E+00  0.000000000000000E+00 0
 438    8740.00    8760.00  0.000000000000000E+00  0.000000000000000E+00 0
 439    8760.00    8780.00  0.000000000000000E+00  0.000000000000000E+00 0
 440    8780.00    8800.00  0.000000000000000E+00  0.000000000000000E+00 0
 441    8800.00    8820.00  0.000000000000000E+00  0.000000000000000E+00 0
 442    8820.00    8840.00  0.000000000000000E+00  0.000000000000000E+00 0
 443    8840.00    8860.00  0.000000000000000E+00  0.000000000000000E+00 0
 444    8860.00    8880.00  0.000000000000000E+00  0.000000000000000E+00 0
 445    8880.00    8900.00  0.000000000000000E+00  0.000000000000000E+00 0
 446    8900.00    8920.00  0.000000000000000E+00  0.000000000000000E+00 0
 447    8920.00    8940.00  0.000000000000000E+00  0.000000000000000E+00 0
 448    8940.00    8960.00  0.000000000000000E+00  0.000000000000000E+00 0
 449    8960.00    8980.00  0.000000000000000E+00  0.000000000000000E+00 0
 450    8980.00    9000.00  0.000000000000000E+00  0.000000000000000E+00 0
 451    9000.00    9020.00  0.000000000000000E+00  0.000000000000000E+00 0
 452    9020.00    9040.00  0.000000000000000E+00  0.000000000000000E+00 0
 453    9040.00    9060.00  0.000000000000000E+00  0.000000000000000E+00 0
 454    9060.00    9080.00  0.000000000000000E+00  0.000000000000000E+00 0
 455    9080.00    9100.00  0.000000000000000E+00  0.000000000000000E+00 0
 456    9100.00    9120.00  0.000000000000000E+00  0.000000000000000E+00 0
 457    9120.00    9140.00  0.000000000000000E+00  0.000000000000000E+00 0
 458    9140.00    9160.00  0.000000000000000E+00  0.000000000000000E+00 0
 459    9160.00    9180.00  0.000000000000000E+00  0.000000000000000E+00 0
 460    9180.00    9200.00  0.000000000000000E+00  0.000000000000000E+00 0
 461    9200.00    9220.00  0.000000000000000E+00  0.000000000000000E+00 0
 462    9220.00    9240.00  0.000000000000000E+00  0.000000000000000E+00 0
 463    9240.00    9260.00  0.000000000000000E+00  0.000000000000000E+00 0
 464    9260.00    9280.00  0.000000000000000E+00  0.000000000000000E+00 0
 465    9280.00    9300.00  0.000000000000000E+00  0.000000000000000E+00 0
 466    9300.00    9320.00  0.000000000000000E+00  0.000000000000000E+00 0
 467    9320.00    9340.00  0.000000000000000E+00  0.000000000000000E+00 0
 468    9340.00    9360.00  0.000000000000000E+00  0.000000000000000E+00 0
 469    9360.00    9380.00  0.000000000000000E+00  0.000000000000000E+00 0
 470    9380.00    9400.00  0.000000000000000E+00  0.000000000000000E+00 0
 471    9400.00    9420.00  0.000000000000000E+00  0.000000000000000E+00 0
 472    9420.00    9440.00  0.000000000000000E+00  0.000000000000000E+00 0
 473    9440.00    9460.00  0.000000000000000E+00  0.000000000000000E+00 0
 474    9460.00    9480.00  0.000000000000000E+00  0.000000000000000E+00 0
 475    9480.00    9500.00  0.000000000000000E+00  0.000000000000000E+00 0
 476    9500.00    9520.00  0.000000000000000E+00  0.000000000000000E+00 0
 477    9520.00    9540.00  0.000000000000000E+00  0.000000000000000E+00 0
 478    9540.00    9560.00  0.000000000000000E+00  0.000000000000000E+00 0
 479    9560.00    9580.00  0.000000000000000E+00  0.000000000000000E+00 0
 480    9580.00    9600.00  0.000000000000000E+00  0.000000000000000E+00 0
 481    9600.00    9620.00  0.000000000000000E+00  0.000000000000000E+00 0
 482    9620.00    9640.00  0.000000000000000E+00  0.000000000000000E+00 0
 483    9640.00    9660.00  0.000000000000000E+00  0.000000000000000E+00 0
 484    9660.00    9680.00  0.000000000000000E+00  0.000000000000000E+00 0
 485    9680.00    9700.00  0.000000000000000E+00  0.000000000000000E+00 0
 486    9700.00    9720.00  0.000000000000000E+00  0.000000000000000E+00 0
 487    9720.00    9740.00  0.000000000000000E+00  0.000000000000000E+00 0
 488    9740.00    9760.00  0.000000000000000E+00  0.000000000000000E+00 0
 489    9760.00    9780.00  0.000000000000000E+00  0.000000000000000E+00 0
 490    9780.00    9800.00  0.000000000000000E+00  0.000000000000000E+00 0
 491    9800.00    9820.00  0.000000000000000E+00  0.000000000000000E+00 0
 492    9820.00    9840.00  0.000000000000000E+00  0.000000000000000E+00 0
 493    9840.00    9860.00  0.000000000000000E+00  0.000000000000000E+00 0
 494    9860.00    9880.00  0.000000000000000E+00  0.000000000000000E+00 0
 495    9880.00    9900.00  0.000000000000000E+00  0.000000000000000E+00 0
 496    9900.00    9920.00  0.000000000000000E+00  0.000000000000000E+00 0
 497    9920.00    9940.00  0.000000000000000E+00  0.000000000000000E+00 0
 498    9940.00    9960.00  0.000000000000000E+00  0.000000000000000E+00 0
 499    9960.00    9980.00  0.000000000000000E+00  0.000000000000000E+00 0
 500    9980.00   10000.00  0.000000000000000E+00  0.000000000000000E+00 0
 501   10000.00   10020.00  0.000000000000000E+00  0.000000000000000E+00 0
 502   10020.00   10040.00  0.000000000000000E+00  0.000000000000000E+00 0
 503   10040.00   10060.00  0.000000000000000E+00  0.000000000000000E+00 0
 504   10060.00   10080.00  0.000000000000000E+00  0.000000000000000E+00 0
 505   10080.00   10100.00  0.000000000000000E+00  0.000000000000000E+00 0
 506   10100.00   10120.00  0.000000000000000E+00  0.000000000000000E+00 0
 507   10120.00   10140.00  0.000000000000000E+00  0.000000000000000E+00 0
 508   10140.00   10160.00  0.000000000000000E+00  0.000000000000000E+00 0
 509   10160.00   10180.00  0.000000000000000E+00  0.000000000000000E+00 0
 510   10180.00   10200.00  0.000000000000000E+00  0.000000000000000E+00 0
 511   10200.00   10220.00  0.000000000000000E+00  0.000000000000000E+00 0
 512   10220.00   10240.00  0.000000000000000E+00  0.000000000000000E+00 0
 513   10240.00   10260.00  0.000000000000000E+00  0.000000000000000E+00 0
 514   10260.00   10280.00  0.000000000000000E+00  0.000000000000000E+00 0
 515   10280.00   10300.00  0.000000000000000E+00  0.000000000000000E+00 0
 516   10300.00   10320.00  0.000000000000000E+00  0.000000000000000E+00 0
 517   10320.00   10340.00  0.000000000000000E+00  0.000000000000000E+00 0
 518   10340.00   10360.00  0.000000000000000E+00  0.000000000000000E+00 0
 519   10360.00   10380.00  0.000000000000000E+00  0.000000000000000E+00 0
 520   10380.00   10400.00  0.000000000000000E+00  0.000000000000000E+00 0
 521   10400.00   10420.00  0.000000000000000E+00  0.000000000000000E+00 0
 522   10420.00   10440.00  0.000000000000000E+00  0.000000000000000E+00 0
 523   10440.00   10460.00  0.000000000000000E+00  0.000000000000000E+00 0
 524   10460.00   10480.00  0.000000000000000E+00  0.000000000000000E+00 0
 525   10480.00   10500.00  0.000000000000000E+00  0.000000000000000E+00 0
 526   10500.00   10520.00  0.000000000000000E+00  0.000000000000000E+00 0
 527   10520.00   10540.00  0.000000000000000E+00  0.000000000000000E+00 0
 528   10540.00   10560.00  0.000000000000000E+00  0.000000000000000E+00 0
 529   10560.00   10580.00  0.000000000000000E+00  0.000000000000000E+00 0
 530   10580.00   10600.00  0.000000000000000E+00  0.000000000000000E+00 0
 531   10600.00   10620.00  0.000000000000000E+00  0.000000000000000E+00 0
 532   10620.00   10640.00  0.000000000000000E+00  0.000000000000000E+00 0
 533   10640.00   10660.00  0.000000000000000E+00  0.000000000000000E+00 0
 534   10660.00   10680.00  0.000000000000000E+00  0.000000000000000E+00 0
 535   10680.00   10700.00  0.000000000000000E+00  0.000000000000000E+00 0
 536   10700.00   10720.00  0.000000000000000E+00  0.000000000000000E+00 0
 537   10720.00   10740.00  0.000000000000000E+00  0.000000000000000E+00 0
 538   10740.00   10760.00  0.000000000000000E+00  0.000000000000000E+00 0
 539   10760.00   10780.00  0.000000000000000E+00  0.000000000000000E+00 0
 540   10780.00   10800.00  0.000000000000000E+00  0.000000000000000E+00 0
 541   10800.00   10820.00  0.000000000000000E+00  0.000000000000000E+00 0
 542   10820.00   10840.00  0.000000000000000E+00  0.000000000000000E+00 0
 543   10840.00   10860.00  0.000000000000000E+00  0.000000000000000E+00 0
 544   10860.00   10880.00  0.000000000000000E+00  0.000000000000000E+00 0
 545   10880.00   10900.00  0.000000000000000E+00  0.000000000000000E+00 0
 546   10900.00   10920.00  0.000000000000000E+00  0.000000000000000E+00 0
 547   10920.00   10940.00  0.000000000000000E+00  0.000000000000000E+00 0
 548   10940.00   10960.00  0.000000000000000E+00  0.000000000000000E+00 0
 549   10960.00   10980.00  0.000000000000000E+00  0.000000000000000E+00 0
 550   10980.00   11000.00  0.000000000000000E+00  0.000000000000000E+00 0
 551   11000.00   11020.00  0.000000000000000E+00  0.000000000000000E+00 0
 552   11020.00   11040.00  0.000000000000000E+00  0.000000000000000E+00 0
 553   11040.00   11060.00  0.000000000000000E+00  0.000000000000000E+00 0
 554   11060.00   11080.00  0.000000000000000E+00  0.000000000000000E+00 0
 555   11080.00   11100.00  0.000000000000000E+00  0.000000000000000E+00 0
 556   11100.00   11120.00  0.000000000000000E+00  0.000000000000000E+00 0
 557   11120.00   11140.00  0.000000000000000E+00  0.000000000000000E+00 0
 558   11140.00   11160.00  0.000000000000000E+00  0.000000000000000E+00 0
 559   11160.00   11180.00  0.000000000000000E+00  0.000000000000000E+00 0
 560   11180.00   11200.00  0.000000000000000E+00  0.000000000000000E+00 0
 561   11200.00   11220.00  0.000000000000000E+00  0.000000000000000E+00 0
 562   11220.00   11240.00  0.000000000000000E+00  0.000000000000000E+00 0
 563   11240.00   11260.00  0.000000000000000E+00  0.000000000000000E+00 0
 564   11260.00   11280.00  0.000000000000000E+00  0.000000000000000E+00 0
 565   11280.00   11300.00  0.000000000000000E+00  0.000000000000000E+00 0
 566   11300.00   11320.00  0.000000000000000E+00  0.000000000000000E+00 0
 567   11320.00   11340.00  0.000000000000000E+00  0.000000000000000E+00 0
 568   11340.00   11360.00  0.000000000000000E+00  0.000000000000000E+00 0
 569   11360.00   11380.00  0.000000000000000E+00  0.000000000000000E+00 0
 570   11380.00   11400.00  0.000000000000000E+00  0.000000000000000E+00 0
 571   11400.00   11420.00  0.000000000000000E+00  0.000000000000000E+00 0
 572   11420.00   11440.00  0.000000000000000E+00  0.000000000000000E+00 0
 573   11440.00   11460.00  0.000000000000000E+00  0.000000000000000E+00 0
 574   11460.00   11480.00  0.000000000000000E+00  0.000000000000000E+00 0
 575   11480.00   11500.00  0.000000000000000E+00  0.000000000000000E+00 0
 576   11500.00   11520.00  0.000000000000000E+00  0.000000000000000E+00 0
 577   11520.00   11540.00  0.000000000000000E+00  0.000000000000000E+00 0
 578   11540.00   11560.00  0.000000000000000E+00  0.000000000000000E+00 0
 579   11560.00   11580.00  0.000000000000000E+00  0.000000000000000E+00 0
 580   11580.00   11600.00  0.000000000000000E+00  0.000000000000000E+00 0
 581   11600.00   11620.00  0.000000000000000E+00  0.000000000000000E+00 0
 582   11620.00   11640.00  0.000000000000000E+00  0.000000000000000E+00 0
 583   11640.00   11660.00  0.000000000000000E+00  0.000000000000000E+00 0
 584   11660.00   11680.00  0.000000000000000E+00  0.000000000000000E+00 0
 585   11680.00   11700.00  0.000000000000000E+00  0.000000000000000E+00 0
 586   11700.00   11720.00  0.000000000000000E+00  0.000000000000000E+00 0
 587   11720.00   11740.00  0.000000000000000E+00  0.000000000000000E+00 0
 588   11740.00   11760.00  0.000000000000000E+00  0.000000000000000E+00 0
 589   11760.00   11780.00  0.000000000000000E+00  0.000000000000000E+00 0
 590   11780.00   11800.00  0.000000000000000E+00  0.000000000000000E+00 0
 591   11800.00   11820.00  0.000000000000000E+00  0.000000000000000E+00 0
 592   11820.00   11840.00  0.000000000000000E+00  0.000000000000000E+00 0
 593   11840.00   11860.00  0.000000000000000E+00  0.000000000000000E+00 0
 594   11860.00   11880.00  0.000000000000000E+00  0.000000000000000E+00 0
 595   11880.00   11900.00  0.000000000000000E+00  0.000000000000000E+00 0
 596   11900.00   11920.00  0.000000000000000E+00  0.000000000000000E+00 0
 597   11920.00   11940.00  0.000000000000000E+00  0.000000000000000E+00 0
 598   11940.00   11960.00  0.000000000000000E+00  0.000000000000000E+00 0
 599   11960.00   11980.00  0.000000000000000E+00  0.000000000000000E+00 0
 600   11980.00   12000.00  0.000000000000000E+00  0.000000000000000E+00 0
 601   12000.00   12020.00  0.000000000000000E+00  0.000000000000000E+00 0
 602   12020.00   12040.00  0.000000000000000E+00  0.000000000000000E+00 0
 603   12040.00   12060.00  0.000000000000000E+00  0.000000000000000E+00 0
 604   12060.00   12080.00  0.000000000000000E+00  0.000000000000000E+00 0
 605   12080.00   12100.00  0.000000000000000E+00  0.000000000000000E+00 0
 606   12100.00   12120.00  0.000000000000000E+00  0.000000000000000E+00 0
 607   12120.00   12140.00  0.000000000000000E+00  0.000000000000000E+00 0
 608   12140.00   12160.00  0.000000000000000E+00  0.000000000000000E+00 0
 609   12160.00   12180.00  0.000000000000000E+00  0.000000000000000E+00 0
 610   12180.00   12200.00  0.000000000000000E+00  0.000000000000000E+00 0
 611   12200.00   12220.00  0.000000000000000E+00  0.000000000000000E+00 0
 612   12220.00   12240.00  0.000000000000000E+00  0.000000000000000E+00 0
 613   12240.00   12260.00  0.000000000000000E+00  0.000000000000000E+00 0
 614   12260.00   12280.00  0.000000000000000E+00  0.000000000000000E+00 0
 615   12280.00   12300.00  0.000000000000000E+00  0.000000000000000E+00 0
 616   12300.00   12320.00  0.000000000000000E+00  0.000000000000000E+00 0
 617   12320.00   12340.00  0.000000000000000E+00  0.000000000000000E+00 0
 618   12340.00   12360.00  0.000000000000000E+00  0.000000000000000E+00 0
 619   12360.00   12380.00  0.000000000000000E+00  0.000000000000000E+00 0
 620   12380.00   12400.00  0.000000000000000E+00  0.000000000000000E+00 0
 621   12400.00   12420.00  0.000000000000000E+00  0.000000000000000E+00 0
 622   12420.00   12440.00  0.000000000000000E+00  0.000000000000000E+00 0
 623   12440.00   12460.00  0.000000000000000E+00  0.000000000000000E+00 0
 624   12460.00   12480.00  0.000000000000000E+00  0.000000000000000E+00 0
 625   12480.00   12500.00  0.000000000000000E+00  0.000000000000000E+00 0
 626   12500.00   12520.00  0.000000000000000E+00  0.000000000000000E+00 0
 627   12520.00   12540.00  0.000000000000000E+00  0.000000000000000E+00 0
 628   12540.00   12560.00  0.000000000000000E+00  0.000000000000000E+00 0
 629   12560.00   12580.00  0.000000000000000E+00  0.000000000000000E+00 0
 630   12580.00   12600.00  0.000000000000000E+00  0.000000000000000E+00 0
 631   12600.00   12620.00  0.000000000000000E+00  0.000000000000000E+00 0
 632   12620.00   12640.00  0.000000000000000E+00  0.000000000000000E+00 0
 633   12640.00   12660.00  0.000000000000000E+00  0.000000000000000E+00 0
 634   12660.00   12680.00  0.000000000000000E+00  0.000000000000000E+00 0
 635   12680.00   12700.00  0.000000000000000E+00  0.000000000000000E+00 0
 636   12700.00   12720.00  0.000000000000000E+00  0.000000000000000E+00 0
 637   12720.00   12740.00  0.000000000000000E+00  0.000000000000000E+00 0
 638   12740.00   12760.00  0.000000000000000E+00  0.000000000000000E+00 0
 639   12760.00   12780.00  0.000000000000000E+00  0.000000000000000E+00 0
 640   12780.00   12800.00  0.000000000000000E+00  0.000000000000000E+00 0
 641   12800.00   12820.00  0.000000000000000E+00  0.000000000000000E+00 0
 642   12820.00   12840.00  0.000000000000000E+00  0.000000000000000E+00 0
 643   12840.00   12860.00  0.000000000000000E+00  0.000000000000000E+00 0
 644   12860.00   12880.00  0.000000000000000E+00  0.000000000000000E+00 0
 645   12880.00   12900.00  0.000000000000000E+00  0.000000000000000E+00 0
 646   12900.00   12920.00  0.000000000000000E+00  0.000000000000000E+00 0
 647   12920.00   12940.00  0.000000000000000E+00  0.000000000000000E+00 0
 648   12940.00   12960.00  0.000000000000000E+00  0.000000000000000E+00 0
 649   12960.00   12980.00  0.000000000000000E+00  0.000000000000000E+00 0
 650   12980.00   13000.00  0.000000000000000E+00  0.000000000000000E+00 0
# Underflow:                 0.0000000000000000E+00  0.0000000000000000E+00 0
# Overflow:                  0.0000000000000000E+00  0.0000000000000000E+00 0
#-------------------------------------------------------------------------------------
# Sum:                       3.2395398091406354E-02  1.4444828894575574E-05 53479000
#=====================================================================================
