            1          id1         born      0.50000      0.50000            0    1.2891300881283232E-01    5.3718972088607427E-05    4.1670714680627413E-02        78,479,000     1,012,130,916       27h 14.699m
            2          id2         born      0.50000      0.50000            0    6.1932460494140262E-03    3.5299630691926160E-06    5.6996977691958536E-02        66,479,000     1,163,295,041        27h 2.496m
            3          id3         born      0.50000      0.50000            0    2.5638383107640836E-06    3.3464518220819474E-09    1.3052507281883258E-01        18,479,000     1,694,941,002       26h 26.708m
            4          id4         born      0.50000      0.50000            0    2.4481387257906315E-02    1.3424858376571920E-05    5.4837000187709276E-02        66,479,000     1,180,349,872        27h 6.220m
            5          id5         born      0.50000      0.50000            0    8.5599160142920475E-03    3.9442043509861956E-06    4.6077605719504283E-02        80,479,000     1,049,406,031       27h 10.151m
            6          id6         born      0.50000      0.50000            0    7.6088794423367989E-03    4.1257714700041517E-06    5.4223115259887288E-02        82,479,000     1,048,112,896       27h 11.804m
            7          id7         born      0.50000      0.50000            0    2.8266018393829590E-06    4.3694520430431805E-09    1.5458321657347476E-01        11,479,000     1,783,024,899        27h 2.182m
            8          id8         born      0.50000      0.50000            0    2.9522747954185607E-06    4.6648025657507562E-09    1.5800705859054021E-01        10,479,000     1,712,838,819       26h 40.572m
            9          id9         born      0.50000      0.50000            0    2.6121897543352132E-03    1.0384565215177582E-06    3.9754252913454184E-02        85,479,000     1,080,556,132        27h 7.570m
           10         id10         born      0.50000      0.50000            0    2.6247889354930301E-03    1.0606820590891073E-06    4.0410184786529246E-02        88,479,000     1,098,069,029        27h 6.435m
           11         id11         born      0.50000      0.50000            0    2.1308183572571462E-03    1.1418515125215181E-06    5.3587463644312876E-02        71,479,000     1,209,326,321       27h 20.306m
           12         id12         born      0.50000      0.50000            0    3.4444647655318072E-03    1.6756731686232375E-06    4.8648288854379454E-02        73,479,000     1,244,680,564       27h 10.464m
           13         id13         born      0.50000      0.50000            0    2.9397042694475177E-03    1.2465594693315875E-06    4.2404247334915206E-02        88,479,000     1,094,755,883       27h 20.883m
           14         id14         born      0.50000      0.50000            0    3.5513221902585433E-03    1.3526080632874958E-06    3.8087449992506121E-02        83,479,000     1,062,274,956        27h 4.620m
           15         id15         born      0.50000      0.50000            0    6.1940101266717935E-03    3.9633181110030967E-06    6.3986303379402018E-02        64,479,000     1,196,984,903         27h .532m
           16         id16         born      0.50000      0.50000            0    2.5608989469330446E-06    3.3352452857242517E-09    1.3023728600140863E-01        18,479,000     1,706,704,665       26h 52.198m
           17         id17         born      0.50000      0.50000            0    8.0059175494574190E-04    4.7332571406776447E-07    5.9121982101832032E-02        62,479,000     1,176,217,643        27h 1.927m
           18         id18         born      0.50000      0.50000            0    1.7127628596171567E-04    9.7833670454306566E-08    5.7120382956093944E-02        68,479,000     1,269,298,003       26h 59.006m
           19         id19         born      0.50000      0.50000            0    2.6540400779663905E-04    1.4246230971539180E-07    5.3677527667385837E-02        68,479,000     1,270,618,099        27h 6.078m
           20         id20         born      0.50000      0.50000            0    2.4476581849511164E-02    1.5932356963299810E-05    6.5092246381689950E-02        62,479,000     1,145,823,274        27h 5.084m
           21         id21         born      0.50000      0.50000            0    3.0553999169504482E-03    1.9733441832422973E-06    6.4585463012379232E-02        65,479,000     1,225,054,202       27h 13.529m
           22         id22         born      0.50000      0.50000            0    1.6911588873175991E-06    2.3241948445497445E-09    1.3743208056791303E-01        18,479,000     1,765,500,698        27h 7.703m
           23         id23         born      0.50000      0.50000            0    8.8821045856789780E-04    5.3813095013907108E-07    6.0585973172025485E-02        67,479,000     1,202,149,381       26h 59.297m
           24         id24         born      0.50000      0.50000            0    1.1176454074572355E-03    6.5487103058548243E-07    5.8593810363824161E-02        69,479,000     1,259,416,662       27h 12.053m
           25         id25         born      0.50000      0.50000            0    8.5601702583554349E-03    3.8891158778262540E-06    4.5432693047549551E-02        82,479,000     1,049,407,990       27h 10.345m
           26         id26         born      0.50000      0.50000            0    7.6117036564827675E-03    4.0220607374425368E-06    5.2840479857843799E-02        76,479,000     1,010,021,404        27h 7.395m
           27         id27         born      0.50000      0.50000            0    2.8171749962516381E-06    4.6682462520239521E-09    1.6570664790917272E-01         9,526,000     1,481,247,808       25h 15.026m
           28         id28         born      0.50000      0.50000            0    2.9496839939702701E-06    4.8900771938042494E-09    1.6578308740192244E-01        10,479,000     1,675,752,473       26h 30.345m
           29         id29         born      0.50000      0.50000            0    7.9936756068035917E-04    6.6282851054556398E-07    8.2919115454399492E-02        27,479,000       484,793,240       12h 57.459m
           30         id30         born      0.50000      0.50000            0    3.0467375502789703E-03    6.0591116143422540E-06    1.9887212187959741E-01         8,660,000       167,593,521        3h 49.309m
           31         id31         born      0.50000      0.50000            0    1.6947958365768102E-06    8.9549184630878016E-09    5.2837741690321616E-01         2,070,000       220,581,168        3h 41.137m
           32         id32         born      0.50000      0.50000            0    1.8847419696299971E-03    3.4080278260403926E-06    1.8082198417375081E-01         8,660,000       122,451,230         3h 9.767m
           33         id33         born      0.50000      0.50000            0    3.5460073062127582E-03    5.5416016724898812E-06    1.5627722094031660E-01         7,872,000       104,512,141         3h 1.363m
           34         id34         born      0.50000      0.50000            0    1.9807531219032917E-04    3.4013700668921384E-07    1.7172105040651334E-01         7,872,000       104,697,422         3h 3.833m
           35         id35         born      0.50000      0.50000            0    2.2527467192728838E-04    4.9243061624819689E-07    2.1859120336756638E-01         5,375,000        96,237,707        2h 26.249m
           36         id36         born      0.50000      0.50000            0    3.4881376814764300E-04    6.8485039587232138E-07    1.9633697359745372E-01         5,375,000        97,307,198        2h 25.342m
           37         id37         born      0.50000      0.50000            0    3.0382564496158563E-04    5.2095411587596702E-07    1.7146482678966554E-01         7,156,000        94,043,406        1h 58.960m
           38         id38         born      0.50000      0.50000            0    3.0452526244697240E-04    6.9581347943173180E-07    2.2849121739215156E-01         4,886,000        68,189,603        1h 28.014m
           39         id39         born      0.50000      0.50000            0    2.5837249097719977E-03    1.2367511614818206E-05    4.7866982928571855E-01         1,554,000        25,245,705       35m 48.387s
           40         id40         born      0.50000      0.50000            0    2.6220599030549051E-03    1.3011183587553638E-05    4.9621992130670201E-01         1,554,000        25,563,344       35m 49.648s
           41         id41         born      0.50000      0.50000            0    1.7082730736706412E-04    1.1959826092852070E-06    7.0011207676261433E-01           875,000        19,303,224       27m 48.364s
           42         id42         born      0.50000      0.50000            0    8.8093085689972624E-04    6.7757306770491326E-06    7.6915578833224973E-01           795,000        17,565,630       22m 58.688s
           43         id43         born      0.50000      0.50000            0    1.9822631227538916E-04    1.1946054062261947E-07    6.0264724320077623E-02        47,479,000       576,511,754       18h 15.146m
           44         id44         born      0.50000      0.50000            0    2.1292695260671365E-03    1.7501978810220121E-06    8.2197103729498816E-02        36,479,000       659,906,379       17h 56.163m
           45         id45         born      0.50000      0.50000            0    2.2515640306718337E-04    1.8166831990947595E-07    8.0685389104954208E-02        36,479,000       676,095,453       18h 16.795m
           46         id46         born      0.50000      0.50000            0    3.4463081824870115E-03    2.5919836210701743E-06    7.5210442125918112E-02        39,479,000       691,301,689       18h 15.091m
           47         id47         born      0.50000      0.50000            0    3.4971108394442194E-04    2.7003020164770823E-07    7.7215225380337954E-02        36,479,000       666,603,062        18h 3.144m
           48         id48         born      0.50000      0.50000            0    2.9347654684170632E-03    1.7441451502189197E-06    5.9430478141739435E-02        45,479,000       590,617,520       18h 14.789m
           49         id49         born      0.50000      0.50000            0    2.6552363607183115E-04    1.7762564231785142E-07    6.6896358058986125E-02        37,479,000       641,444,030        18h 5.566m
           50         id50         born      0.50000      0.50000            0    1.1188484249812544E-03    8.2503425276501230E-07    7.3739591024479939E-02        36,479,000       630,430,995       17h 48.605m
           51         id51         born      0.50000      0.50000            0    3.0473412473309123E-04    1.8607264812282385E-07    6.1060653540459267E-02        41,479,000       522,107,948       16h 48.307m
           52         id52         born      0.50000      0.50000            0    3.0468048863458618E-04    1.8503230785421043E-07    6.0729949818390264E-02        41,479,000       508,284,350       16h 38.201m
