            1          id1         born      0.50000      0.50000            0    1.5058498202881745E-01    1.4148848186645849E-04    9.3959224857749657E-02        22,958,000       306,486,521          averaged
            2          id2         born      0.50000      0.50000            0    7.0098098946436583E-03    1.0575068773680752E-05    1.5086099241808801E-01        19,052,000       348,175,060          averaged
            3          id3         born      0.50000      0.50000            0    2.8560593140460770E-06    7.2313780243383983E-09    2.5319425226130771E-01         6,064,000       610,418,744          averaged
            4          id4         born      0.50000      0.50000            0    2.8623255030207156E-02    3.4915987429993958E-05    1.2198468480662263E-01        19,052,000       341,028,053          averaged
            5          id5         born      0.50000      0.50000            0    9.7491929983558202E-03    1.2644910762134691E-05    1.2970212779936993E-01        22,958,000       321,775,579          averaged
            6          id6         born      0.50000      0.50000            0    8.7090116781855780E-03    1.4174050248571227E-05    1.6275153567740108E-01        22,958,000       314,507,633          averaged
            7          id7         born      0.50000      0.50000            0    3.1691110375283186E-06    1.0205347160993503E-08    3.2202554723210169E-01         3,762,000       634,975,818          averaged
            8          id8         born      0.50000      0.50000            0    3.3165692095578887E-06    1.1684013665379456E-08    3.5229217082845016E-01         3,420,000       605,079,429          averaged
            9          id9         born      0.50000      0.50000            0    2.7631549901050343E-03    2.3256853693532875E-06    8.4167749463264177E-02        24,958,000       319,383,181          averaged
           10         id10         born      0.50000      0.50000            0    2.7670186664608886E-03    2.3621184589115202E-06    8.5366914489693357E-02        24,958,000       314,917,846          averaged
           11         id11         born      0.50000      0.50000            0    2.2470225978463189E-03    2.3266119124788251E-06    1.0354198995189409E-01        21,958,000       364,797,376          averaged
           12         id12         born      0.50000      0.50000            0    3.8342970065960618E-03    3.7410746436407725E-06    9.7568723476691543E-02        21,958,000       368,748,726          averaged
           13         id13         born      0.50000      0.50000            0    3.1967521505926653E-03    2.7775545546607310E-06    8.6886765811537287E-02        25,958,000       325,426,571          averaged
           14         id14         born      0.50000      0.50000            0    3.8536275162946534E-03    3.0384990917973295E-06    7.8847763021967221E-02        23,958,000       307,640,321          averaged
           15         id15         born      0.50000      0.50000            0    7.0197336738582073E-03    1.1451441140777969E-05    1.6313213111522495E-01        19,052,000       365,737,126          averaged
           16         id16         born      0.50000      0.50000            0    2.8746712875357211E-06    7.4365832822212204E-09    2.5869334398216171E-01         6,064,000       605,477,804          averaged
           17         id17         born      0.50000      0.50000            0    8.8285966874999434E-04    1.0542078910191494E-06    1.1940831916263206E-01        19,052,000       363,269,880          averaged
           18         id18         born      0.50000      0.50000            0    1.7893185527725791E-04    2.0012761222137333E-07    1.1184571462206785E-01        20,958,000       377,845,759          averaged
           19         id19         born      0.50000      0.50000            0    2.8459695224733250E-04    3.0671499728786843E-07    1.0777170832852558E-01        20,005,000       365,974,794          averaged
           20         id20         born      0.50000      0.50000            0    2.8645786092750283E-02    3.9500770875495203E-05    1.3789382755145307E-01        19,052,000       351,694,592          averaged
           21         id21         born      0.50000      0.50000            0    3.4718885757361417E-03    5.6254604379744633E-06    1.6202882999439869E-01        19,052,000       366,990,691          averaged
           22         id22         born      0.50000      0.50000            0    1.9128939593117756E-06    5.1627210553464927E-09    2.6989060372190965E-01         5,788,000       592,410,073          averaged
           23         id23         born      0.50000      0.50000            0    9.3966375151591740E-04    1.1120333541444140E-06    1.1834375353422120E-01        20,958,000       369,048,274          averaged
           24         id24         born      0.50000      0.50000            0    1.2169514314890025E-03    1.4137311581409669E-06    1.1616989154704344E-01        20,005,000       356,708,085          averaged
           25         id25         born      0.50000      0.50000            0    9.7496788348276579E-03    1.3093790013435366E-05    1.3429970602377100E-01        22,958,000       315,590,225          averaged
           26         id26         born      0.50000      0.50000            0    8.7237488233968576E-03    1.2699000097493372E-05    1.4556815372119608E-01        22,958,000       324,794,106          averaged
           27         id27         born      0.50000      0.50000            0    3.1602457893061018E-06    1.0480052546125092E-08    3.3162143848394171E-01         3,591,000       612,607,146          averaged
           28         id28         born      0.50000      0.50000            0    3.3239075612618986E-06    1.1515550734915639E-08    3.4644617886256257E-01         3,591,000       626,316,265          averaged
           29         id29         born      0.50000      0.50000            0    8.8272747864844080E-04    9.5568543950108587E-07    1.0826506057841909E-01        19,052,000       335,186,727          averaged
           30         id30         born      0.50000      0.50000            0    3.4935963170782858E-03    5.3135452107671555E-06    1.5209385196544126E-01        19,052,000       349,814,268          averaged
           31         id31         born      0.50000      0.50000            0    1.9191124299757498E-06    5.3770907234612111E-09    2.8018633194560449E-01         5,788,000       600,702,403          averaged
           32         id32         born      0.50000      0.50000            0    2.1042303193037929E-03    2.1109968619818219E-06    1.0032156853819442E-01        22,958,000       304,272,983          averaged
           33         id33         born      0.50000      0.50000            0    3.8582935838157289E-03    3.7591323025003078E-06    9.7429918715066940E-02        17,854,000       227,628,103          averaged
           34         id34         born      0.50000      0.50000            0    2.0890488103247868E-04    2.4075709142647339E-07    1.1524723129329018E-01        17,854,000       230,081,826          averaged
           35         id35         born      0.50000      0.50000            0    2.3685000039022882E-04    2.8493424502499879E-07    1.2030155987145764E-01        16,365,000       274,390,042          averaged
           36         id36         born      0.50000      0.50000            0    3.8564634050694747E-04    4.5121117115032488E-07    1.1700128427439239E-01        15,365,000       261,417,016          averaged
           37         id37         born      0.50000      0.50000            0    3.3003388422923224E-04    3.3971382316979470E-07    1.0293301367014758E-01        19,392,000       244,080,778          averaged
           38         id38         born      0.50000      0.50000            0    3.2953237851790517E-04    3.3694790730465423E-07    1.0225031871529619E-01        18,392,000       234,852,939          averaged
           39         id39         born      0.50000      0.50000            0    2.7593135852095902E-03    2.8589739041683121E-06    1.0361177937487492E-01        17,854,000       228,023,390          averaged
           40         id40         born      0.50000      0.50000            0    2.7724931935593873E-03    2.9661106923621325E-06    1.0698351574865995E-01        18,392,000       241,050,449          averaged
           41         id41         born      0.50000      0.50000            0    1.7887770146029811E-04    2.1969047744253693E-07    1.2281602214756612E-01        15,365,000       261,709,644          averaged
           42         id42         born      0.50000      0.50000            0    9.3957376129071371E-04    1.1445356621009983E-06    1.2181434915005755E-01        16,365,000       276,656,865          averaged
           43         id43         born      0.50000      0.50000            0    2.0855016923903915E-04    2.3248725029721570E-07    1.1147785261719925E-01        18,854,000       234,674,147          averaged
           44         id44         born      0.50000      0.50000            0    2.2425296404332109E-03    3.1917328584729089E-06    1.4232734323441679E-01        14,920,000       264,763,895          averaged
           45         id45         born      0.50000      0.50000            0    2.3690860521706923E-04    3.5095159645950438E-07    1.4813796912861923E-01        13,967,000       259,225,220          averaged
           46         id46         born      0.50000      0.50000            0    3.8271923580761023E-03    5.0190116418103631E-06    1.3114082523757387E-01        14,920,000       262,549,638          averaged
           47         id47         born      0.50000      0.50000            0    3.8478432531460104E-04    4.9230276703621300E-07    1.2794252121203339E-01        15,365,000       276,956,645          averaged
           48         id48         born      0.50000      0.50000            0    3.1971992017191930E-03    3.3623336970273322E-06    1.0516497361876430E-01        18,392,000       240,495,252          averaged
           49         id49         born      0.50000      0.50000            0    2.8463169483249946E-04    3.2071162400659101E-07    1.1267600545867666E-01        15,365,000       262,072,364          averaged
           50         id50         born      0.50000      0.50000            0    1.2196778787654837E-03    1.4820665483948257E-06    1.2151294814782759E-01        15,365,000       261,811,051          averaged
           51         id51         born      0.50000      0.50000            0    3.2965415534756795E-04    3.2660067016167029E-07    9.9073730715549979E-02        19,392,000       249,357,498          averaged
           52         id52         born      0.50000      0.50000            0    3.2980573420752384E-04    3.4987017459043664E-07    1.0608371483628834E-01        18,854,000       234,308,629          averaged
